0.00 431.25 991.75 0.00 0.01 15.22 14.63 15.22
1.00 407.43 978.30 0.00 0.01 11.55 11.55 11.55
2.00 418.53 985.47 0.00 0.01 11.22 10.82 11.22
3.00 406.52 982.52 0.00 0.01 9.97 9.97 9.97
4.00 355.25 966.58 0.00 0.01 12.93 12.93 12.93
5.00 341.15 979.85 0.00 0.01 13.10 13.10 13.10
6.00 138.35 935.05 0.00 0.01 10.30 10.30 10.30
7.00 6.65 769.77 0.00 0.01 13.73 13.73 13.73
8.00 18.93 677.57 0.00 0.01 16.57 16.07 16.57
9.00 2.41 632.40 0.00 0.01 20.05 19.35 20.05
10.00 8.02 649.53 0.00 0.01 15.78 15.78 15.78
11.00 4.37 649.38 0.00 0.01 14.20 14.20 14.20
12.00 3.17 648.18 0.00 0.01 13.17 13.17 13.17
13.00 2.73 650.08 0.00 0.01 14.13 14.13 14.13
14.00 19.53 641.68 0.00 0.01 16.23 16.23 16.23
15.00 41.37 650.82 0.00 0.01 12.10 11.70 12.10
16.00 159.97 650.55 0.00 0.01 9.88 9.88 9.88
17.00 187.18 653.25 0.00 0.01 13.20 13.20 13.20
18.00 156.68 620.72 0.00 0.01 12.67 12.67 12.67
19.00 140.00 652.10 0.00 0.01 7.62 7.62 7.62
20.00 119.70 658.77 0.00 0.01 14.32 14.32 14.32
21.00 109.30 686.85 0.00 0.01 16.35 15.95 16.35
22.00 82.17 700.58 0.00 0.01 18.63 18.63 18.63
23.00 38.02 736.37 0.00 0.01 24.58 24.58 24.58
24.00 9.02 647.07 0.00 0.01 14.92 14.92 14.92
25.00 4.29 688.88 0.00 0.01 13.97 13.97 13.97
26.00 4.60 715.22 0.00 0.01 23.40 23.40 23.40
27.00 80.07 690.35 0.00 0.01 17.95 16.75 17.95
28.00 409.23 705.25 0.00 0.01 8.85 8.85 8.85
29.00 442.75 674.00 0.00 0.01 9.38 9.38 9.38
30.00 459.10 647.33 0.00 0.01 12.88 12.48 12.88
31.00 480.75 654.18 0.00 0.01 8.88 8.88 8.88
32.00 495.48 645.05 0.00 0.01 12.78 12.78 12.78
33.00 205.83 666.83 0.00 0.01 17.28 17.28 17.28
34.00 54.93 611.50 0.00 0.01 20.68 20.28 20.68
35.00 21.37 666.63 0.00 0.01 18.85 18.85 18.85
36.00 5.03 662.60 0.00 0.01 24.42 24.42 24.42
37.00 3.70 680.45 0.00 0.01 22.42 22.30 22.42
38.00 6.93 669.88 0.00 0.01 19.95 19.67 19.95
39.00 21.70 674.67 0.00 0.01 18.87 18.55 18.87
40.00 34.27 628.77 0.00 0.01 17.13 17.05 17.13
41.00 171.95 668.78 0.00 0.01 5.88 5.88 5.88
42.00 217.72 674.52 0.00 0.01 7.95 7.95 7.95
43.00 351.12 674.75 0.00 0.01 5.89 5.89 5.89
44.00 405.05 684.02 0.00 0.01 6.52 6.52 6.52
45.00 383.02 642.43 0.00 0.01 11.57 11.57 11.57
46.00 197.78 653.30 0.00 0.01 22.37 22.37 22.37
47.00 66.20 606.90 0.00 0.01 23.50 23.50 23.50
48.00 36.87 703.23 0.00 0.01 13.77 13.77 13.77
49.00 52.05 653.45 0.00 0.01 15.12 15.12 15.12
50.00 10.78 638.15 0.00 0.01 16.22 16.22 16.22
51.00 2.82 645.87 0.00 0.01 13.18 13.18 13.18
52.00 19.15 630.87 0.00 0.01 12.78 12.78 12.78
53.00 16.00 697.58 0.00 0.01 11.15 11.15 11.15
54.00 0.00 685.22 0.00 0.01 12.02 12.02 12.02
55.00 26.44 665.75 0.00 0.01 15.15 14.58 15.15
56.00 81.93 677.52 0.00 0.01 13.98 13.35 13.98
57.00 238.69 646.11 0.00 0.01 12.73 12.73 12.73
58.00 183.16 642.05 0.00 0.01 11.15 11.15 11.15
59.00 99.60 700.27 0.00 0.01 11.80 11.42 11.80
60.00 78.19 615.85 0.00 0.01 16.07 15.65 16.07
61.00 51.48 643.58 0.00 0.01 20.42 20.42 20.42
62.00 35.98 684.05 0.00 0.01 20.44 20.44 20.44
63.00 21.55 674.55 0.00 0.01 20.35 20.35 20.35
64.00 32.48 723.78 0.00 0.01 19.48 19.48 19.48
65.00 12.73 678.23 0.00 0.01 16.83 16.83 16.83
66.00 69.43 697.17 0.00 0.01 10.77 10.37 10.77
67.00 81.03 682.07 0.00 0.01 13.43 12.77 13.43
68.00 106.53 625.87 0.00 0.01 10.83 10.83 10.83
69.00 43.53 647.72 0.00 0.01 12.70 12.55 12.70
70.00 21.03 660.88 0.00 0.01 15.30 15.12 15.30
71.00 25.00 592.27 0.00 0.01 12.52 12.52 12.52
72.00 10.17 639.23 0.00 0.01 13.35 13.35 13.35
73.00 21.10 658.58 0.00 0.01 14.18 14.18 14.18
74.00 347.27 656.35 0.00 0.01 17.18 17.18 17.18
75.00 621.65 624.37 0.00 0.01 13.33 13.33 13.33
76.00 453.18 635.03 0.00 0.01 16.69 16.69 16.69
77.00 215.30 629.73 0.00 0.01 12.57 12.57 12.57
78.00 475.70 612.13 0.00 0.01 10.90 10.90 10.90
79.00 380.40 626.55 0.00 0.01 11.80 11.80 11.80
80.00 131.53 588.38 0.00 0.01 15.73 15.73 15.73
81.00 51.92 642.10 0.00 0.01 17.90 16.72 17.90
82.00 9.65 671.70 0.00 0.01 20.10 19.72 20.10
83.00 0.00 668.00 0.00 0.01 15.73 15.73 15.73
84.00 24.24 685.00 0.00 0.01 14.00 14.00 14.00
85.00 16.45 637.50 0.00 0.01 16.60 16.60 16.60
86.00 22.85 663.77 0.00 0.01 17.63 16.83 17.63
87.00 24.50 658.93 0.00 0.01 14.48 14.40 14.48
88.00 39.13 700.13 0.00 0.01 15.82 15.10 15.82
89.00 56.85 682.07 0.00 0.01 17.83 17.83 17.83
90.00 18.12 660.50 0.00 0.01 15.67 15.67 15.67
91.00 4.81 673.11 0.00 0.01 9.57 9.57 9.57
92.00 7.74 640.85 0.00 0.01 10.83 10.83 10.83
93.00 46.22 685.28 0.00 0.01 12.98 12.98 12.98
94.00 250.46 758.46 0.00 0.01 24.58 24.58 24.58
95.00 407.47 688.95 0.00 0.01 21.83 21.43 21.83
96.00 550.20 673.38 0.00 0.01 23.93 23.67 23.93
97.00 775.10 647.85 0.00 0.01 21.17 20.63 21.17
98.00 874.63 649.78 0.00 0.01 20.50 20.50 20.50
99.00 526.35 694.95 0.00 0.01 17.43 17.43 17.43
100.00 2.63 5.80 0.00 0.00 0.08 0.11 0.08
