0.00 25.57 51.72 100354.08 431.25 991.75 0.00 0.01 15.22 14.63 15.22
1.00 25.50 50.87 100091.29 407.43 978.30 0.00 0.01 11.55 11.55 11.55
2.00 25.57 50.15 100351.42 418.53 985.47 0.00 0.01 11.22 10.82 11.22
3.00 25.57 50.15 100350.85 406.52 982.52 0.00 0.01 9.97 9.97 9.97
4.00 25.63 49.22 100349.22 355.25 966.58 0.00 0.01 12.93 12.93 12.93
5.00 26.55 48.18 100347.42 341.15 979.85 0.00 0.01 13.10 13.10 13.10
6.00 25.82 46.92 100345.15 138.35 935.05 0.00 0.01 10.30 10.30 10.30
7.00 25.57 44.58 100349.47 6.65 769.77 0.00 0.01 13.73 13.73 13.73
8.00 24.63 44.42 100361.40 18.93 677.57 0.00 0.01 16.57 16.07 16.57
9.00 22.85 45.23 100372.37 2.41 632.40 0.00 0.01 20.05 19.35 20.05
10.00 22.02 46.37 100384.23 8.02 649.53 0.00 0.01 15.78 15.78 15.78
11.00 21.25 47.58 100393.77 4.37 649.38 0.00 0.01 14.20 14.20 14.20
12.00 20.25 48.58 100402.43 3.17 648.18 0.00 0.01 13.17 13.17 13.17
13.00 19.48 50.13 100410.08 2.73 650.08 0.00 0.01 14.13 14.13 14.13
14.00 19.38 50.83 100416.08 19.53 641.68 0.00 0.01 16.23 16.23 16.23
15.00 20.18 50.15 100423.52 41.37 650.82 0.00 0.01 12.10 11.70 12.10
16.00 19.83 48.17 96455.17 159.97 650.55 0.00 0.01 9.88 9.88 9.88
17.00 21.56 49.00 100093.32 187.18 653.25 0.00 0.01 13.20 13.20 13.20
18.00 21.21 48.21 98490.86 156.68 620.72 0.00 0.01 12.67 12.67 12.67
19.00 21.63 48.62 100439.48 140.00 652.10 0.00 0.01 7.62 7.62 7.62
20.00 21.63 48.18 100441.82 119.70 658.77 0.00 0.01 14.32 14.32 14.32
21.00 21.85 48.18 100443.78 109.30 686.85 0.00 0.01 16.35 15.95 16.35
22.00 22.56 48.06 100182.63 82.17 700.58 0.00 0.01 18.63 18.63 18.63
23.00 21.63 48.18 100445.53 38.02 736.37 0.00 0.01 24.58 24.58 24.58
24.00 20.67 49.15 100445.53 9.02 647.07 0.00 0.01 14.92 14.92 14.92
25.00 20.37 50.05 100445.53 4.29 688.88 0.00 0.01 13.97 13.97 13.97
26.00 19.67 50.62 100445.53 4.60 715.22 0.00 0.01 23.40 23.40 23.40
27.00 19.67 51.13 100444.57 80.07 690.35 0.00 0.01 17.95 16.75 17.95
28.00 20.03 51.13 100443.20 409.23 705.25 0.00 0.01 8.85 8.85 8.85
29.00 20.70 51.08 100442.53 442.75 674.00 0.00 0.01 9.38 9.38 9.38
30.00 21.63 50.15 100441.60 459.10 647.33 0.00 0.01 12.88 12.48 12.88
31.00 21.63 50.15 100441.60 480.75 654.18 0.00 0.01 8.88 8.88 8.88
32.00 22.30 50.15 100441.60 495.48 645.05 0.00 0.01 12.78 12.78 12.78
33.00 21.87 49.40 100442.02 205.83 666.83 0.00 0.01 17.28 17.28 17.28
34.00 20.87 49.57 100442.95 54.93 611.50 0.00 0.01 20.68 20.28 20.68
35.00 20.65 50.05 100444.05 21.37 666.63 0.00 0.01 18.85 18.85 18.85
36.00 20.65 50.15 100444.55 5.03 662.60 0.00 0.01 24.42 24.42 24.42
37.00 20.10 50.27 100444.55 3.70 680.45 0.00 0.01 22.42 22.30 22.42
38.00 19.67 51.13 100444.55 6.93 669.88 0.00 0.01 19.95 19.67 19.95
39.00 19.67 51.13 100444.55 21.70 674.67 0.00 0.01 18.87 18.55 18.87
40.00 19.73 51.13 100443.65 34.27 628.77 0.00 0.01 17.13 17.05 17.13
41.00 20.65 50.48 100443.32 171.95 668.78 0.00 0.01 5.88 5.88 5.88
42.00 20.65 50.15 100442.58 217.72 674.52 0.00 0.01 7.95 7.95 7.95
43.00 20.75 49.11 100319.88 351.12 674.75 0.00 0.01 5.89 5.89 5.89
44.00 21.56 49.00 100100.06 405.05 684.02 0.00 0.01 6.52 6.52 6.52
45.00 21.63 48.78 100439.25 383.02 642.43 0.00 0.01 11.57 11.57 11.57
46.00 21.63 48.18 100438.08 197.78 653.30 0.00 0.01 22.37 22.37 22.37
47.00 21.22 48.60 100437.23 66.20 606.90 0.00 0.01 23.50 23.50 23.50
48.00 20.65 49.17 100435.70 36.87 703.23 0.00 0.01 13.77 13.77 13.77
49.00 20.10 49.72 100435.00 52.05 653.45 0.00 0.01 15.12 15.12 15.12
50.00 19.67 50.15 100433.63 10.78 638.15 0.00 0.01 16.22 16.22 16.22
51.00 19.67 50.23 100431.30 2.82 645.87 0.00 0.01 13.18 13.18 13.18
52.00 19.67 51.13 100429.57 19.15 630.87 0.00 0.01 12.78 12.78 12.78
53.00 18.85 51.55 100428.00 16.00 697.58 0.00 0.01 11.15 11.15 11.15
54.00 18.68 52.12 100426.63 0.00 685.22 0.00 0.01 12.02 12.02 12.02
55.00 18.97 51.83 100425.28 26.44 665.75 0.00 0.01 15.15 14.58 15.15
56.00 19.67 50.73 100423.82 81.93 677.52 0.00 0.01 13.98 13.35 13.98
57.00 20.65 49.97 100422.73 238.69 646.11 0.00 0.01 12.73 12.73 12.73
58.00 20.65 49.43 100421.67 183.16 642.05 0.00 0.01 11.15 11.15 11.15
59.00 20.65 49.17 100420.57 99.60 700.27 0.00 0.01 11.80 11.42 11.80
60.00 20.48 49.47 100419.27 78.19 615.85 0.00 0.01 16.07 15.65 16.07
61.00 19.67 50.50 100418.23 51.48 643.58 0.00 0.01 20.42 20.42 20.42
62.00 19.17 51.23 100417.90 35.98 684.05 0.00 0.01 20.44 20.44 20.44
63.00 18.68 52.27 100417.02 21.55 674.55 0.00 0.01 20.35 20.35 20.35
64.00 18.45 53.33 100417.02 32.48 723.78 0.00 0.01 19.48 19.48 19.48
65.00 17.98 54.08 100417.02 12.73 678.23 0.00 0.01 16.83 16.83 16.83
66.00 18.68 53.22 100417.68 69.43 697.17 0.00 0.01 10.77 10.37 10.77
67.00 19.72 52.07 100418.18 81.03 682.07 0.00 0.01 13.43 12.77 13.43
68.00 20.65 50.17 100419.15 106.53 625.87 0.00 0.01 10.83 10.83 10.83
69.00 20.12 48.88 97866.92 43.53 647.72 0.00 0.01 12.70 12.55 12.70
70.00 20.65 49.75 100420.77 21.03 660.88 0.00 0.01 15.30 15.12 15.30
71.00 21.63 49.17 100421.93 25.00 592.27 0.00 0.01 12.52 12.52 12.52
72.00 20.87 48.97 100422.30 10.17 639.23 0.00 0.01 13.35 13.35 13.35
73.00 20.65 48.22 100423.93 21.10 658.58 0.00 0.01 14.18 14.18 14.18
74.00 20.82 48.95 100426.80 347.27 656.35 0.00 0.01 17.18 17.18 17.18
75.00 21.61 48.42 100338.95 621.65 624.37 0.00 0.01 13.33 13.33 13.33
76.00 22.51 48.11 100276.62 453.18 635.03 0.00 0.01 16.69 16.69 16.69
77.00 20.98 48.18 100433.65 215.30 629.73 0.00 0.01 12.57 12.57 12.57
78.00 21.28 48.18 100435.15 475.70 612.13 0.00 0.01 10.90 10.90 10.90
79.00 21.63 48.18 100435.70 380.40 626.55 0.00 0.01 11.80 11.80 11.80
80.00 20.70 49.12 100434.17 131.53 588.38 0.00 0.01 15.73 15.73 15.73
81.00 20.27 49.17 100432.95 51.92 642.10 0.00 0.01 17.90 16.72 17.90
82.00 19.67 49.97 100432.75 9.65 671.70 0.00 0.01 20.10 19.72 20.10
83.00 19.67 50.15 100432.75 0.00 668.00 0.00 0.01 15.73 15.73 15.73
84.00 18.79 50.95 100310.30 24.24 685.00 0.00 0.01 14.00 14.00 14.00
85.00 18.68 52.12 100431.18 16.45 637.50 0.00 0.01 16.60 16.60 16.60
86.00 18.68 52.42 100430.48 22.85 663.77 0.00 0.01 17.63 16.83 17.63
87.00 18.77 52.82 100429.52 24.50 658.93 0.00 0.01 14.48 14.40 14.48
88.00 19.67 52.12 100428.82 39.13 700.13 0.00 0.01 15.82 15.10 15.82
89.00 19.67 52.12 100428.57 56.85 682.07 0.00 0.01 17.83 17.83 17.83
90.00 18.83 52.92 100427.83 18.12 660.50 0.00 0.01 15.67 15.67 15.67
91.00 19.23 52.12 100428.38 4.81 673.11 0.00 0.01 9.57 9.57 9.57
92.00 19.67 51.35 100428.42 7.74 640.85 0.00 0.01 10.83 10.83 10.83
93.00 20.62 50.58 100428.82 46.22 685.28 0.00 0.01 12.98 12.98 12.98
94.00 21.12 50.15 100428.82 250.46 758.46 0.00 0.01 24.58 24.58 24.58
95.00 21.63 49.33 100428.82 407.47 688.95 0.00 0.01 21.83 21.43 21.83
96.00 22.17 49.17 100429.35 550.20 673.38 0.00 0.01 23.93 23.67 23.93
97.00 22.62 49.17 100429.80 775.10 647.85 0.00 0.01 21.17 20.63 21.17
98.00 22.62 48.30 100430.67 874.63 649.78 0.00 0.01 20.50 20.50 20.50
99.00 22.62 48.18 100429.75 526.35 694.95 0.00 0.01 17.43 17.43 17.43
100.00 0.17 0.37 773.06 2.63 5.80 0.00 0.00 0.08 0.11 0.08
