0.0 86.8
1.0 90.7
2.0 88.5
3.0 87.9
4.0 81.9
5.0 85.6
6.0 93.3
7.0 104.3
8.0 116.7
9.0 120.1
10.0 126.0
11.0 124.1
12.0 114.6
13.0 117.0
14.0 124.0
15.0 114.2
16.0 127.2
17.0 126.6
18.0 102.0
19.0 108.4
20.0 116.6
21.0 116.8
22.0 120.2
23.0 122.3
24.0 120.7
25.0 120.3
26.0 110.1
27.0 115.1
28.0 122.9
29.0 109.1
30.0 89.4
31.0 92.5
32.0 93.9
33.0 98.5
34.0 102.9
35.0 108.2
36.0 108.2
37.0 113.6
38.0 104.7
39.0 105.3
40.0 111.0
41.0 117.7
42.0 116.3
43.0 110.7
44.0 102.3
45.0 99.6
46.0 100.2
47.0 105.3
48.0 119.5
49.0 123.2
50.0 112.0
51.0 99.1
52.0 98.6
53.0 109.8
54.0 113.8
55.0 96.2
56.0 83.8
57.0 87.7
58.0 90.4
59.0 99.4
60.0 103.0
61.0 107.1
62.0 104.6
63.0 104.4
64.0 104.3
65.0 104.8
66.0 106.8
67.0 104.2
68.0 124.8
69.0 134.8
70.0 136.7
71.0 127.5
72.0 116.9
73.0 109.1
74.0 102.5
75.0 90.2
76.0 87.2
77.0 84.4
78.0 80.4
79.0 86.4
80.0 97.3
81.0 97.9
82.0 102.1
83.0 99.4
84.0 110.0
85.0 113.8
86.0 106.2
87.0 106.3
88.0 111.6
89.0 110.5
90.0 109.9
91.0 110.8
92.0 96.7
93.0 89.5
94.0 87.9
95.0 89.5
96.0 89.2
97.0 90.7
98.0 82.0
99.0 89.5
100.0 1.1
