38.75
41.43
17.65
18.75
16.22
11.76
8.33
16.90
30.00
24.00
8.89
28.57
18.18
8.82
8.89
9.23
10.71
33.33
10.34
10.17
10.17
35.29
37.50
40.00
11.54
11.11
11.11
10.71
8.33
11.11
12.00
40.00
10.91
30.00
31.58
11.11
11.32
33.33
10.91
9.16
10.53
8.82
10.71
35.29
35.29
10.91
9.38
10.71
8.82
8.96
10.53
9.09
8.57
9.23
9.30
10.71
8.70
27.27
11.11
35.29
11.32
11.32
9.38
9.84
8.57
10.34
10.17
10.53
8.82
10.71
10.17
8.70
37.50
10.91
35.29
35.29
35.29
27.27
10.91
18.18
10.71
10.91
35.29
37.50
18.75
10.91
16.67
11.11
11.54
35.29
35.29
33.33
18.75
10.91
9.52
37.50
40.00
37.50
35.29
35.29
9.23
