92;1
92;2
92;3
91;4
91;5
91;6
91;7
91;8
91;9
91;10
90;11
90;12
90;13
90;14
89;15
89;16
89;17
88;18
88;19
87;20
87;21
87;22
86;23
86;24
86;25
86;26
86;27
87;28
88;29
89;30
89;31
88;32
88;33
88;34
88;35
88;36
88;37
88;38
87;39
87;40
87;41
87;42
86;43
86;44
86;45
86;46
86;47
86;48
86;49
87;50
87;51
88;52
89;53
89;54
89;55
89;56
89;57
89;58
89;59
89;60
90;61
90;62
91;63
91;64
91;65
91;66
91;67
91;68
91;69
91;70
92;71
92;72
92;73
92;74
92;75
92;76
92;77
92;78
92;79
92;80
91;81
91;82
91;83
91;84
91;85
91;86
91;87
91;88
91;89
91;90
91;91
91;92
91;93
91;94
91;95
91;96
91;97
91;98
92;99
92;100
92;101
93;102
93;103
93;104
93;105
94;106
94;107
95;108
95;109
96;110
96;111
95;112
95;113
95;114
95;115
95;116
95;117
95;118
95;119
95;120
95;121
95;122
95;123
95;124
95;125
95;126
94;127
94;128
94;129
94;130
94;131
94;132
94;133
94;134
94;135
93;135
93;137
93;137
93;139
92;139
92;141
91;141
91;143
91;143
90;145
90;145
90;147
91;147
91;149
91;149
90;151
89;151
89;153
89;153
89;155
88;155
88;157
87;157
86;159
85;159
85;161
86;161
86;163
86;163
86;165
86;165
86;167
86;167
86;169
86;169
86;171
86;171
86;173
86;173
86;175
86;175
86;177
86;178
85;179
85;180
85;181
86;182
85;183
86;184
87;185
87;186
88;186
89;188
90;188
90;190
91;191
92;191
93;193
94;194
94;195
93;196
93;196
93;198
93;199
93;199
93;201
93;202
93;203
92;204
92;204
92;206
92;207
92;207
92;209
92;210
92;211
92;212
91;212
91;214
91;214
91;216
91;216
91;218
91;219
90;220
90;221
90;222
90;223
89;223
89;225
88;225
88;227
87;227
87;229
86;230
85;231
84;232
84;233
83;234
82;235
82;236
82;236
82;238
82;238
82;240
82;240
81;242
81;243
81;244
82;245
82;246
83;247
83;248
83;249
84;250
84;251
84;252
84;253
84;254
84;255
84;256
82;257
83;258
83;259
83;260
83;261
83;262
82;263
83;264
83;265
83;266
84;267
84;268
85;269
85;270
85;271
85;272
85;273
84;274
83;275
83;276
82;277
81;278
80;279
81;280
81;281
81;282
81;283
82;284
83;285
84;286
84;287
84;288
84;289
85;290
86;291
86;292
87;293
87;294
86;295
86;296
86;298
86;299
86;300
86;301
86;302
86;303
86;304
86;305
86;306
85;307
85;308
85;309
85;311
84;312
84;313
85;314
85;315
86;317
86;319
87;320
87;321
88;321
88;323
88;324
88;325
88;326
88;327
88;328
88;329
88;330
88;331
88;332
88;333
88;334
88;335
88;336
88;337
88;338
88;339
88;340
88;341
88;342
88;343
88;344
88;345
88;346
88;347
88;348
88;349
88;350
88;351
88;352
88;353
88;354
89;355
89;356
89;357
89;358
89;359
89;360
90;361
90;362
90;364
91;365
91;366
92;367
93;368
93;369
94;370
94;371
95;372
95;373
96;374
97;375
97;376
97;377
97;378
97;379
97;382
97;383
97;384
97;385
97;386
97;387
97;388
96;389
96;390
96;392
96;393
96;394
95;395
95;396
95;397
95;400
94;401
94;402
94;403
95;404
96;405
96;406
97;407
97;408
98;409
99;410
99;411
99;412
100;413
100;414
100;415
101;416
101;417
102;418
103;419
103;420
104;421
104;422
105;423
105;424
104;425
104;426
103;427
103;428
103;429
103;430
104;431
104;432
104;433
104;434
105;435
105;436
105;437
105;438
105;439
105;440
106;442
106;443
106;444
106;445
107;446
107;449
107;450
107;451
107;452
107;453
107;454
107;455
107;456
107;457
107;458
107;459
107;460
107;461
108;462
108;463
108;464
109;465
109;466
110;467
110;468
111;469
111;470
112;471
112;472
113;474
113;476
114;476
114;478
114;478
112;480
112;481
112;482
112;483
112;484
112;485
112;486
113;487
113;488
113;489
113;490
114;491
114;492
115;495
116;496
116;497
116;498
117;499
118;500
118;501
118;502
119;503
119;504
120;506
120;507
121;509
121;510
121;511
122;512
122;513
122;514
123;515
124;516
124;517
125;518
126;519
127;521
127;522
126;523
126;524
125;525
124;526
124;527
123;528
123;530
123;531
124;533
122;535
121;536
121;538
120;539
120;540
120;541
120;542
121;543
121;544
121;545
122;547
122;548
123;549
123;550
123;551
123;552
122;553
122;554
122;555
122;556
122;557
121;558
121;559
120;560
119;561
119;561
120;563
121;564
121;565
120;566
120;567
120;568
120;570
119;570
119;572
120;573
120;575
121;577
122;581
124;581
125;585
127;586
128;586
129;589
130;591
132;592
133;593
134;596
132;597
132;598
132;598
132;600
131;602
131;602
130;604
130;605
130;606
129;607
127;608
127;609
126;611
125;611
125;613
125;613
125;615
125;616
125;617
125;619
125;620
124;621
124;622
124;624
124;626
126;627
126;629
127;630
127;631
128;634
129;636
129;637
129;640
129;641
129;642
130;643
130;645
129;646
129;647
128;648
128;650
126;652
125;653
124;654
123;657
121;658
121;659
121;660
121;661
121;662
121;663
121;664
121;665
121;666
122;667
123;670
124;671
125;672
126;673
126;674
127;675
128;676
128;677
130;678
130;679
130;680
130;681
130;682
129;683
128;684
127;685
127;688
127;690
126;692
127;694
128;695
129;697
130;704
130;705
129;705
129;707
128;708
127;710
127;710
126;712
126;713
125;713
125;715
124;716
123;717
123;718
122;718
122;720
121;721
121;722
120;723
120;724
119;727
116;729
114;733
112;734
112;735
112;736
112;737
113;740
115;742
114;742
113;744
112;745
112;746
112;747
112;749
113;749
114;753
115;755
115;755
115;757
114;761
114;761
114;763
115;765
115;767
114;769
114;769
114;771
113;771
112;773
112;773
111;775
111;775
111;777
112;779
112;781
112;781
113;783
113;783
113;785
114;787
114;787
113;789
114;791
114;793
116;795
117;795
117;797
117;797
116;799
117;799
117;801
119;801
121;803
123;804
124;805
125;805
126;807
126;809
126;811
126;811
126;813
125;813
125;815
125;815
125;817
125;818
125;821
126;822
127;824
129;825
130;827
134;827
135;829
135;830
135;831
135;832
135;832
135;833
135;835
135;835
135;837
135;840
135;840
135;843
134;843
134;846
133;848
133;852
131;855
129;855
128;857
127;861
124;866
119;868
119;868
119;870
117;870
117;872
117;872
116;874
116;874
115;876
115;878
113;880
113;880
112;882
112;882
113;884
113;884
113;886
112;886
112;888
112;888
113;890
112;892
112;894
112;896
113;896
114;898
114;900
115;900
115;902
115;902
115;904
114;904
114;906
113;908
113;908
113;910
113;910
113;912
112;912
112;914
112;914
113;916
114;916
114;918
114;918
113;920
114;920
115;922
115;922
116;924
117;924
118;926
119;926
119;928
120;928
120;930
121;930
121;932
121;932
122;934
123;934
123;936
123;936
122;938
121;938
121;939
122;941
122;941
122;943
123;944
123;945
123;945
124;947
124;948
124;948
124;950
124;950
124;952
125;952
125;953
125;955
125;956
125;957
124;958
124;958
123;960
123;960
124;961
125;963
125;964
125;965
126;966
127;966
127;968
128;968
128;969
129;971
129;972
129;973
129;974
130;974
130;976
131;976
131;978
132;978
132;980
133;980
134;982
134;982
135;984
134;984
133;985
134;987
134;987
134;989
134;989
134;991
134;992
135;993
134;993
134;995
134;995
134;997
133;998
133;998
133;1000
133;1000
132;1002
132;1002
132;1004
132;1004
132;1006
132;1006
132;1008
132;1008
132;1009
132;1011
132;1011
132;1013
132;1013
132;1015
132;1015
132;1017
131;1017
131;1019
131;1019
131;1021
131;1021
131;1023
130;1023
130;1025
130;1025
130;1027
130;1027
130;1029
129;1029
129;1031
129;1031
128;1033
128;1033
127;1035
127;1035
127;1037
127;1037
127;1039
127;1039
127;1041
127;1041
127;1043
127;1043
127;1045
127;1045
127;1047
127;1047
127;1049
127;1049
127;1051
126;1051
126;1053
126;1053
126;1055
126;1055
126;1057
126;1057
126;1059
126;1059
126;1061
125;1061
125;1063
125;1065
124;1065
123;1067
123;1068
122;1069
121;1069
119;1071
118;1071
116;1072
115;1074
113;1074
111;1076
108;1076
107;1077
105;1079
104;1080
104;1081
105;1081
106;1082
106;1084
105;1084
105;1085
105;1087
105;1088
104;1089
104;1090
103;1092
103;1092
102;1093
102;1095
101;1096
100;1097
99;1097
98;1098
98;1100
97;1100
96;1102
95;1102
94;1104
94;1104
95;1106
95;1106
95;1108
95;1108
95;1109
95;1111
95;1115
94;1116
94;1117
94;1117
94;1119
94;1119
95;1121
95;1122
95;1124
96;1124
96;1126
96;1126
97;1128
97;1128
97;1130
97;1130
98;1132
98;1132
99;1134
99;1134
100;1136
100;1136
101;1138
101;1138
102;1140
103;1140
103;1142
104;1142
105;1144
105;1144
106;1146
106;1146
106;1148
107;1150
108;1150
108;1152
109;1152
110;1154
110;1156
113;1156
113;1158
114;1158
115;1160
117;1162
118;1162
119;1164
120;1164
122;1166
122;1166
124;1168
124;1168
124;1170
124;1170
124;1172
124;1172
125;1173
125;1174
125;1175
125;1176
125;1177
125;1179
124;1179
124;1181
124;1182
124;1182
125;1183
125;1184
125;1185
125;1186
124;1187
124;1189
123;1190
123;1190
123;1191
122;1192
122;1193
121;1194
121;1195
120;1197
120;1198
119;1198
119;1199
119;1201
118;1201
117;1202
117;1203
116;1205
117;1205
116;1207
116;1207
117;1209
117;1210
117;1210
117;1211
117;1212
117;1213
117;1214
117;1215
116;1216
116;1218
116;1218
116;1220
116;1220
116;1222
116;1222
116;1223
116;1224
116;1225
116;1226
116;1227
116;1229
116;1230
117;1231
117;1232
117;1233
117;1234
117;1235
117;1236
117;1237
117;1238
117;1239
117;1240
117;1242
117;1242
117;1243
117;1244
117;1245
117;1246
117;1247
116;1248
116;1249
116;1250
116;1251
116;1252
115;1253
115;1254
115;1255
115;1256
115;1257
114;1258
114;1259
114;1260
114;1261
114;1262
114;1263
115;1264
115;1266
116;1267
116;1268
116;1269
117;1270
117;1271
117;1272
117;1273
118;1274
118;1275
118;1276
119;1277
120;1278
121;1279
122;1280
123;1281
124;1282
124;1283
124;1284
124;1285
124;1286
124;1287
124;1288
124;1289
124;1290
124;1291
124;1292
124;1293
124;1294
124;1295
123;1296
123;1297
123;1298
124;1300
123;1301
123;1301
124;1303
124;1304
124;1304
123;1305
123;1306
123;1307
123;1308
123;1309
123;1310
123;1312
123;1313
122;1314
122;1314
122;1315
122;1316
122;1317
122;1318
123;1320
123;1321
123;1322
123;1322
123;1323
123;1324
123;1325
124;1326
123;1328
123;1329
123;1330
124;1330
123;1331
123;1332
123;1333
123;1334
122;1335
122;1336
122;1338
122;1338
121;1340
121;1340
120;1341
120;1342
120;1343
120;1344
120;1345
120;1346
120;1348
120;1349
121;1349
121;1351
121;1351
121;1353
121;1354
121;1354
121;1355
122;1356
122;1357
122;1358
123;1359
123;1360
123;1362
124;1362
124;1364
124;1364
124;1365
124;1366
124;1367
124;1368
124;1369
124;1370
124;1371
124;1372
124;1373
124;1374
124;1375
124;1376
124;1377
124;1378
124;1379
124;1380
124;1381
124;1382
124;1383
124;1384
125;1385
125;1386
125;1387
125;1388
125;1389
124;1390
124;1391
124;1392
125;1393
125;1394
125;1395
125;1396
125;1397
125;1398
125;1399
125;1400
125;1401
125;1402
125;1403
124;1404
124;1405
124;1406
125;1407
125;1408
125;1409
125;1410
125;1411
125;1412
125;1413
125;1414
125;1415
125;1416
125;1417
125;1418
125;1419
125;1420
125;1421
125;1422
125;1424
125;1425
125;1425
125;1427
125;1427
125;1428
125;1429
125;1430
125;1431
125;1432
125;1434
125;1434
125;1435
124;1436
124;1438
124;1439
124;1439
124;1440
124;1441
124;1442
124;1443
123;1444
123;1446
123;1447
123;1447
122;1448
122;1449
122;1450
122;1451
121;1452
121;1454
121;1455
120;1455
120;1456
119;1457
119;1458
119;1460
119;1460
119;1462
120;1463
121;1464
121;1465
121;1466
122;1467
121;1468
121;1470
121;1471
121;1471
121;1473
120;1473
121;1475
122;1475
123;1476
123;1477
124;1478
124;1479
124;1480
124;1481
124;1482
124;1484
123;1486
123;1486
124;1488
124;1488
124;1490
125;1490
125;1491
125;1492
126;1493
126;1494
125;1495
125;1496
125;1497
126;1498
126;1499
125;1500
124;1501
124;1502
123;1503
122;1504
122;1505
122;1506
122;1507
123;1508
123;1509
123;1510
123;1511
123;1512
123;1513
123;1514
123;1515
123;1516
123;1517
123;1518
123;1519
122;1520
122;1521
121;1522
121;1524
120;1525
119;1526
119;1527
118;1528
117;1529
117;1530
116;1531
116;1532
115;1533
114;1534
114;1535
114;1536
115;1537
115;1538
116;1539
116;1540
117;1541
118;1542
118;1543
117;1544
117;1545
116;1546
116;1547
116;1548
116;1549
115;1550
115;1552
115;1552
114;1553
113;1554
112;1555
112;1556
111;1557
110;1558
110;1559
109;1560
109;1561
109;1562
109;1564
109;1564
110;1565
110;1566
111;1567
111;1568
112;1569
112;1570
112;1572
113;1572
112;1573
111;1574
110;1575
110;1576
109;1577
109;1578
109;1580
110;1580
110;1581
110;1582
110;1583
110;1584
109;1585
109;1586
109;1587
109;1588
109;1589
109;1590
109;1591
109;1592
109;1593
110;1594
110;1595
110;1596
110;1597
110;1598
110;1600
110;1600
110;1601
109;1602
108;1603
109;1604
109;1605
111;1606
112;1607
113;1608
114;1609
114;1610
114;1611
114;1612
115;1613
115;1614
116;1615
117;1616
117;1617
117;1618
118;1619
119;1620
119;1621
119;1622
119;1623
119;1624
119;1625
120;1626
121;1627
121;1628
121;1629
120;1630
120;1631
120;1632
121;1633
121;1634
120;1635
120;1636
120;1637
119;1638
119;1639
121;1640
122;1641
122;1642
122;1643
122;1644
122;1645
122;1646
122;1647
122;1648
122;1649
123;1650
123;1651
123;1652
123;1653
124;1654
124;1655
124;1656
124;1657
124;1658
124;1659
124;1660
124;1661
124;1662
124;1663
124;1664
124;1665
124;1666
125;1667
125;1668
125;1669
126;1670
126;1672
126;1672
126;1674
126;1674
126;1675
126;1676
126;1677
126;1678
126;1680
126;1680
127;1682
127;1682
127;1684
126;1686
125;1688
125;1688
125;1690
125;1690
125;1692
125;1693
125;1694
125;1695
125;1696
125;1697
125;1700
125;1700
125;1701
125;1702
125;1703
125;1704
125;1706
125;1706
124;1707
124;1708
124;1709
124;1711
123;1712
123;1713
123;1714
123;1715
123;1716
123;1717
122;1718
122;1719
122;1720
121;1721
121;1722
120;1724
120;1724
119;1725
120;1726
120;1727
120;1728
120;1730
120;1730
120;1731
120;1732
120;1733
120;1734
120;1735
119;1736
119;1737
119;1738
118;1739
118;1740
118;1741
117;1742
117;1743
116;1744
115;1745
114;1746
113;1747
111;1748
110;1749
109;1750
108;1751
106;1752
105;1753
104;1754
103;1755
102;1756
101;1757
100;1758
98;1759
96;1760
95;1761
93;1762
91;1763
90;1764
88;1765
87;1766
85;1767
85;1768
86;1769
87;1770
88;1771
89;1772
89;1773
89;1774
89;1775
90;1776
90;1777
91;1778
91;1779
91;1782
91;1782
92;1782
92;1783
92;1784
92;1785
92;1786
92;1787
92;1788
92;1789
92;1790
91;1791
91;1792
91;1793
91;1794
91;1795
91;1796
91;1797
91;1798
91;1799
92;1800
91;1801
91;1802
91;1803
91;1804
91;1805
91;1806
91;1807
91;1808
91;1809
91;1810
91;1811
91;1812
91;1814
91;1814
91;1815
91;1816
91;1817
91;1818
91;1819
91;1820
91;1821
91;1822
91;1824
91;1824
91;1825
91;1826
91;1827
91;1828
91;1829
91;1830
91;1832
91;1832
91;1833
91;1834
91;1835
91;1836
91;1837
90;1838
90;1839
90;1840
90;1841
90;1842
90;1844
90;1844
90;1845
91;1846
91;1847
92;1848
92;1849
93;1850
93;1851
94;1852
94;1853
95;1854
96;1855
96;1856
97;1857
97;1858
97;1859
97;1860
97;1861
97;1862
97;1863
97;1864
96;1865
96;1866
96;1867
96;1868
96;1869
96;1870
96;1871
96;1872
96;1873
96;1874
96;1875
96;1876
96;1877
96;1878
96;1879
96;1880
96;1881
96;1882
96;1883
96;1884
96;1885
96;1886
96;1887
96;1888
96;1889
96;1890
96;1891
96;1892
96;1893
96;1894
95;1895
95;1896
95;1897
95;1898
95;1899
95;1900
95;1901
95;1902
95;1903
94;1904
94;1905
94;1906
94;1907
94;1908
94;1909
94;1910
94;1911
95;1912
95;1913
95;1914
95;1915
96;1916
96;1918
96;1918
96;1919
96;1920
96;1921
96;1922
96;1923
96;1924
95;1925
95;1926
95;1927
95;1928
95;1930
96;1930
96;1931
96;1932
96;1933
96;1934
96;1935
97;1936
97;1937
96;1938
96;1939
96;1940
96;1942
96;1942
96;1943
96;1944
96;1945
96;1946
97;1947
97;1948
97;1949
98;1950
98;1951
98;1952
99;1953
99;1954
100;1955
101;1956
102;1957
102;1958
102;1959
102;1960
101;1961
101;1962
101;1963
102;1964
102;1966
102;1966
102;1967
102;1968
102;1969
102;1970
101;1971
101;1972
101;1973
101;1974
101;1975
101;1976
101;1977
101;1979
101;1980
101;1981
101;1982
100;1983
100;1984
100;1985
100;1986
100;1987
100;1988
100;1989
100;1990
100;1991
99;1992
99;1993
99;1994
99;1995
99;1996
100;1997
99;1998
99;1999
99;2000
99;2001
99;2002
99;2003
100;2004
101;2005
101;2006
101;2007
102;2008
102;2009
103;2010
103;2011
103;2012
104;2013
104;2014
104;2015
105;2016
105;2017
106;2018
106;2019
106;2020
107;2021
107;2022
106;2023
105;2024
104;2025
103;2026
103;2027
103;2028
104;2029
104;2030
103;2031
103;2032
103;2033
102;2034
102;2035
101;2036
101;2038
101;2038
100;2039
100;2040
101;2042
102;2042
103;2043
103;2044
104;2045
105;2046
105;2048
106;2048
106;2049
106;2050
107;2051
107;2052
107;2053
107;2054
107;2056
108;2057
108;2058
108;2059
108;2060
108;2061
108;2062
108;2064
108;2064
108;2065
108;2066
109;2067
108;2068
108;2069
107;2070
107;2071
107;2072
107;2073
106;2074
106;2075
106;2076
106;2077
106;2078
107;2079
107;2080
108;2081
108;2082
108;2083
109;2084
109;2085
109;2086
109;2088
109;2088
109;2089
109;2090
110;2091
111;2092
111;2093
112;2094
112;2095
112;2096
113;2097
113;2098
113;2099
114;2100
114;2101
114;2102
115;2103
114;2104
113;2105
113;2106
113;2107
113;2108
114;2109
113;2110
112;2111
111;2112
109;2113
109;2114
109;2115
109;2116
110;2117
112;2118
112;2119
111;2120
110;2121
110;2122
110;2123
110;2125
109;2126
110;2127
110;2128
111;2129
110;2130
109;2131
109;2132
108;2133
108;2134
108;2135
108;2136
109;2137
108;2138
108;2139
108;2140
109;2141
109;2142
109;2143
109;2144
108;2145
108;2146
108;2147
108;2148
109;2149
109;2150
110;2151
111;2152
111;2153
112;2154
112;2155
113;2156
112;2157
111;2158
111;2159
111;2160
111;2161
111;2162
111;2163
111;2164
111;2165
111;2166
111;2167
112;2168
112;2169
113;2170
112;2171
112;2172
111;2173
111;2174
110;2175
110;2176
110;2177
110;2178
110;2179
110;2180
110;2181
110;2182
111;2183
111;2184
112;2185
113;2186
114;2187
115;2188
115;2189
115;2190
114;2191
114;2192
114;2194
114;2194
114;2195
114;2196
115;2197
115;2198
116;2200
118;2201
118;2202
119;2203
119;2204
118;2205
118;2206
117;2207
117;2208
117;2209
117;2210
118;2211
118;2212
119;2213
119;2214
119;2215
119;2216
120;2217
120;2218
119;2219
119;2220
118;2221
118;2222
118;2223
117;2224
116;2225
115;2226
114;2227
113;2228
113;2229
113;2230
113;2231
113;2232
113;2233
113;2234
112;2235
112;2236
112;2237
112;2239
113;2240
113;2241
113;2242
113;2243
112;2244
112;2245
111;2246
110;2247
110;2248
109;2249
109;2251
110;2252
110;2253
111;2254
111;2255
112;2256
113;2257
114;2258
114;2259
114;2260
114;2261
114;2262
114;2263
114;2264
113;2265
113;2266
113;2267
112;2268
112;2269
111;2270
109;2271
108;2272
106;2273
106;2274
105;2275
105;2276
104;2277
103;2278
102;2279
102;2280
102;2281
101;2282
100;2283
100;2284
100;2285
100;2286
100;2287
100;2288
100;2290
100;2291
100;2292
100;2293
100;2294
100;2295
100;2297
102;2298
101;2299
100;2300
101;2302
103;2303
103;2304
103;2305
104;2306
104;2307
104;2308
105;2309
106;2310
106;2311
108;2312
108;2313
108;2314
106;2315
105;2316
105;2317
104;2318
104;2319
104;2320
104;2321
105;2322
105;2323
105;2324
105;2325
104;2326
103;2327
104;2328
105;2329
106;2330
106;2331
107;2332
107;2333
108;2334
108;2335
108;2336
108;2337
109;2338
110;2339
110;2340
110;2341
111;2342
112;2343
112;2344
111;2345
110;2346
110;2347
109;2348
108;2349
108;2350
108;2351
109;2352
109;2353
109;2354
109;2355
109;2356
109;2357
109;2358
109;2359
109;2360
109;2361
110;2362
111;2367
111;2370
111;2371
111;2372
111;2373
111;2374
110;2375
110;2376
109;2377
109;2378
109;2379
109;2380
109;2381
109;2382
109;2383
109;2384
108;2385
107;2386
107;2387
107;2388
108;2389
109;2390
108;2391
108;2392
108;2393
109;2394
110;2395
111;2396
112;2397
114;2398
115;2399
117;2400
117;2401
117;2402
117;2403
117;2404
117;2405
117;2406
117;2407
118;2408
118;2409
118;2410
118;2411
119;2412
119;2413
119;2414
119;2415
120;2416
120;2417
120;2418
120;2419
120;2420
121;2421
120;2422
120;2423
120;2424
120;2426
119;2427
120;2428
120;2429
120;2430
120;2431
120;2432
120;2433
120;2434
120;2435
120;2436
120;2437
120;2438
120;2439
120;2440
120;2441
120;2442
121;2443
121;2444
121;2445
121;2446
121;2447
121;2448
120;2449
120;2450
120;2451
120;2452
120;2453
120;2454
120;2455
120;2456
119;2457
119;2458
119;2459
119;2460
119;2461
119;2462
119;2463
119;2464
119;2465
119;2466
119;2467
119;2468
119;2469
119;2470
119;2471
119;2473
119;2474
119;2475
119;2476
119;2477
119;2478
119;2479
119;2480
119;2481
118;2482
118;2483
118;2484
118;2485
118;2486
119;2487
119;2488
119;2490
118;2491
118;2492
118;2493
118;2494
118;2495
119;2496
119;2497
119;2498
119;2499
119;2500
119;2501
119;2502
119;2503
119;2504
119;2505
119;2506
119;2507
119;2508
119;2509
119;2510
119;2511
118;2512
118;2513
118;2514
118;2515
118;2516
118;2517
118;2518
118;2519
118;2520
118;2521
118;2522
118;2523
118;2524
118;2525
118;2526
118;2527
118;2528
118;2529
118;2530
117;2532
117;2533
117;2534
117;2535
117;2536
117;2537
117;2538
117;2539
117;2540
117;2542
117;2543
118;2544
118;2545
118;2546
118;2547
118;2548
118;2549
118;2550
118;2551
118;2552
118;2553
117;2554
117;2555
117;2556
116;2557
115;2558
115;2559
115;2560
114;2561
114;2562
113;2563
113;2564
112;2565
112;2566
111;2567
110;2568
109;2569
108;2570
109;2571
109;2572
109;2573
109;2574
109;2575
109;2576
110;2577
109;2578
109;2579
109;2580
109;2581
109;2582
109;2583
109;2584
109;2585
109;2586
109;2587
109;2588
109;2589
109;2590
109;2591
109;2592
109;2593
109;2594
110;2595
110;2596
110;2597
110;2598
110;2599
110;2600
110;2601
110;2602
110;2603
110;2604
109;2605
109;2606
109;2607
109;2608
109;2609
109;2610
109;2611
109;2612
109;2613
109;2614
108;2615
108;2616
108;2617
108;2618
107;2619
107;2620
107;2621
106;2622
106;2623
105;2624
105;2625
105;2626
104;2627
103;2628
103;2629
102;2630
101;2631
100;2632
100;2633
99;2634
99;2635
99;2636
99;2638
98;2638
98;2639
98;2640
97;2641
98;2642
98;2643
99;2644
99;2645
100;2646
100;2647
100;2648
100;2649
101;2650
101;2651
101;2652
101;2653
101;2654
101;2655
101;2656
101;2657
101;2658
101;2661
101;2662
101;2663
101;2664
101;2665
102;2666
102;2667
102;2668
102;2669
101;2670
101;2671
101;2672
101;2673
101;2674
101;2675
101;2676
101;2677
101;2678
101;2679
101;2680
101;2681
101;2682
101;2683
101;2684
101;2685
101;2686
101;2687
101;2688
101;2689
101;2690
101;2691
101;2692
101;2693
101;2694
101;2695
101;2696
101;2698
101;2699
101;2700
101;2701
101;2702
102;2703
102;2704
102;2705
102;2706
102;2707
102;2708
102;2709
102;2710
102;2711
102;2712
102;2713
102;2714
102;2715
102;2716
102;2717
102;2718
102;2719
102;2720
102;2721
102;2722
101;2723
101;2724
101;2725
102;2726
102;2727
102;2728
102;2729
102;2730
102;2731
102;2732
102;2733
102;2734
102;2735
102;2736
102;2738
101;2739
102;2740
102;2741
102;2742
102;2743
102;2744
102;2746
102;2747
102;2748
102;2749
102;2750
102;2751
102;2752
102;2753
102;2754
102;2755
102;2756
102;2757
102;2758
102;2760
102;2761
102;2762
102;2763
102;2764
102;2765
102;2766
102;2767
102;2768
102;2769
102;2770
102;2771
102;2772
102;2773
102;2774
102;2775
102;2776
102;2777
103;2778
103;2779
103;2780
103;2781
103;2782
103;2783
103;2784
103;2785
103;2786
103;2787
103;2788
103;2789
103;2790
103;2791
103;2792
103;2793
103;2794
103;2795
103;2796
103;2797
103;2798
103;2799
104;2800
104;2801
104;2803
104;2804
105;2805
105;2806
106;2807
106;2808
106;2809
107;2810
107;2812
108;2813
109;2814
109;2815
110;2816
112;2817
113;2818
114;2819
116;2820
116;2821
115;2822
115;2823
115;2824
115;2825
115;2826
114;2827
114;2828
114;2829
114;2830
114;2831
113;2832
113;2833
113;2834
113;2835
113;2836
113;2837
114;2838
114;2839
114;2840
114;2841
114;2842
113;2843
114;2844
114;2845
114;2846
114;2847
115;2848
115;2849
116;2850
117;2851
117;2852
118;2853
118;2854
119;2855
118;2856
119;2857
119;2858
119;2859
120;2860
120;2861
121;2862
121;2863
121;2864
121;2865
122;2866
123;2869
126;2870
127;2871
127;2872
128;2874
130;2875
130;2876
129;2877
129;2878
129;2879
128;2880
128;2881
128;2882
128;2883
128;2885
128;2886
128;2887
129;2890
131;2891
131;2892
131;2893
130;2894
130;2895
130;2896
129;2898
129;2899
129;2900
129;2901
129;2903
128;2904
128;2905
128;2908
127;2909
126;2910
126;2911
126;2912
126;2913
126;2915
125;2920
123;2921
122;2922
122;2923
123;2924
124;2925
124;2926
125;2927
125;2928
126;2929
126;2930
127;2932
127;2932
126;2933
126;2935
125;2937
125;2937
124;2939
124;2940
123;2941
123;2942
122;2943
122;2944
121;2946
120;2947
119;2948
118;2949
118;2950
117;2951
116;2952
115;2953
115;2956
112;2958
113;2959
114;2960
114;2961
114;2962
114;2963
114;2964
115;2965
115;2966
115;2967
115;2968
116;2969
116;2970
116;2972
117;2974
118;2976
118;2976
119;2978
119;2979
119;2980
120;2981
120;2982
120;2984
118;2988
116;2988
115;2990
114;2991
113;2992
112;2993
111;2994
110;2995
109;2996
109;2997
109;2998
109;3000
109;3000
109;3002
109;3003
109;3004
108;3005
108;3006
107;3008
106;3008
106;3009
105;3011
104;3012
103;3013
103;3014
103;3015
103;3016
103;3017
103;3018
102;3019
101;3020
98;3021
98;3022
98;3023
98;3024
99;3025
99;3026
99;3027
100;3028
101;3029
101;3030
102;3031
103;3032
103;3033
104;3034
105;3035
105;3036
106;3037
105;3038
105;3039
105;3040
105;3041
104;3042
103;3044
103;3045
102;3046
102;3047
102;3048
102;3049
102;3050
102;3051
103;3052
102;3053
102;3054
101;3055
101;3056
100;3057
98;3058
97;3059
96;3060
96;3061
96;3062
95;3063
94;3064
94;3065
94;3066
94;3067
94;3068
95;3069
96;3070
97;3071
97;3072
98;3073
99;3074
99;3075
99;3076
99;3077
100;3078
100;3079
99;3080
100;3082
100;3083
100;3084
101;3085
101;3086
101;3088
100;3090
101;3090
101;3091
101;3092
100;3093
100;3094
101;3095
101;3096
101;3098
100;3098
100;3099
99;3100
99;3101
99;3102
98;3103
99;3104
98;3105
98;3106
97;3107
97;3108
98;3109
98;3110
98;3111
98;3112
98;3113
98;3114
99;3115
99;3116
100;3117
101;3118
102;3119
104;3120
105;3122
106;3122
107;3123
107;3125
106;3127
107;3128
107;3129
108;3130
109;3131
110;3132
110;3133
111;3134
111;3135
111;3136
112;3137
113;3138
113;3139
114;3140
114;3141
115;3142
115;3143
116;3144
116;3145
116;3146
115;3147
115;3148
114;3150
113;3151
113;3152
113;3153
113;3154
113;3155
112;3156
111;3157
111;3158
110;3159
110;3160
110;3161
110;3162
111;3163
111;3164
110;3165
109;3166
109;3167
110;3168
111;3169
111;3171
111;3172
110;3173
109;3174
109;3176
109;3177
110;3178
110;3179
110;3180
111;3181
111;3182
112;3183
112;3184
113;3185
114;3186
114;3187
114;3188
114;3189
115;3190
115;3191
115;3192
116;3193
116;3194
117;3195
118;3196
118;3197
118;3198
118;3199
118;3200
118;3201
118;3202
118;3203
118;3204
118;3205
117;3206
117;3207
117;3208
117;3209
117;3210
116;3211
116;3212
116;3213
116;3214
115;3215
115;3216
115;3217
115;3218
115;3219
115;3220
115;3221
115;3222
115;3223
115;3224
115;3225
115;3226
115;3227
115;3228
115;3229
115;3230
115;3231
115;3232
115;3233
115;3234
115;3235
115;3236
115;3237
115;3238
115;3239
115;3240
115;3241
115;3242
115;3243
115;3244
115;3245
115;3246
115;3247
115;3248
114;3249
114;3250
114;3251
114;3252
114;3253
113;3254
113;3255
113;3256
113;3257
113;3258
112;3259
112;3260
111;3261
111;3262
110;3263
109;3264
108;3265
107;3266
106;3267
104;3268
103;3269
102;3270
100;3271
99;3272
97;3273
95;3274
94;3275
94;3276
94;3277
93;3278
93;3279
92;3280
92;3281
91;3282
91;3283
91;3284
90;3285
90;3286
89;3287
89;3288
88;3289
88;3290
87;3291
87;3292
86;3293
86;3294
85;3295
85;3296
84;3297
85;3298
84;3299
83;3300
82;3302
82;3303
82;3304
82;3305
83;3306
84;3307
84;3308
84;3309
84;3310
84;3311
84;3312
84;3313
84;3314
83;3315
83;3316
83;3317
84;3318
85;3319
85;3320
85;3321
85;3322
85;3323
85;3324
85;3325
85;3326
85;3327
85;3328
85;3329
85;3330
85;3331
85;3332
85;3333
85;3334
85;3335
85;3336
85;3337
85;3338
85;3339
85;3340
85;3341
85;3342
86;3343
85;3344
85;3345
85;3346
85;3347
85;3348
86;3349
86;3350
86;3351
86;3352
87;3353
87;3354
87;3355
87;3356
87;3357
87;3358
87;3359
87;3360
87;3361
87;3362
87;3363
87;3364
88;3365
88;3366
87;3367
87;3368
88;3369
87;3370
87;3371
87;3372
87;3373
88;3374
88;3375
87;3376
87;3377
87;3378
87;3379
87;3380
87;3381
88;3382
88;3383
88;3384
88;3385
88;3386
88;3387
88;3388
89;3389
89;3390
89;3392
90;3393
90;3394
90;3395
90;3396
90;3397
90;3398
90;3399
90;3400
90;3402
90;3403
90;3404
89;3405
90;3406
90;3407
90;3408
90;3409
90;3410
90;3411
90;3414
91;3415
91;3418
92;3419
92;3420
92;3421
92;3422
92;3423
91;3424
91;3425
91;3426
91;3427
91;3428
91;3429
91;3430
91;3431
91;3433
91;3434
91;3435
91;3436
91;3437
91;3438
91;3439
91;3440
91;3441
91;3442
91;3443
91;3445
91;3446
91;3447
91;3449
91;3450
90;3451
90;3452
90;3453
90;3454
89;3455
89;3456
89;3457
89;3458
90;3460
91;3462
92;3463
93;3464
93;3465
94;3466
94;3467
94;3468
94;3469
94;3470
95;3471
95;3472
95;3473
95;3474
95;3475
95;3476
95;3477
95;3478
95;3479
95;3480
95;3481
95;3483
95;3484
95;3485
96;3486
96;3487
96;3488
96;3489
97;3490
97;3491
97;3492
97;3493
97;3494
98;3495
98;3496
98;3497
99;3498
99;3499
99;3500
99;3501
99;3502
99;3503
99;3504
99;3505
99;3506
100;3507
100;3508
100;3509
101;3510
101;3512
102;3513
103;3514
103;3515
104;3516
104;3517
104;3518
104;3519
104;3520
105;3521
105;3522
105;3523
105;3524
105;3525
105;3526
105;3527
104;3528
105;3529
105;3530
105;3531
105;3532
104;3533
104;3534
104;3535
104;3536
104;3537
104;3538
104;3539
104;3540
104;3541
104;3542
104;3543
104;3544
104;3545
103;3546
103;3547
103;3548
103;3549
103;3550
104;3551
104;3557
105;3557
106;3558
106;3559
106;3560
107;3561
107;3562
108;3563
108;3564
107;3565
107;3566
107;3567
107;3568
106;3569
106;3570
107;3572
107;3573
107;3574
107;3575
108;3576
108;3577
108;3578
107;3579
107;3580
107;3582
106;3582
106;3583
105;3584
104;3586
103;3587
103;3588
103;3589
103;3590
103;3591
103;3592
102;3593
102;3594
101;3595
101;3596
101;3597
101;3598
102;3599
102;3600
102;3601
103;3602
103;3603
104;3604
104;3605
105;3606
105;3607
106;3608
106;3609
107;3610
107;3611
107;3612
108;3613
109;3614
109;3615
109;3616
109;3617
108;3618
109;3619
109;3620
109;3621
110;3622
110;3623
109;3624
109;3625
109;3626
109;3627
109;3628
109;3629
109;3630
109;3631
110;3632
110;3633
111;3634
111;3635
111;3636
110;3637
110;3638
109;3639
109;3640
109;3641
109;3642
109;3643
109;3644
109;3645
109;3646
110;3647
111;3648
111;3649
112;3650
113;3651
113;3652
113;3653
113;3654
111;3655
111;3656
111;3657
110;3658
110;3659
109;3660
108;3661
107;3663
108;3664
108;3665
109;3666
109;3667
110;3668
110;3669
110;3670
110;3671
109;3672
109;3673
108;3675
108;3676
108;3677
108;3678
107;3679
106;3680
106;3681
106;3682
105;3683
105;3684
105;3685
104;3686
104;3687
103;3688
103;3689
103;3690
104;3691
104;3692
103;3693
103;3694
103;3695
104;3696
105;3697
106;3698
107;3699
107;3700
107;3701
107;3702
106;3703
106;3704
106;3705
106;3706
106;3707
106;3708
106;3709
105;3710
105;3711
106;3713
106;3714
106;3715
106;3716
106;3717
106;3718
106;3719
106;3720
106;3721
106;3722
106;3723
106;3724
105;3725
105;3726
106;3727
106;3728
107;3729
107;3730
107;3731
106;3732
105;3733
105;3734
105;3735
104;3736
104;3737
104;3738
104;3739
105;3740
105;3741
105;3742
105;3743
105;3744
106;3745
106;3746
106;3747
106;3748
107;3749
107;3750
107;3751
107;3752
108;3753
108;3754
109;3755
109;3756
109;3757
109;3758
108;3759
108;3760
108;3761
108;3762
108;3763
108;3764
108;3765
108;3766
108;3767
107;3768
106;3769
106;3771
105;3772
104;3773
104;3774
104;3775
103;3776
104;3777
104;3778
104;3779
105;3780
105;3781
105;3782
105;3783
105;3784
105;3785
105;3786
106;3787
106;3788
107;3789
107;3790
108;3791
107;3792
107;3793
106;3794
106;3795
106;3796
106;3797
106;3798
106;3799
106;3800
106;3801
106;3802
107;3803
108;3804
108;3805
107;3806
107;3807
106;3808
106;3809
105;3810
105;3811
105;3812
105;3813
104;3814
104;3815
104;3816
104;3817
104;3818
103;3819
104;3820
106;3821
107;3822
108;3823
108;3824
108;3825
108;3826
108;3827
108;3828
108;3829
108;3830
107;3831
107;3832
107;3833
107;3834
107;3835
107;3836
107;3837
107;3838
107;3839
107;3840
107;3841
107;3842
107;3843
107;3844
107;3845
107;3846
107;3847
107;3848
106;3849
106;3850
106;3851
106;3852
107;3853
107;3854
108;3855
108;3856
108;3857
108;3858
109;3859
109;3860
109;3861
109;3862
109;3863
108;3864
108;3865
108;3866
108;3867
108;3868
108;3869
108;3870
108;3871
108;3872
108;3873
108;3874
108;3875
108;3876
108;3877
108;3878
107;3879
107;3880
107;3881
106;3882
106;3883
106;3884
105;3885
104;3886
104;3887
103;3888
103;3889
103;3890
102;3891
102;3892
102;3895
102;3897
102;3898
102;3899
102;3900
103;3901
103;3902
104;3903
104;3904
104;3905
104;3906
105;3907
105;3908
105;3909
106;3910
106;3911
107;3912
107;3913
107;3914
108;3915
108;3916
109;3917
108;3918
108;3919
107;3920
107;3921
107;3922
108;3923
108;3924
108;3925
108;3926
108;3927
109;3928
109;3929
110;3930
111;3931
112;3932
113;3933
113;3934
115;3935
116;3936
116;3937
115;3938
115;3939
114;3941
114;3942
113;3943
112;3944
112;3945
112;3946
113;3947
112;3948
112;3949
111;3950
109;3951
108;3952
108;3953
107;3954
107;3955
107;3956
107;3957
107;3958
106;3959
105;3960
105;3961
104;3962
102;3963
101;3964
101;3965
100;3966
100;3967
100;3968
101;3969
101;3970
101;3971
101;3972
101;3973
101;3974
100;3975
100;3976
100;3977
100;3978
100;3979
101;3980
101;3981
102;3982
102;3983
102;3984
102;3985
103;3986
103;3987
104;3988
104;3989
105;3990
105;3991
106;3992
107;3993
108;3994
109;3995
110;3996
111;3997
112;3998
113;3999
113;4000
113;4001
113;4002
113;4003
113;4004
113;4005
113;4006
113;4007
113;4008
113;4009
113;4010
114;4011
114;4012
114;4013
114;4014
114;4015
115;4016
115;4017
115;4018
116;4019
116;4020
117;4021
117;4022
117;4023
117;4024
117;4025
117;4026
117;4027
117;4028
118;4029
118;4030
119;4031
119;4032
120;4033
121;4034
122;4035
123;4036
124;4037
125;4038
127;4039
129;4040
130;4041
131;4042
132;4043
132;4044
132;4045
132;4046
132;4047
132;4048
132;4049
133;4050
133;4051
133;4052
134;4053
134;4054
135;4055
135;4056
135;4057
135;4058
134;4059
134;4060
134;4061
134;4062
134;4063
134;4064
134;4065
134;4066
135;4067
135;4068
136;4070
136;4071
137;4072
137;4073
137;4074
137;4075
137;4076
137;4077
136;4078
136;4079
136;4080
136;4081
136;4082
136;4083
136;4084
136;4085
136;4086
137;4087
137;4089
137;4090
137;4091
137;4092
137;4093
137;4094
137;4095
138;4096
138;4097
138;4098
138;4099
138;4100
138;4101
138;4102
137;4103
137;4104
137;4105
137;4106
137;4107
137;4108
137;4109
137;4110
137;4111
137;4112
137;4113
138;4114
138;4115
138;4116
138;4117
137;4118
137;4119
137;4120
137;4121
137;4122
137;4123
137;4124
137;4125
138;4126
138;4127
138;4128
138;4129
137;4130
137;4131
137;4132
138;4135
138;4136
138;4138
138;4139
138;4140
138;4141
137;4142
137;4143
137;4144
137;4145
137;4146
137;4147
136;4148
136;4149
136;4150
137;4151
137;4152
138;4153
138;4154
138;4155
138;4156
139;4157
139;4158
139;4159
139;4160
139;4162
139;4163
139;4165
139;4166
139;4167
139;4168
139;4169
139;4170
139;4171
139;4172
140;4173
140;4174
140;4175
140;4176
140;4177
140;4178
140;4179
140;4180
141;4181
141;4182
142;4183
142;4184
142;4185
143;4186
143;4187
142;4188
142;4189
142;4190
142;4191
141;4192
141;4193
141;4194
141;4195
141;4196
140;4197
140;4198
140;4199
140;4200
140;4201
139;4202
139;4203
139;4204
138;4205
138;4206
137;4207
136;4208
135;4209
134;4210
133;4211
132;4212
131;4213
129;4214
127;4215
125;4216
123;4217
121;4218
120;4219
120;4221
121;4222
122;4223
122;4224
122;4225
122;4226
123;4227
123;4228
123;4229
124;4230
124;4231
124;4232
125;4233
125;4234
125;4235
126;4236
126;4237
126;4238
126;4239
126;4240
126;4241
126;4242
126;4243
126;4244
126;4245
126;4246
126;4247
126;4248
126;4249
126;4250
126;4251
126;4252
127;4253
127;4254
127;4255
127;4256
126;4257
126;4258
126;4259
126;4260
126;4261
126;4262
126;4263
125;4264
125;4265
125;4266
125;4267
125;4268
124;4269
124;4270
124;4271
124;4272
123;4273
123;4274
123;4275
122;4276
122;4277
121;4278
121;4279
120;4280
119;4281
119;4282
119;4283
118;4284
117;4285
117;4286
116;4287
116;4288
115;4289
114;4290
113;4291
111;4292
110;4293
109;4294
108;4295
109;4296
109;4297
109;4298
109;4299
109;4300
109;4301
109;4302
109;4303
110;4304
111;4305
111;4306
112;4307
112;4308
112;4309
113;4310
113;4311
113;4312
113;4313
113;4314
114;4315
114;4316
114;4317
114;4318
113;4319
112;4320
112;4321
112;4322
112;4323
112;4324
113;4325
112;4326
112;4327
112;4328
112;4329
112;4330
113;4331
112;4332
111;4333
110;4334
110;4335
109;4336
109;4337
108;4338
108;4339
109;4340
109;4341
109;4342
110;4343
110;4344
110;4345
110;4346
111;4347
111;4348
110;4349
110;4350
110;4351
110;4352
110;4353
110;4354
110;4355
110;4356
110;4357
110;4358
110;4359
110;4360
110;4361
110;4362
110;4363
110;4364
110;4365
110;4366
110;4367
110;4368
110;4369
110;4370
110;4371
110;4372
110;4373
110;4374
110;4375
110;4376
110;4377
110;4378
110;4379
110;4380
110;4381
110;4382
110;4383
110;4384
110;4385
110;4386
109;4387
109;4388
109;4389
109;4390
109;4391
109;4392
108;4393
108;4394
107;4395
107;4396
106;4397
106;4398
105;4399
104;4400
103;4401
102;4402
101;4403
99;4404
98;4405
97;4406
96;4407
96;4408
95;4409
96;4410
97;4411
97;4412
98;4413
98;4414
99;4415
99;4416
99;4417
99;4418
99;4419
99;4420
98;4421
98;4422
98;4423
98;4424
98;4425
98;4426
98;4427
98;4428
98;4429
98;4430
98;4431
98;4432
98;4434
97;4435
97;4436
97;4437
97;4438
96;4439
96;4440
95;4441
95;4442
95;4443
94;4444
94;4445
94;4446
93;4447
93;4448
92;4449
91;4450
91;4451
90;4452
90;4453
90;4454
89;4455
89;4456
89;4457
89;4458
89;4459
89;4460
89;4461
89;4462
89;4463
88;4464
88;4465
88;4466
88;4467
88;4468
87;4469
87;4470
87;4471
88;4472
89;4473
90;4474
90;4475
90;4476
89;4477
89;4478
89;4479
89;4480
89;4481
89;4482
89;4483
88;4484
88;4485
88;4486
87;4487
87;4488
87;4489
87;4490
88;4491
88;4492
89;4493
89;4494
89;4495
89;4496
89;4497
89;4498
89;4499
89;4500
89;4501
89;4502
89;4503
89;4504
89;4505
89;4506
88;4507
88;4508
88;4509
88;4510
88;4511
88;4512
88;4513
88;4514
88;4515
89;4516
89;4517
89;4518
89;4519
89;4520
89;4521
89;4522
89;4523
89;4524
89;4525
89;4526
89;4527
89;4528
89;4529
89;4530
89;4531
89;4532
89;4533
89;4534
89;4535
89;4536
89;4537
89;4538
89;4539
89;4540
89;4541
89;4542
89;4543
89;4544
89;4545
89;4546
89;4547
89;4548
89;4549
89;4550
89;4551
89;4552
89;4553
89;4554
89;4555
89;4556
89;4557
89;4558
89;4559
89;4560
89;4561
89;4562
89;4563
89;4564
88;4565
88;4566
88;4567
88;4568
88;4569
88;4570
87;4571
87;4572
87;4573
87;4574
87;4575
87;4576
86;4577
86;4578
86;4579
86;4580
86;4581
85;4582
85;4583
84;4584
84;4585
83;4586
83;4587
82;4588
82;4589
82;4590
82;4591
82;4592
82;4594
82;4595
81;4596
81;4597
81;4598
80;4599
80;4600
80;4601
80;4602
80;4603
80;4604
80;4605
79;4606
79;4607
79;4608
79;4609
79;4610
80;4611
80;4612
80;4613
80;4614
80;4615
80;4616
80;4617
80;4618
80;4619
80;4620
80;4621
80;4622
80;4623
80;4624
80;4625
81;4626
82;4627
82;4628
82;4629
82;4630
82;4631
82;4632
82;4633
82;4634
82;4635
83;4636
83;4637
83;4638
83;4639
83;4640
83;4641
83;4642
83;4643
83;4644
83;4645
83;4646
83;4647
83;4648
83;4649
83;4650
83;4651
83;4652
83;4653
83;4654
83;4655
84;4656
84;4657
84;4658
84;4659
84;4660
85;4661
85;4662
85;4663
85;4664
86;4665
86;4666
86;4667
87;4668
87;4669
87;4670
87;4671
87;4672
87;4673
87;4674
87;4675
87;4676
87;4677
87;4678
87;4679
87;4680
87;4681
87;4682
87;4683
87;4684
87;4685
87;4686
87;4687
87;4688
87;4689
87;4690
87;4691
87;4692
87;4693
87;4694
87;4695
87;4696
87;4697
87;4698
87;4699
87;4700
87;4701
87;4702
88;4703
88;4704
88;4705
89;4706
90;4707
90;4708
90;4709
90;4710
90;4711
90;4712
91;4721
93;4722
93;4723
93;4724
93;4725
93;4726
93;4727
93;4728
93;4729
94;4730
95;4731
96;4732
96;4733
96;4734
96;4735
96;4736
96;4737
96;4738
96;4739
96;4740
96;4741
96;4742
96;4743
96;4744
96;4745
96;4746
97;4747
97;4748
97;4749
98;4750
98;4751
98;4752
98;4753
99;4754
99;4755
100;4756
100;4757
101;4758
102;4759
103;4760
104;4761
104;4762
105;4763
105;4764
104;4765
104;4766
104;4767
104;4768
104;4769
104;4770
104;4771
105;4772
105;4773
104;4774
104;4775
104;4776
103;4777
103;4778
102;4779
101;4780
100;4781
100;4782
99;4783
98;4784
98;4785
97;4786
97;4787
97;4788
97;4789
97;4790
98;4791
97;4792
97;4793
96;4794
96;4795
96;4796
96;4797
96;4798
96;4799
97;4800
97;4801
97;4802
98;4803
98;4804
99;4805
99;4806
99;4807
100;4808
100;4809
101;4810
101;4811
101;4812
101;4813
101;4814
101;4815
102;4816
102;4817
102;4818
102;4819
103;4820
104;4821
103;4822
103;4823
103;4824
102;4825
102;4826
101;4827
101;4828
101;4829
101;4830
101;4831
102;4832
101;4833
101;4834
101;4835
100;4836
100;4837
100;4838
100;4839
100;4840
100;4841
100;4842
100;4843
99;4844
99;4845
99;4846
99;4847
99;4848
99;4849
98;4850
98;4851
100;4852
101;4853
102;4854
104;4855
104;4856
105;4857
107;4858
107;4859
108;4860
109;4861
109;4862
109;4863
109;4864
109;4865
109;4866
108;4867
108;4869
108;4870
106;4871
106;4872
106;4873
105;4874
104;4875
105;4876
105;4877
104;4878
103;4879
103;4880
102;4881
102;4882
102;4883
103;4884
103;4885
104;4886
105;4887
106;4888
106;4889
105;4890
105;4891
104;4892
104;4893
103;4894
103;4895
103;4896
103;4897
102;4898
103;4899
103;4900
104;4901
104;4902
104;4903
104;4904
104;4905
105;4906
105;4907
105;4908
104;4909
103;4911
101;4912
101;4913
101;4914
101;4915
101;4916
101;4917
101;4918
101;4919
101;4920
102;4921
101;4922
101;4923
101;4924
101;4925
101;4926
101;4927
101;4928
101;4929
101;4930
100;4931
98;4932
98;4933
97;4934
98;4935
98;4936
98;4937
99;4938
99;4939
99;4940
99;4941
99;4942
98;4943
98;4944
98;4945
99;4946
100;4947
100;4948
100;4949
100;4950
101;4951
101;4952
102;4953
102;4954
103;4955
104;4956
105;4957
107;4958
107;4959
107;4960
106;4960
105;4962
105;4962
105;4964
106;4964
106;4966
107;4967
108;4968
108;4969
109;4970
109;4971
109;4971
109;4973
110;4973
110;4975
111;4975
112;4977
111;4977
111;4979
110;4981
109;4981
109;4983
109;4983
110;4985
111;4985
111;4987
112;4987
113;4989
114;4989
115;4991
116;4991
117;4993
118;4993
118;4995
118;4995
117;4997
117;4997
117;4999
116;5001
117;5001
117;5003
117;5003
117;5005
117;5005
116;5007
116;5007
115;5009
113;5009
113;5011
112;5011
112;5013
112;5013
112;5015
112;5015
112;5017
112;5017
112;5019
112;5019
112;5021
111;5021
112;5023
113;5025
114;5025
114;5027
114;5027
113;5029
113;5029
114;5031
115;5031
114;5033
114;5034
114;5035
115;5036
115;5037
116;5038
116;5038
116;5040
116;5040
116;5042
116;5043
116;5044
115;5045
114;5045
114;5047
114;5048
115;5049
115;5050
115;5050
115;5052
116;5053
116;5053
116;5055
117;5056
118;5057
120;5058
121;5058
121;5060
121;5061
120;5062
120;5063
120;5064
119;5065
118;5065
118;5067
118;5067
118;5069
118;5069
118;5071
118;5072
117;5073
117;5075
115;5076
114;5077
114;5078
113;5079
113;5080
112;5081
112;5082
112;5083
112;5084
112;5085
113;5086
113;5087
112;5088
112;5090
110;5092
109;5093
108;5094
107;5095
106;5096
105;5097
105;5098
106;5098
106;5100
107;5101
107;5102
108;5103
108;5104
109;5105
109;5106
110;5107
110;5108
110;5109
111;5110
110;5111
109;5112
109;5113
109;5114
108;5115
108;5116
107;5117
106;5118
106;5119
105;5120
105;5121
105;5122
104;5123
104;5124
103;5125
103;5126
103;5127
103;5128
103;5129
103;5130
102;5130
101;5132
101;5132
101;5134
103;5135
103;5136
104;5137
104;5137
104;5139
104;5139
104;5141
104;5142
105;5143
105;5144
106;5144
106;5146
105;5147
105;5147
104;5149
104;5150
103;5151
104;5152
104;5152
104;5154
104;5155
105;5155
106;5157
106;5158
107;5159
107;5160
107;5160
107;5162
107;5162
107;5164
106;5164
106;5166
106;5167
106;5168
106;5169
106;5170
107;5171
107;5171
108;5173
108;5173
108;5175
109;5175
110;5177
112;5178
113;5179
113;5180
114;5181
115;5182
115;5183
115;5184
115;5184
115;5186
116;5186
115;5188
115;5188
115;5190
115;5190
117;5192
117;5192
117;5194
118;5194
119;5196
118;5196
117;5198
117;5198
117;5200
117;5200
117;5202
118;5202
117;5204
117;5204
117;5206
118;5206
118;5208
117;5210
116;5210
116;5212
116;5212
116;5214
116;5214
116;5216
116;5216
115;5218
114;5218
113;5220
113;5220
112;5222
112;5222
112;5224
112;5224
112;5226
112;5226
112;5228
112;5228
112;5230
112;5230
112;5232
112;5232
112;5234
111;5234
111;5236
111;5236
111;5238
111;5238
110;5240
110;5240
109;5242
109;5242
107;5244
108;5244
109;5246
110;5246
110;5248
110;5248
110;5250
110;5250
110;5252
110;5252
110;5254
110;5254
110;5256
110;5256
110;5258
110;5259
111;5260
111;5261
111;5261
111;5263
110;5263
110;5265
111;5266
111;5267
111;5268
111;5268
111;5270
111;5271
111;5271
111;5273
110;5274
110;5274
110;5276
110;5276
110;5277
110;5279
110;5279
110;5281
109;5282
109;5282
110;5284
110;5284
109;5285
109;5287
109;5287
111;5289
113;5291
114;5291
114;5293
114;5294
114;5294
114;5296
115;5296
115;5298
116;5298
117;5300
117;5300
117;5302
118;5302
118;5304
118;5304
118;5305
117;5307
117;5307
117;5309
117;5309
117;5311
117;5311
117;5313
116;5313
115;5315
114;5315
113;5317
113;5317
112;5319
111;5321
109;5321
109;5323
109;5323
109;5325
109;5325
109;5327
109;5327
109;5329
109;5329
109;5331
109;5331
108;5333
107;5333
107;5335
107;5335
107;5337
107;5337
107;5339
107;5339
108;5341
109;5341
109;5343
109;5343
110;5345
111;5345
112;5347
113;5347
114;5349
115;5349
116;5351
116;5351
116;5353
114;5353
114;5355
113;5355
113;5357
113;5357
113;5359
113;5359
114;5361
114;5361
114;5363
115;5363
115;5365
114;5365
115;5367
116;5367
116;5370
116;5371
115;5372
114;5372
113;5374
112;5374
112;5376
111;5376
110;5377
110;5379
110;5379
109;5381
109;5382
108;5382
107;5384
106;5384
105;5385
105;5387
105;5387
105;5389
107;5390
108;5390
109;5392
109;5392
110;5393
110;5395
112;5395
113;5397
113;5398
113;5398
113;5400
114;5400
115;5402
115;5402
116;5404
117;5404
118;5405
118;5407
118;5407
118;5409
118;5409
118;5411
118;5411
118;5413
119;5413
119;5415
118;5415
117;5417
117;5418
116;5418
115;5420
115;5420
114;5422
112;5422
112;5424
112;5424
112;5426
111;5426
111;5428
111;5428
110;5429
110;5431
110;5431
109;5433
109;5433
108;5435
107;5435
107;5437
107;5437
106;5439
106;5439
105;5441
104;5441
103;5443
102;5443
100;5445
99;5445
99;5447
98;5447
97;5449
97;5449
96;5451
97;5451
97;5453
97;5453
97;5455
97;5455
97;5457
97;5457
97;5459
97;5460
97;5461
97;5461
96;5463
96;5463
96;5465
95;5465
95;5467
94;5467
93;5469
93;5469
93;5471
93;5471
93;5473
94;5473
94;5475
94;5475
94;5477
94;5477
95;5479
95;5479
95;5481
94;5481
94;5483
93;5483
93;5485
93;5485
92;5487
92;5487
92;5489
92;5489
92;5491
92;5491
91;5493
91;5493
91;5495
91;5495
92;5497
92;5497
92;5499
93;5499
93;5501
92;5501
92;5503
91;5503
91;5505
90;5505
90;5507
90;5507
90;5509
90;5509
90;5511
90;5512
90;5512
90;5514
90;5516
91;5516
91;5518
91;5518
92;5519
92;5521
92;5521
92;5523
93;5523
93;5525
93;5526
93;5526
93;5528
93;5528
93;5529
92;5531
92;5531
91;5533
90;5534
90;5534
90;5536
90;5536
89;5537
89;5539
89;5539
89;5541
89;5542
89;5542
89;5544
89;5544
89;5546
90;5546
90;5548
90;5548
90;5549
91;5551
91;5551
91;5553
91;5553
91;5555
91;5555
91;5557
90;5557
90;5559
90;5559
90;5561
90;5562
90;5562
90;5564
90;5564
90;5566
90;5566
90;5568
90;5568
89;5570
89;5570
89;5572
87;5572
87;5573
86;5575
86;5575
86;5577
86;5579
86;5583
87;5583
88;5585
89;5585
89;5587
89;5587
88;5589
88;5589
89;5591
90;5591
89;5593
89;5593
89;5595
89;5595
89;5597
90;5597
90;5599
91;5599
92;5601
93;5601
93;5603
93;5603
93;5605
93;5605
93;5607
92;5607
92;5609
91;5609
91;5611
92;5611
92;5613
92;5613
92;5615
92;5615
92;5617
91;5617
91;5618
91;5619
90;5620
90;5621
90;5622
91;5623
91;5624
91;5625
91;5626
91;5627
90;5628
90;5629
90;5630
90;5631
90;5632
89;5633
89;5634
89;5635
89;5636
89;5637
89;5638
89;5639
89;5640
90;5642
92;5642
92;5644
92;5644
92;5645
92;5647
92;5648
92;5649
92;5651
92;5651
92;5652
92;5654
92;5654
92;5655
92;5656
92;5657
92;5659
92;5659
91;5660
91;5662
91;5662
91;5663
91;5664
91;5665
91;5667
91;5667
91;5668
91;5670
91;5670
91;5671
91;5672
91;5673
91;5674
90;5675
90;5676
90;5677
90;5679
89;5679
89;5681
90;5681
90;5683
91;5683
91;5684
91;5685
91;5686
91;5687
91;5688
91;5690
91;5690
91;5692
91;5692
91;5694
91;5694
91;5695
91;5696
91;5697
91;5698
91;5699
90;5700
90;5701
90;5702
90;5703
90;5704
89;5705
89;5706
89;5707
89;5708
88;5709
88;5710
88;5711
89;5712
90;5713
91;5714
91;5715
92;5716
92;5717
92;5718
93;5719
94;5720
94;5721
94;5722
94;5723
94;5724
94;5725
94;5726
94;5727
94;5728
94;5729
94;5730
94;5731
93;5732
93;5733
93;5734
93;5735
93;5736
93;5737
93;5738
93;5739
93;5741
93;5741
93;5742
92;5743
93;5744
93;5745
92;5746
92;5747
92;5748
93;5749
93;5750
93;5751
93;5752
93;5753
93;5754
93;5755
93;5756
93;5757
93;5758
93;5759
93;5760
93;5761
93;5762
92;5763
92;5764
92;5765
92;5767
92;5767
92;5769
92;5769
92;5770
91;5771
91;5772
91;5774
91;5774
90;5776
90;5776
90;5777
89;5778
89;5779
89;5781
88;5781
88;5782
88;5784
87;5784
87;5785
86;5786
86;5787
85;5789
85;5789
85;5790
84;5792
84;5792
83;5793
83;5794
83;5795
83;5797
82;5797
82;5798
82;5800
82;5800
81;5802
81;5802
80;5804
80;5804
80;5805
80;5806
80;5807
80;5808
80;5809
80;5810
81;5811
81;5813
82;5813
83;5815
83;5815
83;5817
83;5817
82;5818
82;5819
82;5820
82;5821
82;5822
81;5824
81;5824
82;5826
83;5826
82;5828
83;5828
85;5829
86;5830
86;5831
86;5832
87;5833
87;5834
87;5835
87;5836
87;5837
87;5838
87;5839
87;5840
87;5841
87;5842
87;5843
87;5844
87;5845
87;5846
87;5847
87;5848
87;5849
87;5850
87;5851
87;5852
87;5854
87;5855
87;5856
87;5857
87;5858
87;5859
87;5860
88;5861
88;5862
88;5863
88;5864
88;5865
88;5866
89;5867
89;5869
90;5869
90;5870
91;5871
91;5873
92;5874
93;5875
93;5876
94;5877
94;5878
94;5879
93;5880
93;5881
93;5892
96;5892
96;5896
98;5898
99;5898
100;5899
101;5901
102;5902
103;5903
104;5904
105;5905
105;5908
108;5910
109;5912
111;5916
112;5916
112;5917
113;5918
113;5919
114;5920
116;5922
118;5924
119;5924
119;5926
119;5926
118;5927
118;5928
118;5929
117;5930
117;5931
116;5932
116;5933
116;5935
116;5935
116;5937
116;5937
116;5939
116;5939
116;5941
116;5941
117;5943
117;5944
117;5944
118;5945
119;5946
120;5947
120;5948
120;5949
119;5950
119;5951
119;5952
119;5953
120;5954
121;5955
120;5956
119;5957
118;5958