6 16 26.0 53.0 102055 465 1011 0.01 0.0 8.0 10.0 11.0 2 1 1.0 1.0 11/11/2022 9 58 16 45.4721813 9.2272881
6 17 26.0 53.0 102055 393 995 0.01 0.0 15.0 16.0 17.0 1 2 2.0 2.0 11/11/2022 9 58 28 45.4721877 9.2272685
6 18 26.0 52.0 102055 472 1021 0.01 0.0 15.0 16.0 16.0 1 2 2.0 2.0 11/11/2022 9 58 52 45.4721689 9.2272785
6 19 26.0 52.0 102054 419 994 0.01 0.0 11.0 12.0 12.0 1 2 2.0 2.0 11/11/2022 9 59 16 45.4721211 9.2273378
6 21 0 0 0 417 976 0.01 0.0 10.0 11.0 11.0 1 0 1.0 1.0 11/11/2022 10 0 0 45.4721074 9.2273592
6 21 26.0 51.0 102053 382 1022 0.01 0.0 10.0 11.0 11.0 1 2 2.0 2.0 11/11/2022 10 0 8 45.4720383 9.2273014
6 22 26.0 51.0 102052 433 974 0.01 0.0 10.0 11.0 12.0 1 2 2.0 2.0 11/11/2022 10 0 32 45.4720398 9.227208
6 23 26.0 51.0 102052 457 1021 0.01 0.0 10.0 11.0 11.0 1 1 2.0 2.0 11/11/2022 10 0 56 45.4719539 9.2272407
6 24 26.0 51.0 102052 429 1006 0.01 0.0 10.0 11.0 11.0 1 2 2.0 2.0 11/11/2022 10 1 20 45.4720053 9.2272952
6 25 26.0 51.0 102051 365 977 0.01 0.0 8.0 8.0 8.0 1 1 1.0 1.0 11/11/2022 10 1 56 45.47194 9.227347
6 26 26.0 50.0 102050 383 977 0.01 0.0 11.0 12.0 12.0 1 2 2.0 2.0 11/11/2022 10 2 20 45.4719237 9.2272717
6 27 26.0 50.0 102050 338 987 0.01 0.0 15.0 16.0 16.0 1 2 2.0 2.0 11/11/2022 10 2 44 45.471969 9.2272884
6 28 27.0 49.0 102049 364 1005 0.01 0.0 11.0 12.0 12.0 1 2 2.0 2.0 11/11/2022 10 3 8 45.4720009 9.2273844
6 29 27.0 49.0 102048 352 984 0.01 0.0 13.0 14.0 14.0 1 2 1.0 2.0 11/11/2022 10 3 32 45.4720019 9.2273869
6 30 27.0 49.0 102047 275 1029 0.01 0.0 13.0 14.0 14.0 1 1 1.0 1.0 11/11/2022 10 4 4 45.4721602 9.2270251
6 31 26.0 48.0 102046 147 1018 0.01 0.0 7.0 8.0 8.0 1 1 2.0 1.0 11/11/2022 10 4 26 45.472256 9.2270367
6 32 26.0 47.0 102045 73 876 0.01 0.0 9.0 10.0 10.0 1 2 2.0 2.0 11/11/2022 10 4 42 45.4720084 9.2270664
6 33 26.0 46.0 102047 18 839 0.01 0.0 10.0 10.0 10.0 1 2 2.0 2.0 11/11/2022 10 5 6 45.472434 9.2270846
6 34 26.0 45.0 102052 1 754 0.01 0.0 15.0 16.0 16.0 1 2 1.0 2.0 11/11/2022 10 5 30 45.4724899 9.227305
6 35 26.0 45.0 102057 22 705 0.01 0.0 15.0 16.0 16.0 1 1 1.0 1.0 11/11/2022 10 6 10 45.4725625 9.2274741
6 36 25.0 45.0 102063 0 685 0.01 0.0 15.0 16.0 16.0 2 3 3.0 3.0 11/11/2022 10 6 22 45.4727598 9.2280813
6 37 24.0 46.0 102068 0 678 0.01 0.0 16.0 18.0 21.0 1 2 2.0 2.0 11/11/2022 10 6 58 45.4728223 9.2285554
6 38 23.0 46.0 102073 2 636 0.01 0.0 22.0 23.0 23.0 1 2 2.0 2.0 11/11/2022 10 7 22 45.4727914 9.2289525
6 39 23.0 46.0 102078 3 628 0.01 0.0 16.0 17.0 17.0 2 1 2.0 1.0 11/11/2022 10 7 46 45.4727982 9.2294358
6 40 23.0 47.0 102082 8 640 0.01 0.0 15.0 16.0 16.0 1 1 1.0 1.0 11/11/2022 10 8 10 45.4726439 9.2297778
6 41 22.0 47.0 102087 9 684 0.01 0.0 15.0 16.0 16.0 1 2 2.0 2.0 11/11/2022 10 8 30 45.4723916 9.2301012
6 42 22.0 48.0 102091 8 656 0.01 0.0 15.0 16.0 16.0 1 2 2.0 2.0 11/11/2022 10 8 54 45.4726484 9.2303813
6 43 22.0 48.0 102095 5 662 0.01 0.0 15.0 16.0 16.0 1 2 2.0 2.0 11/11/2022 10 9 18 45.4727777 9.2308808
6 44 21.0 49.0 102098 2 661 0.01 0.0 11.0 12.0 12.0 1 2 2.0 2.0 11/11/2022 10 9 42 45.4729116 9.2313635
6 45 21.0 49.0 102102 2 649 0.01 0.0 11.0 13.0 13.0 1 1 1.0 1.0 11/11/2022 10 10 6 45.4728492 9.2320304
6 46 20.0 50.0 102106 6 705 0.01 0.0 13.0 14.0 14.0 1 1 1.0 1.0 11/11/2022 10 10 40 45.4728554 9.2322529
6 47 20.0 50.0 102109 4 642 0.01 0.0 13.0 14.0 14.0 1 2 2.0 2.0 11/11/2022 10 10 52 45.4726991 9.2326798
6 48 20.0 51.0 102112 2 662 0.01 0.0 13.0 14.0 14.0 1 3 3.0 3.0 11/11/2022 10 11 16 45.4727921 9.2333101
6 49 19.0 52.0 102115 4 679 0.01 0.0 15.0 16.0 16.0 1 2 2.0 2.0 11/11/2022 10 11 52 45.4726678 9.2337722
6 50 20.0 52.0 102118 31 644 0.01 0.0 15.0 15.0 15.0 1 1 1.0 1.0 11/11/2022 10 12 20 45.4727799 9.2342098
6 51 20.0 51.0 102121 20 639 0.01 0.0 18.0 19.0 19.0 1 2 1.0 2.0 11/11/2022 10 12 44 45.4727553 9.2344195
6 52 20.0 51.0 102124 14 664 0.01 0.0 8.0 8.0 9.0 1 2 2.0 2.0 11/11/2022 10 13 6 45.4728067 9.234488
6 53 21.0 51.0 102127 47 648 0.01 0.0 13.0 14.0 14.0 1 2 2.0 2.0 11/11/2022 10 13 30 45.4728067 9.2344867
6 54 21.0 51.0 102129 134 715 0.01 0.0 13.0 14.0 14.0 1 2 2.0 2.0 11/11/2022 10 13 54 45.4728067 9.2344867
6 56 0 0 0 165 639 0.01 0.0 7.0 8.0 8.0 1 0 1.0 1.0 11/11/2022 10 14 18 45.4728067 9.2344867
6 57 0 0 0 204 643 0.01 0.0 0.0 0.0 0.0 0 0 1.0 0.0 11/11/2022 10 14 50 45.4728067 9.2344867
6 57 22.0 50.0 102135 202 674 0.01 0.0 12.0 13.0 13.0 1 1 2.0 1.0 11/11/2022 10 15 10 45.4728067 9.2344867
6 58 22.0 50.0 102137 173 662 0.01 0.0 13.0 14.0 14.0 1 1 1.0 2.0 11/11/2022 10 15 36 45.4728067 9.2344867
6 59 22.0 50.0 102138 165 665 0.01 0.0 13.0 14.0 14.0 1 2 2.0 2.0 11/11/2022 10 15 54 45.4728067 9.2344867
6 61 0 0 0 157 599 0.01 0.0 13.0 14.0 14.0 1 0 2.0 1.0 11/11/2022 10 16 20 45.4728067 9.2344867
6 61 22.0 50.0 102141 152 685 0.01 0.0 3.0 3.0 3.0 1 2 2.0 2.0 11/11/2022 10 16 52 45.4728067 9.2344867
6 62 22.0 49.0 102142 142 665 0.01 0.0 11.0 12.0 12.0 1 1 2.0 1.0 11/11/2022 10 17 24 45.4728067 9.2344867
6 63 22.0 49.0 102143 128 628 0.01 0.0 10.0 11.0 11.0 1 2 2.0 2.0 11/11/2022 10 17 40 45.4728067 9.2344867
6 1 22.0 49.0 102144 119 692 0.01 0.0 13.0 14.0 14.0 1 2 1.0 2.0 11/11/2022 10 18 4 45.4728067 9.2344867
6 2 22.0 49.0 102145 126 634 0.01 0.0 16.0 17.0 17.0 1 1 2.0 1.0 11/11/2022 10 18 38 45.4728656 9.2345174
6 3 22.0 49.0 102146 112 729 0.01 0.0 16.0 17.0 17.0 1 2 2.0 2.0 11/11/2022 10 18 54 45.4730796 9.2346646
6 4 22.0 49.0 102146 111 667 0.01 0.0 13.0 14.0 15.0 1 2 2.0 2.0 11/11/2022 10 19 18 45.4733278 9.2345952
6 5 23.0 49.0 102147 110 705 0.01 0.0 18.0 19.0 19.0 1 2 2.0 2.0 11/11/2022 10 19 42 45.4735698 9.2345252
6 6 23.0 49.0 102147 82 721 0.01 0.0 18.0 19.0 19.0 1 2 1.0 2.0 11/11/2022 10 20 6 45.4740673 9.2344163
6 8 0 0 0 55 680 0.01 0.0 0.0 0.0 0.0 0 0 1.0 0.0 11/11/2022 10 20 46 45.4741618 9.2344086
6 8 22.0 49.0 102148 44 648 0.01 0.0 24.0 25.0 25.0 1 2 2.0 2.0 11/11/2022 10 20 54 45.4744874 9.2344486
6 9 22.0 49.0 102148 35 818 0.01 0.0 24.0 25.0 25.0 1 3 2.0 3.0 11/11/2022 10 21 18 45.4749301 9.2344333
6 10 21.0 50.0 102148 14 667 0.01 0.0 14.0 15.0 15.0 1 2 2.0 2.0 11/11/2022 10 21 54 45.4752628 9.2343963
6 11 21.0 50.0 102148 5 647 0.01 0.0 14.0 15.0 15.0 1 2 1.0 2.0 11/11/2022 10 22 18 45.475754 9.2344424
6 12 21.0 51.0 102148 0 664 0.01 0.0 13.0 14.0 14.0 2 1 1.0 1.0 11/11/2022 10 22 58 45.4759072 9.2344972
6 13 21.0 51.0 102148 0 722 0.01 0.0 9.0 10.0 10.0 1 2 2.0 1.0 11/11/2022 10 23 10 45.4759928 9.2349403
6 14 20.0 51.0 102148 0 715 0.01 0.0 19.0 20.0 20.0 1 2 2.0 2.0 11/11/2022 10 23 34 45.4760341 9.2353803
6 15 20.0 51.0 102148 2 750 0.01 0.0 19.0 20.0 20.0 1 2 2.0 2.0 11/11/2022 10 23 58 45.4759495 9.2357848
6 16 20.0 52.0 102148 7 711 0.01 0.0 26.0 28.0 28.0 1 1 2.0 1.0 11/11/2022 10 24 22 45.4757178 9.2359767
6 17 20.0 52.0 102148 4 647 0.01 0.0 17.0 19.0 21.0 1 1 1.0 1.0 11/11/2022 10 24 56 45.4757198 9.2359767
6 18 20.0 52.0 102147 42 721 0.01 0.0 17.0 19.0 21.0 1 2 2.0 2.0 11/11/2022 10 25 8 45.47572 9.2359767
6 19 20.0 52.0 102146 218 711 0.01 0.0 8.0 9.0 9.0 1 2 1.0 2.0 11/11/2022 10 25 32 45.47572 9.2359767
6 20 20.0 52.0 102146 395 719 0.01 0.0 9.0 9.0 9.0 1 2 2.0 2.0 11/11/2022 10 25 54 45.47572 9.2359767
6 21 21.0 52.0 102145 492 716 0.01 0.0 9.0 9.0 9.0 1 1 1.0 1.0 11/11/2022 10 26 26 45.47572 9.2359767
6 23 21.0 52.0 102145 0 0 0 0.0 9.0 10.0 10.0 1 2 0.0 2.0 11/11/2022 10 26 58 45.47572 9.2359767
6 23 21.0 52.0 102145 437 687 0.01 0.0 9.0 9.0 9.0 1 2 2.0 2.0 11/11/2022 10 27 18 45.47572 9.2359767
6 24 22.0 51.0 102144 476 646 0.01 0.0 12.0 13.0 13.0 1 2 1.0 2.0 11/11/2022 10 27 44 45.47572 9.2359767
6 25 22.0 51.0 102144 495 664 0.01 0.0 13.0 14.0 15.0 1 2 2.0 2.0 11/11/2022 10 28 8 45.47572 9.2359767
6 26 22.0 51.0 102144 405 667 0.01 0.0 9.0 10.0 10.0 1 1 2.0 1.0 11/11/2022 10 28 32 45.47572 9.2359767
6 27 22.0 51.0 102144 481 673 0.01 0.0 9.0 10.0 10.0 1 1 1.0 1.0 11/11/2022 10 28 56 45.47572 9.2359767
6 28 22.0 51.0 102144 530 664 0.01 0.0 7.0 7.0 7.0 1 2 2.0 2.0 11/11/2022 10 29 16 45.47572 9.2359767
6 29 22.0 51.0 102144 491 637 0.01 0.0 12.0 13.0 13.0 1 2 2.0 2.0 11/11/2022 10 29 40 45.4757486 9.2359704
6 30 23.0 51.0 102144 510 665 0.01 0.0 12.0 13.0 13.0 1 2 2.0 2.0 11/11/2022 10 30 4 45.4759396 9.2352983
6 32 22.0 50.0 102144 153 680 0.01 0.0 18.0 19.0 19.0 1 2 1.0 2.0 11/11/2022 10 30 58 45.4759198 9.235027
6 33 22.0 50.0 102145 86 684 0.01 0.0 18.0 19.0 19.0 1 3 3.0 3.0 11/11/2022 10 31 18 45.4760614 9.2345076
6 34 21.0 51.0 102145 55 622 0.01 0.0 21.0 23.0 24.0 1 2 2.0 2.0 11/11/2022 10 31 56 45.4763422 9.2344514
6 35 21.0 50.0 102146 39 585 0.01 0.0 18.0 19.0 19.0 2 1 2.0 1.0 11/11/2022 10 32 20 45.4766808 9.2344325
6 36 21.0 51.0 102146 33 670 0.01 0.0 17.0 18.0 18.0 1 1 1.0 1.0 11/11/2022 10 32 48 45.4769799 9.2344357
6 37 21.0 51.0 102147 11 754 0.01 0.0 17.0 18.0 18.0 1 2 1.0 2.0 11/11/2022 10 33 12 45.4772452 9.2344241
6 38 21.0 51.0 102147 4 592 0.01 0.0 24.0 25.0 25.0 1 2 1.0 1.0 11/11/2022 10 33 32 45.477493 9.2344341
6 39 21.0 51.0 102147 3 704 0.01 0.0 24.0 25.0 25.0 1 2 2.0 2.0 11/11/2022 10 33 56 45.4778881 9.2344118
6 40 21.0 51.0 102147 14 694 0.01 0.0 23.0 24.0 24.0 2 1 1.0 1.0 11/11/2022 10 34 30 45.4780274 9.2344135
6 41 21.0 51.0 102147 3 655 0.01 0.0 22.0 23.0 23.0 1 2 2.0 2.0 11/11/2022 10 34 42 45.4783011 9.2344553
6 42 20.0 51.0 102147 0 730 0.01 0.0 22.0 23.0 23.0 2 2 2.0 2.0 11/11/2022 10 35 6 45.4786878 9.2344122
6 43 20.0 52.0 102147 0 677 0.01 0.0 19.0 20.0 21.0 1 2 2.0 2.0 11/11/2022 10 35 32 45.4789735 9.2344503
6 44 20.0 52.0 102147 1 686 0.01 0.0 19.0 20.0 20.0 1 1 2.0 1.0 11/11/2022 10 35 56 45.4793093 9.2344361
6 45 20.0 52.0 102147 17 678 0.01 0.0 19.0 20.0 20.0 1 2 1.0 2.0 11/11/2022 10 36 22 45.4796572 9.2343905
6 46 20.0 52.0 102147 16 671 0.01 0.0 17.0 18.0 18.0 1 2 2.0 2.0 11/11/2022 10 36 54 45.4799268 9.2344233
6 47 20.0 52.0 102147 34 712 0.01 0.0 18.0 19.0 20.0 1 2 2.0 2.0 11/11/2022 10 37 18 45.4802451 9.234416
6 48 20.0 52.0 102146 25 629 0.01 0.0 17.0 18.0 18.0 2 2 2.0 2.0 11/11/2022 10 37 42 45.4802917 9.2344417
6 50 21.0 52.0 102146 159 679 0.01 0.0 7.0 7.0 7.0 1 2 2.0 2.0 11/11/2022 10 38 32 45.4802917 9.2344417
6 51 21.0 51.0 102146 168 688 0.01 0.0 7.0 7.0 7.0 1 2 2.0 1.0 11/11/2022 10 38 56 45.4802917 9.2344417
6 52 21.0 51.0 102145 207 669 0.01 0.0 3.0 3.0 3.0 1 2 2.0 2.0 11/11/2022 10 39 20 45.4802917 9.2344417
6 53 21.0 51.0 102145 224 689 0.01 0.0 8.0 9.0 9.0 1 2 2.0 1.0 11/11/2022 10 39 44 45.4802917 9.2344417
6 55 0 0 0 178 697 0.01 0.0 0.0 0.0 0.0 0 0 1.0 0.0 11/11/2022 10 40 34 45.4802917 9.2344417
6 55 21.0 50.0 102144 169 698 0.01 0.0 5.0 6.0 6.0 1 2 1.0 2.0 11/11/2022 10 40 38 45.4802917 9.2344417
6 56 21.0 50.0 102144 508 673 0.01 0.0 6.0 6.0 6.0 1 2 2.0 2.0 11/11/2022 10 40 58 45.4802917 9.2344417
6 57 22.0 50.0 102143 393 699 0.01 0.0 6.0 6.0 6.0 1 3 2.0 3.0 11/11/2022 10 41 26 45.4802917 9.2344417
6 59 0 0 0 453 697 0.01 0.0 0.0 0.0 0.0 0 0 1.0 0.0 11/11/2022 10 42 18 45.4802917 9.2344417
6 59 22.0 50.0 102142 522 654 0.01 0.0 13.0 14.0 14.0 1 1 1.0 2.0 11/11/2022 10 42 28 45.4802917 9.2344417
6 60 22.0 50.0 102142 406 652 0.01 0.0 11.0 12.0 12.0 1 2 1.0 2.0 11/11/2022 10 42 48 45.4802901 9.2344313
6 61 22.0 49.0 102141 283 654 0.01 0.0 9.0 10.0 10.0 1 2 2.0 2.0 11/11/2022 10 43 8 45.4804803 9.2344128
6 62 22.0 49.0 102141 227 639 0.01 0.0 22.0 23.0 23.0 1 2 2.0 1.0 11/11/2022 10 43 32 45.4806471 9.2344243
6 63 22.0 49.0 102140 184 685 0.01 0.0 21.0 23.0 23.0 1 1 2.0 1.0 11/11/2022 10 43 56 45.4809389 9.2343396
6 1 22.0 49.0 102140 124 644 0.01 0.0 21.0 22.0 22.0 1 1 1.0 1.0 11/11/2022 10 44 28 45.4809846 9.2343636
6 2 22.0 49.0 102140 85 557 0.01 0.0 23.0 25.0 25.0 1 2 2.0 2.0 11/11/2022 10 44 40 45.4812843 9.2342762
6 3 21.0 50.0 102139 28 662 0.01 0.0 23.0 24.0 24.0 1 2 2.0 2.0 11/11/2022 10 45 4 45.4816251 9.2343548
6 4 21.0 50.0 102138 20 718 0.01 0.0 13.0 14.0 14.0 1 2 2.0 2.0 11/11/2022 10 45 28 45.4818963 9.234261
6 5 21.0 50.0 102138 45 717 0.01 0.0 13.0 14.0 14.0 1 2 1.0 2.0 11/11/2022 10 45 52 45.4822686 9.2342307
6 6 21.0 50.0 102138 78 684 0.01 0.0 13.0 14.0 14.0 2 2 2.0 2.0 11/11/2022 10 46 24 45.4827016 9.2343387
6 7 20.0 51.0 102137 43 638 0.01 0.0 16.0 17.0 17.0 1 2 1.0 2.0 11/11/2022 10 46 54 45.4830047 9.2342391
6 8 20.0 51.0 102136 7 679 0.01 0.0 14.0 15.0 15.0 1 2 2.0 2.0 11/11/2022 10 47 18 45.4832633 9.23419
6 9 20.0 51.0 102136 13 636 0.01 0.0 16.0 17.0 17.0 1 2 2.0 2.0 11/11/2022 10 47 42 45.4838484 9.2343033
6 10 20.0 51.0 102135 8 656 0.01 0.0 16.0 17.0 17.0 1 1 1.0 1.0 11/11/2022 10 48 20 45.4839785 9.2344828
6 11 20.0 51.0 102134 1 659 0.01 0.0 12.0 13.0 13.0 1 2 2.0 2.0 11/11/2022 10 48 32 45.4841854 9.2348539
6 12 20.0 51.0 102133 3 650 0.01 0.0 12.0 13.0 13.0 1 2 2.0 2.0 11/11/2022 10 48 56 45.4843075 9.2352026
6 13 20.0 52.0 102132 5 680 0.01 0.0 13.0 13.0 13.0 1 2 1.0 2.0 11/11/2022 10 49 20 45.4846295 9.2355433
6 14 20.0 52.0 102132 22 576 0.01 0.0 12.0 13.0 13.0 1 1 1.0 1.0 11/11/2022 10 49 42 45.4844219 9.235962
6 15 20.0 52.0 102131 32 726 0.01 0.0 12.0 13.0 13.0 1 2 2.0 2.0 11/11/2022 10 50 10 45.4845816 9.2362359
6 16 19.0 52.0 102130 10 730 0.01 0.0 10.0 11.0 11.0 1 2 1.0 2.0 11/11/2022 10 50 34 45.4847972 9.2361216
6 17 19.0 53.0 102130 0 683 0.01 0.0 11.0 11.0 11.0 1 1 2.0 2.0 11/11/2022 10 50 58 45.4848852 9.2361617
6 18 19.0 53.0 102129 0 714 0.01 0.0 11.0 11.0 11.0 1 2 2.0 2.0 11/11/2022 10 51 34 45.484885 9.2361617
6 19 19.0 53.0 102128 0 686 0.01 0.0 13.0 14.0 14.0 1 2 2.0 2.0 11/11/2022 10 51 58 45.484885 9.2361617
6 20 19.0 53.0 102128 0 699 0.01 0.0 13.0 14.0 14.0 1 2 2.0 2.0 11/11/2022 10 52 22 45.484885 9.2361617
6 21 19.0 53.0 102127 0 644 0.01 0.0 11.0 12.0 12.0 1 1 2.0 1.0 11/11/2022 10 52 46 45.484885 9.2361617
6 22 20.0 52.0 102127 28 681 0.01 0.0 17.0 19.0 21.0 1 2 2.0 2.0 11/11/2022 10 53 4 45.484885 9.2361617
6 23 20.0 52.0 102126 64 685 0.01 0.0 10.0 11.0 11.0 1 1 1.0 1.0 11/11/2022 10 53 40 45.484885 9.2361617
6 24 20.0 51.0 102125 140 698 0.01 0.0 10.0 11.0 11.0 1 2 2.0 2.0 11/11/2022 10 53 56 45.484885 9.2361617
6 26 21.0 51.0 102125 0 0 0 0.0 11.0 11.0 11.0 1 2 0.0 2.0 11/11/2022 10 54 20 45.484885 9.2361617
6 26 21.0 51.0 102125 254 674 0.01 0.0 14.0 15.0 15.0 1 2 2.0 2.0 11/11/2022 10 54 44 45.484885 9.2361617
6 28 21.0 50.0 102124 227 644 0.01 0.0 0.0 0.0 0.0 0 1 2.0 0.0 11/11/2022 10 55 8 45.484885 9.2361617
6 29 21.0 51.0 102124 0 0 0 0.0 11.0 11.0 11.0 1 1 0.0 1.0 11/11/2022 10 55 46 45.484885 9.2361617
6 29 21.0 50.0 102123 124 669 0.01 0.0 11.0 12.0 12.0 1 1 1.0 1.0 11/11/2022 10 56 2 45.484885 9.2361617
6 30 21.0 50.0 102123 97 748 0.01 0.0 11.0 12.0 12.0 1 3 3.0 3.0 11/11/2022 10 56 16 45.4847943 9.2359098
6 31 21.0 50.0 102122 108 656 0.01 0.0 9.0 11.0 12.0 1 2 2.0 2.0 11/11/2022 10 56 54 45.4845369 9.2357635
6 33 21.0 51.0 102121 0 0 0 0.0 14.0 15.0 16.0 1 1 0.0 1.0 11/11/2022 10 57 34 45.4844596 9.2357676
6 33 21.0 50.0 102121 65 618 0.01 0.0 17.0 18.0 18.0 1 2 2.0 2.0 11/11/2022 10 57 42 45.4843316 9.2352607
6 34 20.0 51.0 102121 67 604 0.01 0.0 18.0 20.0 20.0 2 2 2.0 2.0 11/11/2022 10 58 6 45.4841497 9.2348861
6 35 20.0 51.0 102120 52 666 0.01 0.0 20.0 21.0 21.0 1 2 1.0 2.0 11/11/2022 10 58 30 45.4840365 9.2344811
6 36 20.0 52.0 102120 43 675 0.01 0.0 20.0 21.0 21.0 1 1 2.0 1.0 11/11/2022 10 58 54 45.4836282 9.2343312
6 38 20.0 52.0 102120 33 719 0.01 0.0 0.0 0.0 0.0 0 1 1.0 0.0 11/11/2022 10 59 32 45.4834954 9.2342679
6 38 19.0 52.0 102120 37 703 0.01 0.0 19.0 21.0 21.0 1 2 1.0 2.0 11/11/2022 10 59 44 45.4831759 9.2342037
6 39 19.0 53.0 102119 24 678 0.01 0.0 19.0 20.0 20.0 1 2 2.0 2.0 11/11/2022 11 0 8 45.4828308 9.234197
6 40 19.0 53.0 102119 21 711 0.01 0.0 20.0 21.0 21.0 1 2 2.0 2.0 11/11/2022 11 0 32 45.4824643 9.2343139
6 41 19.0 54.0 102119 21 613 0.01 0.0 20.0 21.0 21.0 1 1 1.0 1.0 11/11/2022 11 1 4 45.482262 9.2342162
6 42 19.0 54.0 102119 36 772 0.01 0.0 20.0 21.0 21.0 1 3 3.0 3.0 11/11/2022 11 1 20 45.4817277 9.2342796
6 43 18.0 55.0 102119 31 700 0.01 0.0 15.0 16.0 16.0 1 2 2.0 2.0 11/11/2022 11 1 58 45.4814535 9.2343745
6 44 18.0 55.0 102119 11 697 0.01 0.0 16.0 17.0 17.0 2 1 2.0 2.0 11/11/2022 11 2 22 45.4810038 9.2343299
6 45 19.0 55.0 102119 6 670 0.01 0.0 17.0 18.0 18.0 1 1 1.0 1.0 11/11/2022 11 2 54 45.4808485 9.2342363
6 46 19.0 54.0 102119 23 669 0.01 0.0 16.0 18.0 20.0 1 1 1.0 1.0 11/11/2022 11 3 18 45.4807314 9.2342251
6 47 19.0 54.0 102120 111 715 0.01 0.0 7.0 7.0 7.0 1 2 2.0 2.0 11/11/2022 11 3 30 45.4804259 9.2344023
6 48 19.0 54.0 102120 74 747 0.01 0.0 7.0 7.0 7.0 1 2 2.0 2.0 11/11/2022 11 3 54 45.48044 9.2343467
6 49 20.0 53.0 102120 71 690 0.01 0.0 13.0 15.0 16.0 1 2 2.0 2.0 11/11/2022 11 4 18 45.4801762 9.2342663
6 50 21.0 52.0 102121 130 668 0.01 0.0 9.0 10.0 10.0 1 1 1.0 1.0 11/11/2022 11 4 58 45.480056 9.2342496
6 51 21.0 51.0 102121 149 648 0.01 0.0 9.0 10.0 10.0 2 2 2.0 2.0 11/11/2022 11 5 10 45.4796975 9.23424
6 52 21.0 51.0 102121 80 603 0.01 0.0 12.0 12.0 12.0 1 2 1.0 2.0 11/11/2022 11 5 38 45.4794614 9.2342484
6 53 21.0 51.0 102122 49 668 0.01 0.0 12.0 12.0 12.0 1 2 2.0 2.0 11/11/2022 11 5 58 45.4791599 9.2342412
6 55 0 0 0 45 650 0.01 0.0 12.0 12.0 12.0 1 0 2.0 1.0 11/11/2022 11 6 22 45.4786454 9.234298
6 55 21.0 51.0 102122 34 679 0.01 0.0 14.0 17.0 18.0 1 2 1.0 1.0 11/11/2022 11 6 58 45.4785571 9.2340285
6 56 21.0 51.0 102123 18 630 0.01 0.0 16.0 17.0 17.0 1 2 2.0 2.0 11/11/2022 11 7 18 45.4785562 9.2335739
6 57 21.0 50.0 102123 19 711 0.01 0.0 12.0 13.0 13.0 1 2 2.0 2.0 11/11/2022 11 7 42 45.4785304 9.2331267
6 58 22.0 50.0 102124 27 596 0.01 0.0 7.0 8.0 8.0 1 1 2.0 2.0 11/11/2022 11 8 6 45.4785003 9.2326163
6 59 22.0 50.0 102124 24 608 0.01 0.0 16.0 17.0 17.0 2 1 1.0 1.0 11/11/2022 11 8 34 45.4785745 9.232082
6 60 22.0 49.0 102124 21 683 0.01 0.0 16.0 17.0 17.0 1 1 1.0 1.0 11/11/2022 11 9 6 45.4785537 9.2318663
6 61 21.0 50.0 102124 13 662 0.01 0.0 14.0 15.0 15.0 1 2 2.0 2.0 11/11/2022 11 9 18 45.478376 9.2316198
6 62 21.0 50.0 102125 1 621 0.01 0.0 9.0 10.0 10.0 1 2 2.0 2.0 11/11/2022 11 9 42 45.4782315 9.231587
6 63 21.0 49.0 102125 1 690 0.01 0.0 9.0 10.0 10.0 1 2 2.0 2.0 11/11/2022 11 10 6 45.4782383 9.2315767
6 1 21.0 49.0 102127 27 652 0.01 0.0 18.0 19.0 19.0 1 1 1.0 1.0 11/11/2022 11 10 34 45.4782383 9.2315767
6 2 21.0 49.0 102128 178 667 0.01 0.0 18.0 19.0 19.0 1 1 2.0 1.0 11/11/2022 11 11 0 45.4782383 9.2315767
6 3 21.0 50.0 102129 337 670 0.01 0.0 18.0 19.0 19.0 1 3 3.0 3.0 11/11/2022 11 11 16 45.4782383 9.2315767
6 4 22.0 50.0 102130 639 659 0.01 0.0 8.0 10.0 10.0 1 2 2.0 2.0 11/11/2022 11 11 52 45.4782383 9.2315767
6 5 22.0 49.0 102131 639 626 0.01 0.0 14.0 15.0 15.0 1 2 1.0 2.0 11/11/2022 11 12 18 45.4782383 9.2315767
6 7 0 0 0 505 626 0.01 0.0 0.0 0.0 0.0 0 0 1.0 0.0 11/11/2022 11 12 58 45.4782383 9.2315767
6 7 23.0 49.0 102133 459 654 0.01 0.0 16.0 17.0 17.0 1 2 1.0 2.0 11/11/2022 11 13 6 45.4782383 9.2315767
6 8 23.0 49.0 102134 487 636 0.01 0.0 16.0 17.0 17.0 1 2 2.0 2.0 11/11/2022 11 13 32 45.4782383 9.2315767
6 9 22.0 49.0 102135 261 676 0.01 0.0 16.0 17.0 17.0 1 2 2.0 2.0 11/11/2022 11 13 56 45.4782383 9.2315767
6 10 21.0 49.0 102136 182 631 0.01 0.0 10.0 11.0 11.0 1 2 2.0 2.0 11/11/2022 11 14 20 45.4782383 9.2315767
6 11 21.0 49.0 102137 222 608 0.01 0.0 10.0 10.0 10.0 1 2 1.0 2.0 11/11/2022 11 14 44 45.4782383 9.2315767
6 12 22.0 49.0 102137 521 636 0.01 0.0 10.0 11.0 11.0 1 1 1.0 1.0 11/11/2022 11 15 20 45.4782383 9.2315767
6 13 22.0 49.0 102138 678 628 0.01 0.0 12.0 12.0 12.0 1 2 2.0 2.0 11/11/2022 11 15 32 45.4784714 9.2315965
6 14 22.0 49.0 102138 497 641 0.01 0.0 12.0 12.0 12.0 1 1 1.0 2.0 11/11/2022 11 16 4 45.4784648 9.2315463
6 15 22.0 49.0 102138 292 637 0.01 0.0 12.0 12.0 12.0 1 2 3.0 3.0 11/11/2022 11 16 20 45.4784612 9.2309499
6 16 21.0 50.0 102137 172 619 0.01 0.0 15.0 16.0 16.0 1 1 2.0 1.0 11/11/2022 11 17 0 45.4784307 9.2306207
6 17 21.0 50.0 102136 106 614 0.01 0.0 16.0 17.0 17.0 1 2 2.0 2.0 11/11/2022 11 17 20 45.4784696 9.2302828
6 18 21.0 50.0 102136 86 523 0.01 0.0 14.0 15.0 15.0 1 2 2.0 2.0 11/11/2022 11 17 44 45.4782551 9.230161
6 19 21.0 50.0 102135 59 694 0.01 0.0 16.0 18.0 20.0 2 2 2.0 2.0 11/11/2022 11 18 8 45.4779905 9.2301788
6 20 20.0 50.0 102135 29 678 0.01 0.0 15.0 17.0 18.0 1 2 1.0 2.0 11/11/2022 11 18 32 45.4775823 9.2301553
6 21 20.0 51.0 102135 10 669 0.01 0.0 15.0 17.0 18.0 1 1 1.0 1.0 11/11/2022 11 19 6 45.4774738 9.2301677
6 22 20.0 51.0 102135 1 689 0.01 0.0 23.0 25.0 25.0 1 2 2.0 2.0 11/11/2022 11 19 18 45.4772464 9.2302498
6 23 20.0 51.0 102135 0 690 0.01 0.0 16.0 16.0 16.0 1 2 2.0 2.0 11/11/2022 11 19 42 45.477054 9.2299692
6 24 20.0 51.0 102135 0 676 0.01 0.0 16.0 16.0 16.0 1 2 2.0 2.0 11/11/2022 11 20 8 45.4768005 9.2293286
6 26 0 0 0 0 680 0.01 0.0 0.0 0.0 0.0 0 0 1.0 0.0 11/11/2022 11 21 0 45.4767941 9.2292305
6 26 19.0 52.0 102134 18 659 0.01 0.0 13.0 14.0 14.0 1 1 1.0 1.0 11/11/2022 11 21 4 45.4767666 9.2290333
6 27 19.0 52.0 102134 27 715 0.01 0.0 13.0 14.0 14.0 1 3 2.0 3.0 11/11/2022 11 21 16 45.4768081 9.2283375
6 28 19.0 53.0 102134 28 633 0.01 0.0 16.0 17.0 17.0 1 2 2.0 2.0 11/11/2022 11 21 52 45.4767981 9.2279387
6 29 19.0 53.0 102133 9 670 0.01 0.0 16.0 17.0 17.0 1 2 1.0 2.0 11/11/2022 11 22 16 45.4767995 9.2275233
6 30 19.0 53.0 102133 9 614 0.01 0.0 15.0 16.0 16.0 1 2 2.0 2.0 11/11/2022 11 22 44 45.4767954 9.227078
6 31 19.0 53.0 102133 32 716 0.01 0.0 18.0 21.0 23.0 1 2 2.0 2.0 11/11/2022 11 23 8 45.4766701 9.2267471
6 32 19.0 54.0 102132 25 678 0.01 0.0 13.0 13.0 13.0 2 2 2.0 2.0 11/11/2022 11 23 32 45.4762859 9.2266518
6 33 19.0 54.0 102132 17 652 0.01 0.0 13.0 14.0 14.0 1 1 2.0 1.0 11/11/2022 11 24 0 45.475868 9.2266533
6 34 19.0 53.0 102131 38 711 0.01 0.0 17.0 18.0 18.0 2 1 1.0 1.0 11/11/2022 11 24 32 45.4757004 9.2266505
6 35 20.0 53.0 102131 44 672 0.01 0.0 13.0 14.0 15.0 1 2 2.0 2.0 11/11/2022 11 24 44 45.4754192 9.2266441
6 36 20.0 53.0 102131 31 705 0.01 0.0 13.0 14.0 15.0 1 2 2.0 2.0 11/11/2022 11 25 8 45.4751061 9.2266838
6 37 20.0 53.0 102131 48 770 0.01 0.0 17.0 19.0 19.0 1 2 2.0 2.0 11/11/2022 11 25 32 45.4747927 9.2266437
6 38 20.0 53.0 102131 62 679 0.01 0.0 17.0 18.0 18.0 2 2 2.0 2.0 11/11/2022 11 25 56 45.474346 9.2266712
6 39 20.0 53.0 102130 53 688 0.01 0.0 17.0 18.0 18.0 1 2 2.0 2.0 11/11/2022 11 26 32 45.4740476 9.2266858
6 40 19.0 54.0 102130 19 657 0.01 0.0 16.0 17.0 17.0 1 2 2.0 2.0 11/11/2022 11 26 56 45.4737888 9.2268729
6 41 19.0 54.0 102130 6 678 0.01 0.0 13.0 14.0 14.0 1 2 2.0 2.0 11/11/2022 11 27 20 45.4734955 9.2270559
6 42 19.0 53.0 102130 5 699 0.01 0.0 16.0 17.0 17.0 1 2 2.0 2.0 11/11/2022 11 27 44 45.4733442 9.2272945
6 45 20.0 53.0 102131 0 0 0 0.0 4.0 4.0 4.0 1 2 0.0 2.0 11/11/2022 11 28 12 45.4725957 9.2274662
6 45 20.0 52.0 102130 6 650 0.01 0.0 13.0 13.0 13.0 2 2 2.0 2.0 11/11/2022 11 28 58 45.4723812 9.2273496
6 46 20.0 52.0 102131 10 660 0.01 0.0 12.0 13.0 13.0 1 2 2.0 2.0 11/11/2022 11 29 22 45.4722082 9.2271619
6 47 21.0 52.0 102131 34 708 0.01 0.0 12.0 13.0 13.0 1 2 2.0 2.0 11/11/2022 11 29 46 45.4722189 9.2270476
6 48 21.0 51.0 102131 56 688 0.01 0.0 12.0 13.0 13.0 1 2 2.0 2.0 11/11/2022 11 30 10 45.4721932 9.2271282
6 49 21.0 51.0 102131 145 789 0.01 0.0 23.0 25.0 25.0 1 1 1.0 1.0 11/11/2022 11 30 42 45.4723056 9.2273701
6 51 22.0 51.0 102131 0 0 0 0.0 23.0 25.0 25.0 1 1 0.0 1.0 11/11/2022 11 31 14 45.4722718 9.2273124
6 51 22.0 51.0 102131 446 748 0.01 0.0 23.0 25.0 25.0 1 2 3.0 2.0 11/11/2022 11 31 24 45.4722523 9.2273452
6 52 22.0 50.0 102131 462 718 0.01 0.0 12.0 14.0 15.0 1 2 2.0 2.0 11/11/2022 11 31 52 45.4722633 9.227365
6 53 22.0 50.0 102131 356 665 0.01 0.0 27.0 28.0 28.0 1 2 2.0 2.0 11/11/2022 11 32 16 45.4722767 9.2273201
6 54 22.0 50.0 102131 476 694 0.01 0.0 25.0 27.0 27.0 1 1 1.0 1.0 11/11/2022 11 32 44 45.4723317 9.2272317
6 55 23.0 50.0 102132 598 687 0.01 0.0 20.0 21.0 21.0 1 2 2.0 2.0 11/11/2022 11 33 8 45.4722744 9.2272483
6 56 23.0 50.0 102132 771 658 0.01 0.0 21.0 23.0 25.0 1 2 2.0 2.0 11/11/2022 11 33 32 45.4721956 9.2272909
6 57 23.0 50.0 102132 773 664 0.01 0.0 21.0 22.0 22.0 1 2 2.0 2.0 11/11/2022 11 33 56 45.4722542 9.2272162
6 58 23.0 50.0 102132 822 653 0.01 0.0 17.0 18.0 18.0 1 2 2.0 2.0 11/11/2022 11 34 20 45.4722583 9.2272133
6 59 23.0 49.0 102133 889 644 0.01 0.0 21.0 22.0 22.0 1 1 1.0 1.0 11/11/2022 11 34 46 45.4721899 9.2271547
6 60 23.0 49.0 102133 967 670 0.01 0.0 21.0 22.0 22.0 1 1 1.0 1.0 11/11/2022 11 35 18 45.4721588 9.2271884
6 61 23.0 49.0 102133 834 721 0.01 0.0 17.0 17.0 17.0 1 2 2.0 2.0 11/11/2022 11 35 30 45.4721223 9.2268826
6 62 23.0 49.0 102132 482 697 0.01 0.0 17.0 18.0 18.0 1 2 2.0 2.0 11/11/2022 11 35 54 45.4720162 9.2269391
6 63 23.0 49.0 102131 351 707 0.01 0.0 17.0 18.0 18.0 1 2 2.0 3.0 11/11/2022 11 36 18 45.4721067 9.2270814
6 1 23.0 49.0 102128 343 855 0.01 0.0 0.0 9.0 19.0 1 1 1.0 1.0 11/11/2022 11 37 4 45.4721034 9.2270652
6 6 23.0 50.0 102121 426 821 0.01 0.0 0.0 0.0 0.0 0 1 1.0 0.0 11/11/2022 11 37 22 45.4721546 9.2271054
