17.0 20.0 22.0 14:27:8
15.0 16.0 16.0 14:27:24
15.0 16.0 16.0 14:27:48
15.0 16.0 16.0 14:28:28
17.0 18.0 18.0 14:28:48
10.0 10.0 10.0 14:29:12
11.0 12.0 12.0 14:29:36
16.0 18.0 18.0 14:30:0
16.0 17.0 17.0 14:30:34
16.0 17.0 17.0 14:30:52
15.0 16.0 16.0 14:31:12
14.0 14.0 14.0 14:31:38
14.0 14.0 14.0 14:32:2
13.0 15.0 16.0 14:32:34
13.0 15.0 16.0 14:32:56
13.0 15.0 16.0 14:33:12
14.0 15.0 15.0 14:33:48
13.0 14.0 14.0 14:34:24
13.0 14.0 14.0 14:34:36
33.0 37.0 39.0 14:35:2
32.0 34.0 34.0 14:35:26
32.0 34.0 34.0 14:35:48
21.0 22.0 22.0 14:36:16
24.0 26.0 27.0 14:36:40
25.0 26.0 27.0 14:37:0
29.0 31.0 31.0 14:37:26
29.0 31.0 31.0 14:37:50
29.0 31.0 31.0 14:38:16
22.0 23.0 23.0 14:38:52
32.0 34.0 35.0 14:39:18
29.0 30.0 30.0 14:39:34
31.0 34.0 36.0 14:40:0
31.0 34.0 36.0 14:40:24
31.0 34.0 36.0 14:41:4
31.0 34.0 36.0 14:41:24
29.0 31.0 31.0 14:41:44
29.0 31.0 31.0 14:42:6
23.0 24.0 24.0 14:42:24
24.0 25.0 25.0 14:43:0
24.0 25.0 25.0 14:43:12
35.0 37.0 37.0 14:43:56
34.0 36.0 36.0 14:44:14
30.0 32.0 34.0 14:44:44
33.0 34.0 34.0 14:45:24
27.0 28.0 28.0 14:46:10
28.0 31.0 32.0 14:46:38
30.0 32.0 32.0 14:47:26
30.0 32.0 32.0 14:47:50
30.0 32.0 32.0 14:48:18
30.0 33.0 35.0 14:48:46
29.0 31.0 31.0 14:49:18
27.0 29.0 29.0 14:49:38
24.0 26.0 26.0 14:50:4
33.0 35.0 35.0 14:50:30
19.0 20.0 20.0 14:51:18
21.0 23.0 23.0 14:51:40
21.0 23.0 23.0 14:52:4
32.0 35.0 36.0 14:53:0
32.0 35.0 36.0 14:53:12
32.0 34.0 34.0 14:53:48
24.0 25.0 25.0 14:54:12
19.0 21.0 22.0 14:55:2
29.0 31.0 32.0 14:55:28
29.0 31.0 31.0 14:55:48
26.0 28.0 29.0 14:56:12
25.0 27.0 28.0 14:56:40
25.0 27.0 28.0 14:57:12
23.0 24.0 24.0 14:57:24
23.0 24.0 24.0 14:57:48
23.0 24.0 24.0 14:58:12
15.0 16.0 17.0 14:58:52
19.0 22.0 24.0 14:59:16
22.0 24.0 25.0 14:59:40
24.0 25.0 25.0 15:0:4
22.0 23.0 23.0 15:0:28
22.0 23.0 23.0 15:1:0
13.0 14.0 14.0 15:1:32
24.0 26.0 27.0 15:1:40
24.0 26.0 27.0 15:1:58
21.0 22.0 22.0 15:2:26
21.0 22.0 22.0 15:2:50
21.0 22.0 22.0 15:3:12
17.0 18.0 18.0 15:3:48
22.0 23.0 24.0 15:4:14
21.0 22.0 22.0 15:4:40
26.0 27.0 27.0 15:5:8
24.0 27.0 28.0 15:5:28
24.0 27.0 28.0 15:5:54
18.0 20.0 20.0 15:6:38
19.0 20.0 20.0 15:7:4
25.0 26.0 26.0 15:7:28
24.0 26.0 26.0 15:7:54
24.0 26.0 26.0 15:8:10
19.0 20.0 20.0 15:9:18
25.0 26.0 26.0 15:9:38
16.0 17.0 17.0 15:10:0
31.0 34.0 36.0 15:10:26
31.0 34.0 35.0 15:11:8
27.0 33.0 38.0 15:11:12
23.0 24.0 24.0 15:11:46
23.0 24.0 24.0 15:12:2
18.0 19.0 19.0 15:12:26
18.0 19.0 19.0 15:12:54
18.0 19.0 19.0 15:13:10
23.0 26.0 28.0 15:13:48
21.0 22.0 23.0 15:14:20
17.0 18.0 18.0 15:15:14
17.0 19.0 20.0 15:15:46
20.0 21.0 22.0 15:16:14
19.0 20.0 20.0 15:16:38
19.0 20.0 20.0 15:17:12
23.0 24.0 24.0 15:17:46
23.0 24.0 24.0 15:18:10
14.0 15.0 15.0 15:18:52
18.0 20.0 20.0 15:19:36
16.0 18.0 19.0 15:20:6
23.0 25.0 25.0 15:20:28
24.0 26.0 26.0 15:20:52
13.0 13.0 13.0 15:21:26
26.0 28.0 28.0 15:21:40
46.0 49.0 49.0 15:22:24
45.0 48.0 48.0 15:22:50
45.0 48.0 48.0 15:23:18
16.0 18.0 19.0 15:23:52
20.0 21.0 21.0 15:24:38
13.0 14.0 14.0 15:25:20
24.0 26.0 26.0 15:25:38
18.0 19.0 19.0 15:26:16
22.0 23.0 23.0 15:27:30
21.0 23.0 23.0 15:27:52
21.0 23.0 23.0 15:28:10
13.0 15.0 16.0 15:29:2
15.0 16.0 16.0 15:29:14
26.0 28.0 28.0 15:29:40
15.0 16.0 16.0 15:30:2
17.0 19.0 19.0 15:31:6
16.0 19.0 21.0 15:31:20
14.0 15.0 16.0 15:31:40
14.0 15.0 16.0 15:32:0
18.0 20.0 21.0 15:33:34
14.0 15.0 15.0 15:33:54
18.0 19.0 19.0 15:34:20
17.0 18.0 18.0 15:34:50
22.0 24.0 25.0 15:35:16
18.0 19.0 19.0 15:35:24
18.0 19.0 19.0 15:35:48
16.0 17.0 17.0 15:36:12
20.0 21.0 21.0 15:36:40
20.0 21.0 21.0 15:37:2
16.0 17.0 17.0 15:37:26
16.0 17.0 17.0 15:37:50
16.0 17.0 17.0 15:38:12
14.0 15.0 16.0 15:38:48
16.0 17.0 18.0 15:39:12
19.0 20.0 20.0 15:39:36
17.0 19.0 19.0 15:40:0
13.0 15.0 15.0 15:41:12
20.0 21.0 21.0 15:41:36
19.0 20.0 20.0 15:42:0
17.0 18.0 18.0 15:42:32
17.0 18.0 18.0 15:42:54
17.0 18.0 18.0 15:43:12
19.0 20.0 20.0 15:43:50
24.0 25.0 25.0 15:44:14
18.0 19.0 19.0 15:44:54
12.0 13.0 14.0 15:45:10
14.0 15.0 15.0 15:45:26
14.0 15.0 15.0 15:45:50
14.0 17.0 19.0 15:46:14
21.0 22.0 22.0 15:46:38
21.0 22.0 22.0 15:47:18
16.0 18.0 20.0 15:47:34
17.0 19.0 20.0 15:47:50
17.0 19.0 20.0 15:48:14
17.0 22.0 28.0 15:48:52
18.0 20.0 22.0 15:49:36
20.0 22.0 24.0 15:50:2
23.0 25.0 26.0 15:50:24
23.0 25.0 26.0 15:50:48
17.0 20.0 22.0 15:51:14
16.0 17.0 17.0 15:52:6
22.0 24.0 25.0 15:52:22
22.0 24.0 24.0 15:52:48
22.0 24.0 24.0 15:53:14
19.0 21.0 22.0 15:54:14
18.0 19.0 19.0 15:54:38
13.0 14.0 14.0 15:55:2
16.0 17.0 17.0 15:55:28
17.0 18.0 18.0 15:55:48
19.0 20.0 20.0 15:56:52
19.0 20.0 20.0 15:57:4
14.0 15.0 15.0 15:57:30
15.0 15.0 15.0 15:57:46
15.0 15.0 15.0 15:58:28
21.0 22.0 22.0 15:58:52
17.0 18.0 18.0 15:59:10
21.0 22.0 22.0 15:59:34
22.0 23.0 24.0 16:0:0
18.0 19.0 19.0 16:0:28
18.0 19.0 19.0 16:0:48
19.0 21.0 22.0 16:1:16
27.0 28.0 28.0 16:1:40
27.0 28.0 28.0 16:2:16
27.0 29.0 31.0 16:2:32
27.0 29.0 30.0 16:2:56
27.0 29.0 30.0 16:3:16
18.0 20.0 21.0 16:3:52
25.0 26.0 26.0 16:4:28
20.0 22.0 22.0 16:4:40
27.0 29.0 29.0 16:5:4
25.0 26.0 26.0 16:5:30
25.0 26.0 26.0 16:5:46
20.0 22.0 22.0 16:6:16
22.0 24.0 25.0 16:6:34
22.0 24.0 26.0 16:6:58
17.0 20.0 22.0 16:7:22
18.0 20.0 22.0 16:8:16
26.0 27.0 27.0 16:8:48
10.0 10.0 10.0 16:9:12
11.0 12.0 13.0 16:9:36
