638.0 830.0 0.01 0.0 14:27:8
532.0 841.0 0.01 0.0 14:27:24
648.0 839.0 0.01 0.0 14:27:48
779.0 859.0 0.01 0.0 14:28:28
777.0 841.0 0.01 0.0 14:28:48
773.0 858.0 0.01 0.0 14:29:12
721.0 853.0 0.01 0.0 14:29:36
665.0 874.0 0.01 0.0 14:30:0
700.0 889.0 0.01 0.0 14:30:34
640.0 911.0 0.01 0.0 14:30:52
671.0 914.0 0.01 0.0 14:31:12
646.0 926.0 0.01 0.0 14:31:38
643.0 927.0 0.01 0.0 14:32:2
607.0 1007.0 0.01 0.0 14:32:34
402.0 987.0 0.01 0.0 14:32:56
345.0 966.0 0.01 0.0 14:33:12
120.0 832.0 0.01 0.0 14:33:48
62.0 802.0 0.01 0.0 14:34:24
101.0 758.0 0.01 0.0 14:34:36
20.0 716.0 0.01 0.0 14:35:2
0.0 645.0 0.01 0.0 14:35:26
0.0 597.0 0.01 0.0 14:35:48
0.0 607.0 0.01 0.0 14:36:16
9.0 616.0 0.01 0.0 14:36:40
18.0 629.0 0.01 0.0 14:37:0
32.0 595.0 0.01 0.0 14:37:26
3.0 633.0 0.01 0.0 14:37:50
14.0 633.0 0.01 0.0 14:38:16
44.0 667.0 0.01 0.0 14:38:52
33.0 599.0 0.01 0.0 14:39:18
0.0 675.0 0.01 0.0 14:39:34
0.0 559.0 0.01 0.0 14:40:24
2.0 579.0 0.01 0.0 14:41:4
94.0 622.0 0.01 0.0 14:41:24
30.0 608.0 0.01 0.0 14:41:44
4.0 604.0 0.01 0.0 14:42:6
17.0 726.0 0.01 0.0 14:42:24
1.0 633.0 0.01 0.0 14:43:0
2.0 591.0 0.01 0.0 14:43:12
26.0 622.0 0.01 0.0 14:43:56
63.0 655.0 0.01 0.0 14:44:14
52.0 591.0 0.01 0.0 14:44:44
127.0 608.0 0.01 0.0 14:45:24
159.0 626.0 0.01 0.0 14:45:52
106.0 621.0 0.01 0.0 14:46:10
100.0 649.0 0.01 0.0 14:47:26
97.0 600.0 0.01 0.0 14:47:50
103.0 605.0 0.01 0.0 14:48:18
83.0 633.0 0.01 0.0 14:48:46
39.0 515.0 0.01 0.0 14:49:38
6.0 561.0 0.01 0.0 14:50:4
4.0 580.0 0.01 0.0 14:50:30
0.0 670.0 0.01 0.0 14:51:18
0.0 587.0 0.01 0.0 14:51:40
0.0 618.0 0.01 0.0 14:52:4
0.0 570.0 0.01 0.0 14:52:22
5.0 643.0 0.01 0.0 14:53:12
11.0 623.0 0.01 0.0 14:53:48
0.0 578.0 0.01 0.0 14:54:12
20.0 616.0 0.01 0.0 14:54:58
35.0 562.0 0.01 0.0 14:55:2
12.0 635.0 0.01 0.0 14:55:28
32.0 603.0 0.01 0.0 14:55:48
53.0 623.0 0.01 0.0 14:56:12
48.0 635.0 0.01 0.0 14:56:40
13.0 597.0 0.01 0.0 14:57:12
2.0 633.0 0.01 0.0 14:57:24
11.0 613.0 0.01 0.0 14:57:48
11.0 614.0 0.01 0.0 14:58:12
14.0 589.0 0.01 0.0 14:58:52
3.0 591.0 0.01 0.0 14:59:16
0.0 588.0 0.01 0.0 14:59:40
0.0 585.0 0.01 0.0 15:0:4
0.0 589.0 0.01 0.0 15:0:28
0.0 618.0 0.01 0.0 15:1:0
9.0 689.0 0.01 0.0 15:1:40
1.0 568.0 0.01 0.0 15:1:58
0.0 592.0 0.01 0.0 15:2:26
0.0 567.0 0.01 0.0 15:2:50
1.0 585.0 0.01 0.0 15:3:12
62.0 576.0 0.01 0.0 15:3:48
48.0 562.0 0.01 0.0 15:4:14
13.0 529.0 0.01 0.0 15:4:40
0.0 549.0 0.01 0.0 15:5:28
0.0 591.0 0.01 0.0 15:5:54
0.0 606.0 0.01 0.0 15:6:14
0.0 512.0 0.01 0.0 15:6:38
22.0 655.0 0.01 0.0 15:7:28
35.0 594.0 0.01 0.0 15:7:54
72.0 562.0 0.01 0.0 15:8:10
104.0 569.0 0.01 0.0 15:9:18
139.0 616.0 0.01 0.0 15:9:38
195.0 608.0 0.01 0.0 15:10:0
273.0 592.0 0.01 0.0 15:10:26
773.0 611.0 0.01 0.0 15:11:12
791.0 643.0 0.01 0.0 15:11:46
626.0 628.0 0.01 0.0 15:12:2
568.0 638.0 0.01 0.0 15:12:26
521.0 601.0 0.01 0.0 15:12:54
408.0 644.0 0.01 0.0 15:13:10
334.0 578.0 0.01 0.0 15:13:48
397.0 567.0 0.01 0.0 15:14:20
569.0 603.0 0.01 0.0 15:14:36
542.0 673.0 0.01 0.0 15:15:14
439.0 570.0 0.01 0.0 15:15:30
357.0 523.0 0.01 0.0 15:15:46
317.0 578.0 0.01 0.0 15:16:14
233.0 617.0 0.01 0.0 15:16:38
209.0 601.0 0.01 0.0 15:17:12
221.0 708.0 0.01 0.0 15:17:46
172.0 629.0 0.01 0.0 15:18:10
152.0 561.0 0.01 0.0 15:18:52
108.0 673.0 0.01 0.0 15:19:24
60.0 606.0 0.01 0.0 15:19:36
55.0 577.0 0.01 0.0 15:20:6
81.0 587.0 0.01 0.0 15:20:28
100.0 595.0 0.01 0.0 15:21:26
58.0 632.0 0.01 0.0 15:21:40
114.0 638.0 0.01 0.0 15:22:8
124.0 552.0 0.01 0.0 15:22:24
88.0 582.0 0.01 0.0 15:23:18
138.0 600.0 0.01 0.0 15:23:52
174.0 582.0 0.01 0.0 15:24:34
394.0 599.0 0.01 0.0 15:25:38
484.0 583.0 0.01 0.0 15:25:54
543.0 622.0 0.01 0.0 15:26:16
489.0 611.0 0.01 0.0 15:27:14
520.0 599.0 0.01 0.0 15:27:30
756.0 612.0 0.01 0.0 15:27:52
344.0 637.0 0.01 0.0 15:29:14
307.0 591.0 0.01 0.0 15:29:40
219.0 563.0 0.01 0.0 15:30:2
244.0 567.0 0.01 0.0 15:30:26
134.0 600.0 0.01 0.0 15:31:40
120.0 577.0 0.01 0.0 15:32:0
26.0 585.0 0.01 0.0 15:34:20
0.0 594.0 0.01 0.0 15:35:16
47.0 608.0 0.01 0.0 15:35:24
60.0 647.0 0.01 0.0 15:35:48
63.0 635.0 0.01 0.0 15:36:12
73.0 559.0 0.01 0.0 15:36:40
66.0 573.0 0.01 0.0 15:37:2
15.0 597.0 0.01 0.0 15:37:26
10.0 629.0 0.01 0.0 15:37:50
56.0 629.0 0.01 0.0 15:38:12
72.0 616.0 0.01 0.0 15:38:48
62.0 592.0 0.01 0.0 15:39:12
41.0 562.0 0.01 0.0 15:39:36
7.0 579.0 0.01 0.0 15:40:0
5.0 628.0 0.01 0.0 15:40:46
4.0 553.0 0.01 0.0 15:41:12
2.0 535.0 0.01 0.0 15:41:36
0.0 605.0 0.01 0.0 15:42:0
58.0 590.0 0.01 0.0 15:42:54
168.0 605.0 0.01 0.0 15:43:12
376.0 621.0 0.01 0.0 15:43:50
315.0 609.0 0.01 0.0 15:44:14
354.0 613.0 0.01 0.0 15:45:10
245.0 577.0 0.01 0.0 15:45:26
218.0 577.0 0.01 0.0 15:45:50
212.0 605.0 0.01 0.0 15:46:14
390.0 591.0 0.01 0.0 15:46:38
593.0 594.0 0.01 0.0 15:47:34
657.0 595.0 0.01 0.0 15:47:50
630.0 600.0 0.01 0.0 15:48:14
381.0 534.0 0.01 0.0 15:48:52
289.0 528.0 0.01 0.0 15:49:28
226.0 593.0 0.01 0.0 15:49:36
183.0 525.0 0.01 0.0 15:50:2
175.0 523.0 0.01 0.0 15:50:24
161.0 702.0 0.01 0.0 15:50:48
155.0 480.0 0.01 0.0 15:51:14
130.0 530.0 0.01 0.0 15:51:56
176.0 600.0 0.01 0.0 15:52:6
206.0 597.0 0.01 0.0 15:52:22
173.0 655.0 0.01 0.0 15:52:48
193.0 640.0 0.01 0.0 15:53:14
208.0 624.0 0.01 0.0 15:54:6
151.0 601.0 0.01 0.0 15:54:14
107.0 579.0 0.01 0.0 15:54:38
78.0 710.0 0.01 0.0 15:55:2
75.0 644.0 0.01 0.0 15:55:28
73.0 641.0 0.01 0.0 15:55:48
43.0 526.0 0.01 0.0 15:56:52
29.0 584.0 0.01 0.0 15:57:4
40.0 619.0 0.01 0.0 15:57:30
29.0 756.0 0.01 0.0 15:57:46
47.0 558.0 0.01 0.0 15:58:28
50.0 626.0 0.01 0.0 15:58:52
13.0 541.0 0.01 0.0 15:59:10
0.0 584.0 0.01 0.0 15:59:34
9.0 566.0 0.01 0.0 16:0:0
15.0 602.0 0.01 0.0 16:0:28
9.0 556.0 0.01 0.0 16:0:48
23.0 588.0 0.01 0.0 16:1:16
22.0 591.0 0.01 0.0 16:1:40
21.0 599.0 0.01 0.0 16:2:16
55.0 597.0 0.01 0.0 16:2:32
42.0 597.0 0.01 0.0 16:2:56
40.0 620.0 0.01 0.0 16:3:16
99.0 606.0 0.01 0.0 16:3:52
223.0 614.0 0.01 0.0 16:4:40
290.0 652.0 0.01 0.0 16:5:4
355.0 627.0 0.01 0.0 16:5:30
392.0 648.0 0.01 0.0 16:5:46
503.0 666.0 0.01 0.0 16:6:16
503.0 606.0 0.01 0.0 16:6:34
485.0 605.0 0.01 0.0 16:6:58
660.0 613.0 0.01 0.0 16:7:22
812.0 592.0 0.01 0.0 16:7:48
929.0 607.0 0.01 0.0 16:8:16
677.0 627.0 0.01 0.0 16:8:48
500.0 651.0 0.01 0.0 16:9:12
694.0 638.0 0.01 0.0 16:9:36
695.0 657.0 0.01 0.0 16:10:6
