28.0 51.0 101372.0 14:27:8
28.0 50.0 101372.0 14:27:24
29.0 50.0 101371.0 14:27:48
29.0 50.0 101371.0 14:28:28
29.0 50.0 101371.0 14:28:48
29.0 50.0 101371.0 14:29:12
29.0 49.0 101371.0 14:29:36
29.0 48.0 101371.0 14:30:0
29.0 48.0 101371.0 14:30:34
30.0 48.0 101370.0 14:30:52
30.0 47.0 101370.0 14:31:12
30.0 47.0 101369.0 14:31:38
30.0 47.0 101369.0 14:32:2
30.0 47.0 101368.0 14:32:34
30.0 46.0 101367.0 14:32:56
30.0 46.0 101367.0 14:33:12
29.0 45.0 101366.0 14:33:48
29.0 44.0 101368.0 14:34:24
29.0 44.0 101373.0 14:34:36
29.0 44.0 101379.0 14:35:2
29.0 44.0 101384.0 14:35:26
28.0 44.0 101393.0 14:36:16
28.0 44.0 101398.0 14:36:40
28.0 44.0 101402.0 14:37:0
27.0 45.0 101406.0 14:37:26
27.0 45.0 101410.0 14:37:50
26.0 46.0 101416.0 14:38:52
26.0 47.0 101422.0 14:39:34
26.0 47.0 101424.0 14:40:0
26.0 47.0 101427.0 14:40:24
26.0 47.0 101431.0 14:41:24
26.0 47.0 101433.0 14:41:44
26.0 47.0 101435.0 14:42:6
26.0 47.0 101436.0 14:42:24
26.0 47.0 101438.0 14:43:0
26.0 47.0 101440.0 14:43:12
26.0 47.0 101441.0 14:43:56
27.0 47.0 101442.0 14:44:14
27.0 46.0 101442.0 14:44:44
28.0 45.0 101444.0 14:45:24
27.0 45.0 101445.0 14:46:10
28.0 45.0 101445.0 14:46:38
28.0 45.0 101446.0 14:47:26
28.0 45.0 101447.0 14:47:50
28.0 45.0 101447.0 14:48:18
27.0 45.0 101447.0 14:48:46
27.0 45.0 101447.0 14:49:38
27.0 45.0 101447.0 14:50:4
27.0 45.0 101447.0 14:50:30
26.0 46.0 101447.0 14:51:18
26.0 46.0 101447.0 14:51:40
27.0 45.0 101446.0 14:52:4
27.0 46.0 101446.0 14:52:22
27.0 46.0 101446.0 14:53:0
26.0 46.0 101445.0 14:53:12
26.0 47.0 101445.0 14:53:48
26.0 46.0 101444.0 14:54:12
27.0 45.0 101444.0 14:55:2
27.0 45.0 101443.0 14:55:28
27.0 45.0 101441.0 14:55:48
27.0 45.0 101440.0 14:56:12
27.0 44.0 101439.0 14:56:40
27.0 44.0 101438.0 14:57:12
27.0 44.0 101437.0 14:57:24
27.0 44.0 101436.0 14:57:48
27.0 44.0 101436.0 14:58:12
27.0 44.0 101435.0 14:58:52
27.0 44.0 101434.0 14:59:16
27.0 44.0 101433.0 14:59:40
27.0 43.0 101432.0 15:0:4
27.0 44.0 101431.0 15:0:28
27.0 44.0 101430.0 15:1:0
27.0 44.0 101429.0 15:1:32
27.0 44.0 101429.0 15:1:40
26.0 45.0 101429.0 15:1:58
26.0 45.0 101429.0 15:2:26
26.0 45.0 101429.0 15:2:50
26.0 45.0 101429.0 15:3:12
26.0 45.0 101428.0 15:3:48
26.0 45.0 101428.0 15:4:14
26.0 45.0 101428.0 15:4:40
26.0 45.0 101428.0 15:5:8
25.0 45.0 101427.0 15:5:28
25.0 45.0 101427.0 15:5:54
26.0 45.0 101426.0 15:6:14
26.0 45.0 101425.0 15:7:4
26.0 45.0 101424.0 15:7:54
26.0 45.0 101423.0 15:8:10
26.0 45.0 101421.0 15:9:18
27.0 44.0 101420.0 15:9:38
28.0 43.0 101420.0 15:10:0
28.0 43.0 101419.0 15:10:26
30.0 42.0 101419.0 15:11:12
30.0 41.0 101419.0 15:11:46
30.0 40.0 101418.0 15:12:2
30.0 40.0 101418.0 15:12:26
31.0 39.0 101418.0 15:12:54
31.0 39.0 101417.0 15:13:10
30.0 39.0 101416.0 15:13:48
31.0 38.0 101416.0 15:14:20
31.0 38.0 101415.0 15:14:36
31.0 38.0 101414.0 15:15:14
30.0 38.0 101413.0 15:15:30
30.0 39.0 101412.0 15:15:46
29.0 39.0 101412.0 15:16:14
29.0 40.0 101411.0 15:16:38
28.0 40.0 101408.0 15:17:46
28.0 41.0 101407.0 15:18:10
27.0 42.0 101404.0 15:19:24
26.0 42.0 101403.0 15:19:36
27.0 42.0 101401.0 15:20:6
27.0 42.0 101400.0 15:20:28
27.0 42.0 101399.0 15:20:52
26.0 43.0 101398.0 15:21:26
26.0 43.0 101396.0 15:21:40
26.0 43.0 101395.0 15:22:8
26.0 43.0 101394.0 15:22:24
26.0 43.0 101393.0 15:22:50
26.0 43.0 101392.0 15:23:18
27.0 43.0 101391.0 15:23:52
28.0 42.0 101389.0 15:24:38
28.0 41.0 101388.0 15:25:38
29.0 41.0 101386.0 15:26:36
29.0 40.0 101385.0 15:27:14
29.0 40.0 101385.0 15:27:30
29.0 40.0 101385.0 15:27:52
29.0 40.0 101384.0 15:28:10
28.0 40.0 101384.0 15:29:2
28.0 41.0 101383.0 15:29:14
28.0 41.0 101383.0 15:29:40
27.0 41.0 101383.0 15:30:26
27.0 41.0 101383.0 15:31:6
27.0 41.0 101382.0 15:31:20
27.0 41.0 101382.0 15:32:0
26.0 44.0 101383.0 15:33:54
25.0 44.0 101383.0 15:34:20
26.0 44.0 101383.0 15:34:50
26.0 44.0 101384.0 15:35:24
26.0 44.0 101384.0 15:35:48
25.0 45.0 101385.0 15:36:12
26.0 44.0 101386.0 15:36:40
26.0 44.0 101386.0 15:37:2
26.0 45.0 101386.0 15:37:26
26.0 45.0 101386.0 15:37:50
25.0 45.0 101387.0 15:38:12
25.0 46.0 101388.0 15:38:48
25.0 46.0 101388.0 15:39:12
25.0 45.0 101389.0 15:39:36
26.0 45.0 101389.0 15:40:0
26.0 45.0 101389.0 15:40:46
26.0 45.0 101390.0 15:41:12
26.0 45.0 101390.0 15:41:36
26.0 45.0 101390.0 15:42:0
26.0 45.0 101390.0 15:42:32
26.0 44.0 101391.0 15:42:54
27.0 44.0 101391.0 15:43:12
27.0 44.0 101392.0 15:43:50
28.0 43.0 101393.0 15:44:14
28.0 42.0 101393.0 15:44:54
29.0 41.0 101394.0 15:45:10
29.0 41.0 101395.0 15:45:26
29.0 40.0 101395.0 15:45:50
29.0 40.0 101396.0 15:46:14
29.0 40.0 101396.0 15:46:38
30.0 39.0 101397.0 15:47:18
30.0 39.0 101398.0 15:47:34
30.0 39.0 101398.0 15:47:50
30.0 39.0 101398.0 15:48:14
30.0 39.0 101399.0 15:48:52
29.0 39.0 101398.0 15:49:36
28.0 40.0 101397.0 15:50:2
28.0 40.0 101396.0 15:50:24
28.0 40.0 101395.0 15:50:48
27.0 41.0 101394.0 15:51:14
27.0 42.0 101392.0 15:52:6
27.0 42.0 101391.0 15:52:22
27.0 42.0 101391.0 15:52:48
27.0 42.0 101390.0 15:53:14
27.0 42.0 101389.0 15:54:14
27.0 42.0 101388.0 15:54:38
27.0 42.0 101387.0 15:55:2
27.0 43.0 101386.0 15:55:28
27.0 43.0 101386.0 15:55:48
26.0 43.0 101384.0 15:56:52
26.0 43.0 101383.0 15:57:4
26.0 43.0 101383.0 15:57:30
26.0 43.0 101382.0 15:57:46
26.0 44.0 101382.0 15:58:28
26.0 45.0 101382.0 15:58:52
26.0 45.0 101382.0 15:59:10
26.0 44.0 101383.0 15:59:34
26.0 44.0 101383.0 16:0:0
26.0 44.0 101383.0 16:0:28
27.0 44.0 101384.0 16:0:48
27.0 43.0 101384.0 16:1:16
26.0 44.0 101384.0 16:1:40
26.0 44.0 101385.0 16:2:32
26.0 45.0 101385.0 16:2:56
26.0 45.0 101386.0 16:3:16
26.0 45.0 101386.0 16:3:52
27.0 44.0 101387.0 16:4:28
27.0 44.0 101387.0 16:4:40
27.0 44.0 101388.0 16:5:4
28.0 43.0 101388.0 16:5:30
28.0 43.0 101388.0 16:5:46
28.0 42.0 101389.0 16:6:34
28.0 42.0 101389.0 16:6:58
28.0 42.0 101390.0 16:7:22
28.0 42.0 101390.0 16:7:48
28.0 42.0 101390.0 16:8:16
28.0 42.0 101391.0 16:8:48
28.0 43.0 101390.0 16:9:12
28.0 43.0 101386.0 16:9:36
