602.0 1161.0 0.01 0.0 15:23:56
575.0 1113.0 0.01 0.0 15:24:18
566.0 1082.0 0.01 0.0 15:24:42
551.0 1052.0 0.01 0.0 15:25:8
544.0 1060.0 0.01 0.0 15:25:30
546.0 1039.0 0.01 0.0 15:25:54
532.0 1040.0 0.01 0.0 15:26:32
515.0 1046.0 0.01 0.0 15:27:0
502.0 1053.0 0.01 0.0 15:27:20
526.0 1042.0 0.01 0.0 15:27:44
524.0 1029.0 0.01 0.0 15:28:8
515.0 1044.0 0.01 0.0 15:28:54
491.0 1016.0 0.01 0.0 15:29:18
469.0 1152.0 0.01 0.0 15:29:42
430.0 1101.0 0.01 0.0 15:30:10
380.0 1101.0 0.01 0.0 15:30:32
259.0 939.0 0.01 0.0 15:30:58
111.0 731.0 0.01 0.0 15:31:52
72.0 660.0 0.01 0.0 15:32:16
35.0 605.0 0.01 0.0 15:32:40
14.0 637.0 0.01 0.0 15:33:44
3.0 591.0 0.01 0.0 15:34:16
4.0 554.0 0.01 0.0 15:34:48
2.0 612.0 0.01 0.0 15:35:32
11.0 637.0 0.01 0.0 15:35:36
195.0 604.0 0.01 0.0 15:35:56
36.0 587.0 0.01 0.0 15:36:34
44.0 598.0 0.01 0.0 15:37:18
20.0 598.0 0.01 0.0 15:37:22
14.0 610.0 0.01 0.0 15:37:42
4.0 649.0 0.01 0.0 15:38:6
0.0 631.0 0.01 0.0 15:38:30
19.0 568.0 0.01 0.0 15:39:42
19.0 843.0 0.01 0.0 15:40:18
0.0 532.0 0.01 0.0 15:40:30
4.0 616.0 0.01 0.0 15:41:0
1.0 607.0 0.01 0.0 15:41:32
12.0 610.0 0.01 0.0 15:42:10
50.0 608.0 0.01 0.0 15:42:22
49.0 598.0 0.01 0.0 15:42:42
31.0 617.0 0.01 0.0 15:43:6
26.0 610.0 0.01 0.0 15:43:30
9.0 585.0 0.01 0.0 15:44:4
2.0 572.0 0.01 0.0 15:44:16
1.0 658.0 0.01 0.0 15:44:40
54.0 620.0 0.01 0.0 15:45:4
320.0 626.0 0.01 0.0 15:45:32
275.0 634.0 0.01 0.0 15:45:56
132.0 647.0 0.01 0.0 15:46:40
78.0 585.0 0.01 0.0 15:46:56
53.0 723.0 0.01 0.0 15:47:24
40.0 669.0 0.01 0.0 15:47:44
40.0 596.0 0.01 0.0 15:48:14
33.0 558.0 0.01 0.0 15:48:30
20.0 625.0 0.01 0.0 15:48:54
11.0 630.0 0.01 0.0 15:49:18
7.0 748.0 0.01 0.0 15:49:54
4.0 670.0 0.01 0.0 15:50:6
5.0 704.0 0.01 0.0 15:50:30
15.0 661.0 0.01 0.0 15:50:56
7.0 651.0 0.01 0.0 15:51:30
21.0 765.0 0.01 0.0 15:51:56
4.0 433.0 0.01 0.0 15:52:20
1.0 628.0 0.01 0.0 15:52:46
6.0 574.0 0.01 0.0 15:53:8
3.0 629.0 0.01 0.0 15:53:34
2.0 606.0 0.01 0.0 15:53:58
12.0 586.0 0.01 0.0 15:54:22
39.0 609.0 0.01 0.0 15:54:44
87.0 594.0 0.01 0.0 15:55:8
135.0 620.0 0.01 0.0 15:55:40
125.0 612.0 0.01 0.0 15:55:56
164.0 606.0 0.01 0.0 15:56:54
187.0 606.0 0.01 0.0 15:57:18
185.0 610.0 0.01 0.0 15:57:42
172.0 450.0 0.01 0.0 15:58:4
128.0 634.0 0.01 0.0 15:58:30
105.0 584.0 0.01 0.0 15:58:54
93.0 592.0 0.01 0.0 15:59:28
91.0 578.0 0.01 0.0 15:59:44
115.0 571.0 0.01 0.0 16:0:8
127.0 664.0 0.01 0.0 16:0:32
134.0 641.0 0.01 0.0 16:0:56
91.0 573.0 0.01 0.0 16:1:54
85.0 585.0 0.01 0.0 16:2:18
92.0 674.0 0.01 0.0 16:2:48
99.0 682.0 0.01 0.0 16:3:14
99.0 647.0 0.01 0.0 16:3:32
98.0 608.0 0.01 0.0 16:3:58
120.0 711.0 0.01 0.0 16:4:18
143.0 637.0 0.01 0.0 16:4:46
126.0 649.0 0.01 0.0 16:5:8
127.0 677.0 0.01 0.0 16:5:34
130.0 605.0 0.01 0.0 16:6:8
114.0 616.0 0.01 0.0 16:6:38
115.0 608.0 0.01 0.0 16:6:54
105.0 616.0 0.01 0.0 16:7:48
120.0 589.0 0.01 0.0 16:8:4
118.0 627.0 0.01 0.0 16:8:28
76.0 607.0 0.01 0.0 16:9:18
47.0 573.0 0.01 0.0 16:9:44
2.0 617.0 0.01 0.0 16:10:10
3.0 616.0 0.01 0.0 16:10:50
7.0 649.0 0.01 0.0 16:10:54
62.0 619.0 0.01 0.0 16:11:58
92.0 792.0 0.01 0.0 16:12:18
101.0 552.0 0.01 0.0 16:12:48
52.0 662.0 0.01 0.0 16:13:38
41.0 599.0 0.01 0.0 16:13:58
61.0 567.0 0.01 0.0 16:14:22
62.0 642.0 0.01 0.0 16:14:50
107.0 676.0 0.01 0.0 16:15:12
129.0 644.0 0.01 0.0 16:15:30
111.0 744.0 0.01 0.0 16:15:56
80.0 572.0 0.01 0.0 16:16:36
74.0 601.0 0.01 0.0 16:16:56
69.0 552.0 0.01 0.0 16:17:20
54.0 701.0 0.01 0.0 16:17:46
63.0 587.0 0.01 0.0 16:18:4
72.0 682.0 0.01 0.0 16:18:30
91.0 623.0 0.01 0.0 16:19:2
107.0 648.0 0.01 0.0 16:19:18
66.0 612.0 0.01 0.0 16:20:11
55.0 828.0 0.01 0.0 16:20:29
51.0 662.0 0.01 0.0 16:21:1
51.0 666.0 0.01 0.0 16:21:35
63.0 616.0 0.01 0.0 16:21:55
78.0 615.0 0.01 0.0 16:22:29
98.0 605.0 0.01 0.0 16:22:41
80.0 593.0 0.01 0.0 16:23:5
75.0 612.0 0.01 0.0 16:23:51
70.0 630.0 0.01 0.0 16:24:17
77.0 626.0 0.01 0.0 16:25:5
81.0 637.0 0.01 0.0 16:25:29
101.0 647.0 0.01 0.0 16:26:3
70.0 646.0 0.01 0.0 16:26:31
24.0 603.0 0.01 0.0 16:26:59
6.0 513.0 0.01 0.0 16:27:19
0.0 612.0 0.01 0.0 16:27:47
0.0 603.0 0.01 0.0 16:28:5
4.0 605.0 0.01 0.0 16:28:55
0.0 560.0 0.01 0.0 16:29:45
49.0 507.0 0.01 0.0 16:30:35
69.0 661.0 0.01 0.0 16:30:59
47.0 654.0 0.01 0.0 16:31:35
30.0 579.0 0.01 0.0 16:32:5
24.0 784.0 0.01 0.0 16:32:19
20.0 643.0 0.01 0.0 16:32:45
19.0 607.0 0.01 0.0 16:33:3
38.0 659.0 0.01 0.0 16:33:31
61.0 669.0 0.01 0.0 16:34:45
105.0 572.0 0.01 0.0 16:35:7
44.0 664.0 0.01 0.0 16:35:29
8.0 632.0 0.01 0.0 16:35:57
4.0 667.0 0.01 0.0 16:36:35
4.0 732.0 0.01 0.0 16:36:53
5.0 707.0 0.01 0.0 16:37:23
8.0 691.0 0.01 0.0 16:37:39
9.0 627.0 0.01 0.0 16:38:3
12.0 773.0 0.01 0.0 16:38:27
1.0 575.0 0.01 0.0 16:39:1
0.0 658.0 0.01 0.0 16:39:15
0.0 714.0 0.01 0.0 16:39:39
5.0 600.0 0.01 0.0 16:40:3
24.0 646.0 0.01 0.0 16:40:37
40.0 679.0 0.01 0.0 16:40:57
79.0 693.0 0.01 0.0 16:41:33
157.0 617.0 0.01 0.0 16:42:1
213.0 614.0 0.01 0.0 16:42:21
281.0 624.0 0.01 0.0 16:42:45
355.0 626.0 0.01 0.0 16:43:9
379.0 603.0 0.01 0.0 16:43:53
407.0 599.0 0.01 0.0 16:44:17
455.0 633.0 0.01 0.0 16:44:51
475.0 607.0 0.01 0.0 16:45:7
508.0 624.0 0.01 0.0 16:45:31
426.0 625.0 0.01 0.0 16:45:55
310.0 584.0 0.01 0.0 16:46:37
242.0 614.0 0.01 0.0 16:46:55
222.0 601.0 0.01 0.0 16:47:17
235.0 576.0 0.01 0.0 16:47:43
233.0 581.0 0.01 0.0 16:48:7
207.0 641.0 0.01 0.0 16:48:31
228.0 645.0 0.01 0.0 16:48:53
274.0 585.0 0.01 0.0 16:49:17
284.0 592.0 0.01 0.0 16:49:49
224.0 640.0 0.01 0.0 16:50:5
190.0 639.0 0.01 0.0 16:50:31
213.0 732.0 0.01 0.0 16:50:55
199.0 667.0 0.01 0.0 16:51:55
198.0 639.0 0.01 0.0 16:52:21
167.0 623.0 0.01 0.0 16:52:49
129.0 617.0 0.01 0.0 16:53:5
116.0 665.0 0.01 0.0 16:53:33
92.0 494.0 0.01 0.0 16:53:51
82.0 609.0 0.01 0.0 16:54:15
103.0 696.0 0.01 0.0 16:54:39
117.0 605.0 0.01 0.0 16:55:5
96.0 550.0 0.01 0.0 16:55:41
83.0 635.0 0.01 0.0 16:56:3
101.0 675.0 0.01 0.0 16:56:31
102.0 578.0 0.01 0.0 16:56:55
89.0 654.0 0.01 0.0 16:57:21
75.0 671.0 0.01 0.0 16:57:45
67.0 629.0 0.01 0.0 16:58:9
52.0 724.0 0.01 0.0 16:58:41
38.0 689.0 0.01 0.0 16:58:55
76.0 647.0 0.01 0.0 16:59:21
75.0 624.0 0.01 0.0 16:59:45
70.0 740.0 0.01 0.0 17:0:9
63.0 660.0 0.01 0.0 17:0:33
65.0 711.0 0.01 0.0 17:0:57
86.0 681.0 0.01 0.0 17:1:37
151.0 661.0 0.01 0.0 17:1:55
192.0 690.0 0.01 0.0 17:2:21
212.0 660.0 0.01 0.0 17:2:41
218.0 655.0 0.01 0.0 17:3:25
213.0 640.0 0.01 0.0 17:3:31
213.0 633.0 0.01 0.0 17:3:55
217.0 649.0 0.01 0.0 17:4:17
222.0 658.0 0.01 0.0 17:4:57
222.0 607.0 0.01 0.0 17:5:11
202.0 630.0 0.01 0.0 17:5:27
188.0 655.0 0.01 0.0 17:5:53
190.0 616.0 0.01 0.0 17:6:31
195.0 595.0 0.01 0.0 17:6:55
178.0 592.0 0.01 0.0 17:7:21
132.0 628.0 0.01 0.0 17:7:55
146.0 631.0 0.01 0.0 17:8:7
181.0 780.0 0.01 0.0 17:8:31
226.0 799.0 0.01 0.0 17:8:55
