3.0 4.0 5.0 15:23:56
3.0 4.0 4.0 15:24:18
3.0 4.0 4.0 15:24:42
6.0 6.0 6.0 15:25:8
6.0 6.0 6.0 15:25:30
6.0 6.0 6.0 15:25:54
6.0 6.0 6.0 15:26:32
4.0 4.0 5.0 15:27:0
5.0 6.0 6.0 15:27:20
8.0 8.0 8.0 15:27:44
4.0 4.0 4.0 15:28:8
4.0 4.0 4.0 15:28:40
5.0 6.0 6.0 15:28:54
8.0 9.0 9.0 15:29:18
8.0 9.0 9.0 15:29:42
1.0 1.0 1.0 15:30:10
1.0 2.0 2.0 15:30:32
1.0 2.0 2.0 15:30:58
24.0 27.0 28.0 15:31:52
17.0 18.0 18.0 15:32:16
17.0 18.0 18.0 15:32:40
28.0 29.0 29.0 15:33:4
21.0 22.0 22.0 15:34:16
21.0 22.0 22.0 15:34:48
22.0 23.0 23.0 15:35:36
22.0 23.0 23.0 15:35:56
29.0 31.0 31.0 15:36:34
23.0 24.0 24.0 15:37:22
17.0 18.0 19.0 15:37:42
26.0 27.0 27.0 15:38:6
26.0 27.0 27.0 15:38:30
17.0 18.0 18.0 15:39:2
24.0 25.0 25.0 15:39:42
18.0 19.0 19.0 15:40:18
18.0 19.0 19.0 15:40:30
18.0 19.0 19.0 15:41:0
24.0 25.0 25.0 15:41:32
22.0 24.0 24.0 15:42:22
23.0 24.0 24.0 15:42:42
24.0 26.0 28.0 15:43:6
24.0 26.0 28.0 15:43:30
19.0 22.0 24.0 15:44:4
25.0 26.0 26.0 15:44:16
25.0 26.0 26.0 15:44:40
20.0 21.0 21.0 15:45:4
20.0 22.0 22.0 15:45:32
20.0 22.0 22.0 15:45:56
23.0 24.0 24.0 15:46:40
19.0 20.0 20.0 15:46:56
24.0 25.0 25.0 15:47:24
26.0 27.0 27.0 15:47:44
23.0 24.0 24.0 15:48:14
23.0 24.0 24.0 15:48:30
15.0 16.0 16.0 15:48:54
23.0 24.0 24.0 15:49:18
23.0 24.0 24.0 15:49:54
19.0 21.0 22.0 15:50:6
19.0 21.0 22.0 15:50:30
19.0 21.0 22.0 15:50:56
35.0 37.0 37.0 15:51:30
92.0 106.0 117.0 15:51:56
30.0 32.0 32.0 15:52:20
22.0 23.0 23.0 15:52:46
27.0 28.0 28.0 15:53:8
26.0 28.0 28.0 15:53:34
16.0 17.0 17.0 15:53:58
18.0 19.0 19.0 15:54:22
20.0 21.0 21.0 15:55:8
20.0 21.0 21.0 15:55:40
20.0 21.0 21.0 15:55:56
19.0 21.0 21.0 15:56:42
22.0 25.0 27.0 15:56:54
20.0 21.0 21.0 15:57:18
104.0 110.0 110.0 15:57:42
34.0 36.0 36.0 15:58:4
34.0 36.0 36.0 15:58:30
30.0 32.0 32.0 15:58:54
22.0 23.0 23.0 15:59:28
22.0 24.0 24.0 15:59:44
24.0 27.0 28.0 16:0:8
24.0 27.0 29.0 16:0:32
24.0 27.0 29.0 16:0:56
20.0 22.0 24.0 16:1:34
20.0 22.0 22.0 16:1:54
22.0 24.0 24.0 16:2:18
20.0 23.0 26.0 16:2:48
17.0 18.0 18.0 16:3:14
17.0 18.0 18.0 16:3:32
19.0 20.0 20.0 16:3:58
24.0 26.0 26.0 16:4:18
24.0 26.0 26.0 16:4:46
15.0 16.0 17.0 16:5:8
16.0 17.0 18.0 16:5:34
16.0 17.0 18.0 16:6:8
21.0 23.0 24.0 16:6:38
24.0 25.0 25.0 16:6:54
24.0 25.0 25.0 16:7:40
27.0 29.0 29.0 16:7:48
30.0 32.0 32.0 16:8:4
30.0 32.0 32.0 16:8:28
22.0 23.0 23.0 16:9:6
24.0 25.0 25.0 16:9:18
24.0 25.0 25.0 16:9:44
31.0 33.0 33.0 16:10:10
31.0 33.0 33.0 16:10:54
34.0 36.0 36.0 16:11:34
23.0 25.0 26.0 16:11:58
27.0 28.0 28.0 16:12:18
22.0 25.0 27.0 16:12:48
22.0 24.0 24.0 16:13:22
22.0 24.0 24.0 16:13:38
18.0 19.0 19.0 16:13:58
20.0 21.0 21.0 16:14:22
20.0 21.0 21.0 16:14:50
14.0 15.0 15.0 16:15:12
14.0 15.0 15.0 16:15:30
14.0 15.0 15.0 16:15:56
23.0 25.0 25.0 16:16:36
25.0 27.0 27.0 16:16:56
25.0 27.0 27.0 16:17:20
21.0 23.0 24.0 16:17:46
18.0 19.0 19.0 16:18:30
22.0 23.0 23.0 16:19:2
23.0 24.0 24.0 16:19:18
23.0 24.0 24.0 16:19:42
26.0 27.0 27.0 16:20:11
26.0 27.0 27.0 16:20:29
26.0 27.0 27.0 16:21:1
18.0 20.0 20.0 16:21:35
25.0 27.0 27.0 16:21:55
25.0 28.0 29.0 16:22:29
31.0 32.0 32.0 16:22:41
27.0 28.0 28.0 16:23:5
35.0 37.0 37.0 16:23:51
29.0 31.0 31.0 16:24:17
29.0 31.0 31.0 16:24:49
26.0 28.0 28.0 16:25:5
26.0 28.0 28.0 16:25:29
26.0 28.0 28.0 16:26:3
24.0 25.0 25.0 16:26:31
22.0 23.0 23.0 16:26:59
25.0 26.0 26.0 16:27:19
29.0 30.0 30.0 16:27:47
30.0 31.0 31.0 16:28:33
21.0 22.0 22.0 16:29:45
21.0 23.0 25.0 16:30:29
21.0 23.0 23.0 16:30:35
21.0 23.0 23.0 16:30:59
22.0 23.0 23.0 16:31:35
30.0 31.0 31.0 16:32:5
24.0 26.0 26.0 16:32:19
21.0 23.0 23.0 16:32:45
26.0 27.0 27.0 16:33:3
25.0 27.0 27.0 16:33:31
19.0 20.0 20.0 16:33:55
21.0 22.0 22.0 16:34:45
21.0 23.0 25.0 16:35:7
21.0 23.0 24.0 16:35:29
21.0 23.0 24.0 16:35:57
19.0 20.0 20.0 16:36:35
24.0 25.0 25.0 16:36:53
24.0 26.0 26.0 16:37:23
24.0 26.0 26.0 16:37:39
30.0 34.0 36.0 16:38:3
30.0 33.0 35.0 16:38:27
26.0 30.0 34.0 16:39:1
27.0 28.0 28.0 16:39:15
27.0 28.0 28.0 16:39:39
17.0 18.0 18.0 16:40:3
18.0 19.0 19.0 16:40:37
18.0 19.0 19.0 16:40:57
26.0 27.0 27.0 16:41:33
28.0 29.0 29.0 16:42:1
25.0 27.0 27.0 16:42:21
24.0 25.0 25.0 16:42:45
28.0 30.0 30.0 16:43:9
28.0 30.0 30.0 16:43:39
28.0 32.0 35.0 16:43:53
34.0 36.0 36.0 16:44:17
34.0 35.0 35.0 16:44:51
24.0 26.0 26.0 16:45:7
24.0 26.0 26.0 16:45:31
24.0 26.0 26.0 16:45:55
25.0 28.0 30.0 16:46:37
26.0 28.0 28.0 16:46:55
20.0 21.0 21.0 16:47:17
17.0 18.0 18.0 16:47:43
24.0 25.0 25.0 16:48:7
24.0 26.0 26.0 16:48:31
27.0 29.0 29.0 16:48:53
27.0 29.0 29.0 16:49:17
27.0 28.0 28.0 16:49:49
19.0 21.0 23.0 16:50:5
19.0 20.0 20.0 16:50:31
19.0 20.0 20.0 16:50:55
26.0 27.0 27.0 16:51:31
22.0 23.0 23.0 16:51:55
32.0 34.0 34.0 16:52:21
20.0 21.0 21.0 16:52:49
30.0 32.0 32.0 16:53:5
30.0 32.0 32.0 16:53:33
33.0 35.0 35.0 16:53:51
25.0 26.0 26.0 16:54:15
25.0 26.0 26.0 16:54:39
29.0 30.0 30.0 16:55:5
29.0 30.0 30.0 16:55:41
29.0 30.0 30.0 16:56:3
40.0 43.0 43.0 16:56:31
23.0 25.0 25.0 16:56:55
26.0 28.0 29.0 16:57:21
27.0 28.0 28.0 16:57:45
24.0 26.0 26.0 16:58:9
24.0 26.0 26.0 16:58:41
29.0 32.0 33.0 16:58:55
26.0 27.0 27.0 16:59:21
26.0 28.0 28.0 16:59:45
36.0 40.0 43.0 17:0:9
36.0 40.0 42.0 17:0:33
36.0 40.0 42.0 17:0:57
19.0 20.0 20.0 17:1:37
33.0 37.0 39.0 17:1:55
33.0 34.0 34.0 17:2:21
26.0 27.0 27.0 17:2:41
33.0 35.0 35.0 17:3:31
31.0 32.0 32.0 17:3:55
29.0 31.0 31.0 17:4:17
29.0 31.0 31.0 17:4:57
28.0 31.0 32.0 17:5:11
28.0 30.0 30.0 17:5:27
28.0 30.0 30.0 17:5:53
26.0 29.0 31.0 17:6:55
30.0 31.0 31.0 17:7:21
34.0 36.0 36.0 17:7:55
19.0 20.0 20.0 17:8:7
19.0 20.0 20.0 17:8:31
