26.0 53.0 101935.0 15:23:56
26.0 52.0 101935.0 15:24:18
26.0 51.0 101936.0 15:24:42
26.0 51.0 101936.0 15:25:8
26.0 50.0 101936.0 15:25:30
26.0 49.0 101936.0 15:25:54
26.0 49.0 101936.0 15:26:32
27.0 48.0 101936.0 15:27:0
27.0 48.0 101936.0 15:27:20
27.0 47.0 101936.0 15:27:44
27.0 47.0 101936.0 15:28:8
28.0 47.0 101936.0 15:28:40
28.0 46.0 101936.0 15:28:54
28.0 46.0 101936.0 15:29:18
28.0 46.0 101935.0 15:29:42
28.0 45.0 101935.0 15:30:10
28.0 45.0 101934.0 15:30:32
27.0 45.0 101935.0 15:30:58
27.0 45.0 101947.0 15:31:52
27.0 45.0 101954.0 15:32:16
26.0 45.0 101959.0 15:32:40
26.0 45.0 101965.0 15:33:4
26.0 45.0 101970.0 15:33:44
25.0 46.0 101980.0 15:34:16
25.0 47.0 101984.0 15:34:48
24.0 48.0 101993.0 15:35:36
24.0 48.0 101997.0 15:35:56
24.0 49.0 102000.0 15:36:34
23.0 49.0 102007.0 15:37:22
23.0 49.0 102010.0 15:37:42
23.0 50.0 102012.0 15:38:6
23.0 50.0 102015.0 15:38:30
23.0 50.0 102017.0 15:39:2
23.0 51.0 102020.0 15:39:32
23.0 51.0 102022.0 15:39:42
23.0 51.0 102024.0 15:40:18
22.0 51.0 102026.0 15:40:30
22.0 51.0 102027.0 15:41:0
22.0 52.0 102029.0 15:41:32
23.0 51.0 102032.0 15:42:22
23.0 51.0 102033.0 15:42:42
23.0 51.0 102034.0 15:43:6
23.0 51.0 102035.0 15:43:30
23.0 51.0 102036.0 15:44:4
23.0 51.0 102036.0 15:44:16
23.0 51.0 102037.0 15:44:40
23.0 51.0 102038.0 15:45:4
23.0 51.0 102039.0 15:45:32
23.0 51.0 102039.0 15:45:56
23.0 51.0 102040.0 15:46:40
23.0 51.0 102041.0 15:46:56
23.0 52.0 102041.0 15:47:24
23.0 52.0 102042.0 15:47:44
22.0 52.0 102042.0 15:48:14
22.0 53.0 102042.0 15:48:30
22.0 53.0 102042.0 15:48:54
22.0 53.0 102042.0 15:49:18
22.0 53.0 102042.0 15:49:54
22.0 53.0 102042.0 15:50:6
22.0 54.0 102041.0 15:50:30
22.0 53.0 102041.0 15:50:56
21.0 54.0 102041.0 15:51:30
21.0 54.0 102040.0 15:51:56
21.0 54.0 102040.0 15:52:20
22.0 55.0 102039.0 15:52:46
22.0 54.0 102038.0 15:53:8
22.0 54.0 102037.0 15:53:34
22.0 54.0 102037.0 15:53:58
22.0 54.0 102036.0 15:54:22
22.0 53.0 102035.0 15:54:44
22.0 53.0 102034.0 15:55:8
23.0 53.0 102034.0 15:55:40
23.0 53.0 102033.0 15:55:56
23.0 53.0 102032.0 15:56:42
23.0 53.0 102032.0 15:56:54
23.0 53.0 102031.0 15:57:18
23.0 53.0 102031.0 15:57:42
23.0 53.0 102031.0 15:58:4
23.0 52.0 102031.0 15:58:30
23.0 53.0 102031.0 15:58:54
23.0 52.0 102031.0 15:59:28
23.0 52.0 102031.0 15:59:44
23.0 52.0 102032.0 16:0:8
23.0 53.0 102032.0 16:0:32
22.0 53.0 102032.0 16:0:56
22.0 53.0 102032.0 16:1:34
22.0 53.0 102032.0 16:1:54
22.0 53.0 102032.0 16:2:18
22.0 53.0 102032.0 16:2:48
22.0 53.0 102031.0 16:3:32
22.0 53.0 102030.0 16:3:58
22.0 53.0 102030.0 16:4:18
22.0 53.0 102029.0 16:4:46
22.0 53.0 102029.0 16:5:8
22.0 53.0 102028.0 16:5:34
22.0 53.0 102028.0 16:6:8
22.0 53.0 102027.0 16:6:38
22.0 53.0 102027.0 16:6:54
23.0 53.0 102026.0 16:7:40
23.0 52.0 102026.0 16:7:48
23.0 52.0 102026.0 16:8:4
23.0 52.0 102025.0 16:8:28
23.0 52.0 102025.0 16:9:6
23.0 52.0 102025.0 16:9:18
23.0 52.0 102024.0 16:9:44
23.0 52.0 102024.0 16:10:10
23.0 52.0 102023.0 16:10:54
23.0 52.0 102023.0 16:11:34
23.0 52.0 102023.0 16:11:58
23.0 52.0 102023.0 16:12:18
23.0 52.0 102023.0 16:12:48
23.0 52.0 102022.0 16:13:22
22.0 53.0 102021.0 16:13:58
22.0 53.0 102021.0 16:14:22
22.0 53.0 102020.0 16:14:50
22.0 53.0 102020.0 16:15:12
22.0 54.0 102019.0 16:15:30
22.0 54.0 102018.0 16:15:56
22.0 54.0 102018.0 16:16:36
22.0 54.0 102016.0 16:17:20
22.0 54.0 102015.0 16:17:46
22.0 54.0 102014.0 16:18:4
22.0 54.0 102013.0 16:18:30
22.0 54.0 102012.0 16:19:2
22.0 54.0 102012.0 16:19:18
22.0 54.0 102011.0 16:19:42
22.0 54.0 102010.0 16:20:11
22.0 54.0 102009.0 16:20:29
22.0 54.0 102009.0 16:21:1
22.0 54.0 102008.0 16:21:35
22.0 54.0 102007.0 16:21:55
22.0 53.0 102007.0 16:22:29
23.0 53.0 102006.0 16:22:41
23.0 53.0 102006.0 16:23:5
23.0 52.0 102005.0 16:23:51
23.0 52.0 102005.0 16:24:17
23.0 52.0 102005.0 16:24:49
23.0 52.0 102005.0 16:25:5
23.0 52.0 102005.0 16:25:29
23.0 52.0 102005.0 16:26:3
23.0 52.0 102004.0 16:26:31
23.0 53.0 102004.0 16:27:19
22.0 53.0 102004.0 16:27:47
22.0 53.0 102004.0 16:28:5
22.0 53.0 102004.0 16:28:33
21.0 54.0 102003.0 16:29:21
21.0 54.0 102004.0 16:29:45
21.0 55.0 102004.0 16:30:35
21.0 55.0 102004.0 16:30:59
21.0 55.0 102004.0 16:31:35
21.0 55.0 102004.0 16:32:5
21.0 55.0 102005.0 16:32:19
21.0 55.0 102006.0 16:32:45
21.0 55.0 102006.0 16:33:3
21.0 55.0 102007.0 16:33:31
21.0 56.0 102008.0 16:33:55
21.0 55.0 102009.0 16:34:45
21.0 55.0 102010.0 16:35:7
21.0 56.0 102010.0 16:35:29
21.0 56.0 102011.0 16:35:57
20.0 57.0 102011.0 16:36:35
20.0 57.0 102012.0 16:36:53
20.0 57.0 102013.0 16:37:23
21.0 57.0 102014.0 16:37:39
21.0 57.0 102014.0 16:38:3
21.0 56.0 102014.0 16:38:27
20.0 57.0 102015.0 16:39:1
20.0 57.0 102015.0 16:39:15
20.0 57.0 102015.0 16:39:39
20.0 57.0 102016.0 16:40:3
20.0 57.0 102016.0 16:40:37
20.0 57.0 102016.0 16:40:57
21.0 57.0 102017.0 16:41:33
21.0 58.0 102018.0 16:42:1
22.0 58.0 102019.0 16:42:21
22.0 58.0 102020.0 16:42:45
22.0 58.0 102021.0 16:43:9
23.0 58.0 102022.0 16:43:39
23.0 57.0 102023.0 16:43:53
23.0 57.0 102024.0 16:44:17
24.0 57.0 102025.0 16:44:51
24.0 56.0 102026.0 16:45:7
24.0 56.0 102027.0 16:45:31
24.0 55.0 102027.0 16:45:55
24.0 54.0 102028.0 16:46:37
23.0 54.0 102027.0 16:46:55
24.0 53.0 102027.0 16:47:17
24.0 53.0 102027.0 16:47:43
23.0 53.0 102026.0 16:48:7
23.0 53.0 102026.0 16:48:31
23.0 53.0 102026.0 16:48:53
23.0 53.0 102025.0 16:49:17
23.0 53.0 102025.0 16:49:49
22.0 53.0 102025.0 16:50:5
22.0 53.0 102025.0 16:50:31
22.0 54.0 102025.0 16:50:55
22.0 54.0 102025.0 16:51:31
22.0 54.0 102025.0 16:51:55
22.0 54.0 102025.0 16:52:21
22.0 54.0 102025.0 16:52:49
22.0 54.0 102025.0 16:53:5
21.0 55.0 102025.0 16:53:51
21.0 55.0 102025.0 16:54:15
21.0 55.0 102025.0 16:54:39
21.0 55.0 102025.0 16:55:5
21.0 56.0 102024.0 16:55:41
21.0 56.0 102024.0 16:56:3
21.0 56.0 102024.0 16:56:31
21.0 56.0 102024.0 16:56:55
21.0 56.0 102025.0 16:57:21
21.0 56.0 102025.0 16:57:45
21.0 56.0 102026.0 16:58:9
21.0 56.0 102026.0 16:58:41
20.0 57.0 102026.0 16:58:55
20.0 57.0 102027.0 16:59:21
20.0 57.0 102027.0 16:59:45
20.0 57.0 102027.0 17:0:9
20.0 57.0 102028.0 17:0:33
20.0 57.0 102029.0 17:0:57
20.0 58.0 102030.0 17:1:37
20.0 57.0 102031.0 17:1:55
21.0 57.0 102031.0 17:2:21
21.0 57.0 102032.0 17:2:41
22.0 57.0 102033.0 17:3:31
22.0 56.0 102034.0 17:3:55
22.0 56.0 102035.0 17:4:17
22.0 56.0 102035.0 17:4:57
22.0 56.0 102036.0 17:5:11
23.0 56.0 102036.0 17:5:27
23.0 56.0 102037.0 17:5:53
23.0 56.0 102037.0 17:6:31
23.0 55.0 102038.0 17:6:55
23.0 55.0 102038.0 17:7:21
23.0 54.0 102038.0 17:7:55
23.0 54.0 102038.0 17:8:7
23.0 54.0 102034.0 17:8:31
