12.0 12.0 12.0 10:43:23
12.0 13.0 14.0 10:43:31
12.0 13.0 13.0 10:43:55
3.0 3.0 3.0 10:44:19
6.0 7.0 7.0 10:44:51
6.0 7.0 7.0 10:45:3
12.0 14.0 15.0 10:45:27
10.0 11.0 11.0 10:45:51
10.0 11.0 11.0 10:46:27
8.0 8.0 8.0 10:46:43
8.0 8.0 8.0 10:47:7
8.0 8.0 8.0 10:47:31
17.0 18.0 19.0 10:48:7
9.0 10.0 10.0 10:48:31
8.0 8.0 8.0 10:48:55
9.0 10.0 11.0 10:49:19
11.0 12.0 12.0 10:49:53
11.0 12.0 12.0 10:50:5
12.0 13.0 15.0 10:50:35
19.0 20.0 20.0 10:50:55
19.0 20.0 20.0 10:51:19
26.0 28.0 28.0 10:51:43
26.0 28.0 28.0 10:52:15
26.0 28.0 28.0 10:52:27
14.0 14.0 14.0 10:53:3
20.0 23.0 24.0 10:53:27
23.0 25.0 25.0 10:53:51
23.0 24.0 24.0 10:54:31
21.0 22.0 22.0 10:54:39
21.0 22.0 22.0 10:55:3
18.0 20.0 22.0 10:55:27
22.0 23.0 23.0 10:55:51
22.0 23.0 23.0 10:56:27
23.0 28.0 31.0 10:56:41
23.0 27.0 29.0 10:57:5
23.0 27.0 29.0 10:57:29
18.0 19.0 19.0 10:58:17
24.0 26.0 27.0 10:58:29
23.0 24.0 25.0 10:58:53
23.0 25.0 25.0 10:59:17
18.0 19.0 19.0 10:59:59
18.0 19.0 19.0 11:0:7
17.0 19.0 20.0 11:0:31
18.0 20.0 20.0 11:0:57
18.0 20.0 20.0 11:1:19
18.0 19.0 19.0 11:1:49
18.0 19.0 19.0 11:2:9
18.0 19.0 19.0 11:2:29
21.0 23.0 23.0 11:3:5
18.0 20.0 21.0 11:3:55
27.0 30.0 32.0 11:4:17
25.0 27.0 27.0 11:4:41
25.0 27.0 27.0 11:5:5
23.0 24.0 24.0 11:5:37
17.0 18.0 18.0 11:5:57
17.0 18.0 18.0 11:6:21
22.0 25.0 27.0 11:6:45
22.0 25.0 27.0 11:7:9
22.0 25.0 27.0 11:7:53
16.0 17.0 17.0 11:8:9
19.0 20.0 20.0 11:8:33
19.0 20.0 21.0 11:8:57
13.0 15.0 16.0 11:9:21
20.0 21.0 21.0 11:9:51
20.0 21.0 21.0 11:10:3
18.0 21.0 23.0 11:10:27
19.0 21.0 21.0 11:10:53
19.0 21.0 21.0 11:11:21
24.0 25.0 25.0 11:11:41
24.0 25.0 25.0 11:12:5
24.0 25.0 25.0 11:12:29
17.0 18.0 18.0 11:13:17
17.0 19.0 19.0 11:13:47
24.0 25.0 25.0 11:13:55
14.0 15.0 15.0 11:14:19
17.0 19.0 19.0 11:14:43
17.0 19.0 19.0 11:15:9
20.0 21.0 21.0 11:15:55
20.0 21.0 21.0 11:16:19
19.0 20.0 20.0 11:16:43
19.0 20.0 20.0 11:17:7
19.0 20.0 20.0 11:17:31
22.0 24.0 25.0 11:18:7
23.0 25.0 25.0 11:18:31
19.0 20.0 20.0 11:18:55
22.0 23.0 23.0 11:19:19
16.0 17.0 17.0 11:19:47
16.0 17.0 17.0 11:20:3
17.0 18.0 18.0 11:20:27
17.0 19.0 19.0 11:20:53
17.0 19.0 19.0 11:21:17
13.0 14.0 14.0 11:21:49
13.0 14.0 14.0 11:22:9
13.0 14.0 14.0 11:22:33
24.0 27.0 29.0 11:23:13
15.0 16.0 16.0 11:23:32
19.0 21.0 22.0 11:23:56
18.0 20.0 21.0 11:24:20
19.0 20.0 20.0 11:24:44
19.0 20.0 21.0 11:25:8
16.0 18.0 19.0 11:25:30
21.0 22.0 22.0 11:25:54
21.0 22.0 22.0 11:26:18
15.0 16.0 16.0 11:26:46
15.0 16.0 16.0 11:27:20
15.0 16.0 16.0 11:27:30
14.0 15.0 15.0 11:28:8
21.0 24.0 27.0 11:28:40
17.0 18.0 18.0 11:28:52
16.0 17.0 18.0 11:29:16
20.0 21.0 21.0 11:29:40
20.0 21.0 21.0 11:30:4
16.0 22.0 28.0 11:30:42
17.0 18.0 18.0 11:30:54
17.0 18.0 18.0 11:31:18
12.0 12.0 12.0 11:31:46
12.0 13.0 13.0 11:32:20
12.0 13.0 13.0 11:32:32
16.0 17.0 17.0 11:33:8
17.0 19.0 19.0 11:33:32
21.0 22.0 22.0 11:34:8
16.0 18.0 18.0 11:34:20
15.0 16.0 16.0 11:34:44
16.0 17.0 17.0 11:35:10
22.0 24.0 25.0 11:35:38
14.0 16.0 16.0 11:35:58
14.0 16.0 16.0 11:36:18
21.0 23.0 24.0 11:36:42
21.0 23.0 23.0 11:37:6
21.0 23.0 23.0 11:37:30
19.0 20.0 20.0 11:38:2
39.0 41.0 41.0 11:38:26
19.0 20.0 20.0 11:38:54
16.0 17.0 17.0 11:39:18
17.0 18.0 18.0 11:39:40
17.0 18.0 18.0 11:40:4
10.0 11.0 11.0 11:40:28
20.0 21.0 21.0 11:40:52
20.0 21.0 21.0 11:41:20
20.0 24.0 26.0 11:41:40
21.0 23.0 25.0 11:42:4
21.0 23.0 25.0 11:42:28
27.0 30.0 31.0 11:43:8
21.0 24.0 26.0 11:43:32
19.0 20.0 20.0 11:43:56
21.0 23.0 24.0 11:44:40
21.0 23.0 24.0 11:45:8
14.0 15.0 15.0 11:45:28
17.0 18.0 18.0 11:45:52
17.0 18.0 18.0 11:46:32
14.0 14.0 14.0 11:46:46
14.0 15.0 15.0 11:47:2
14.0 15.0 15.0 11:47:26
16.0 17.0 17.0 11:48:2
19.0 20.0 20.0 11:48:36
18.0 19.0 19.0 11:48:54
16.0 18.0 19.0 11:49:18
22.0 24.0 24.0 11:49:42
22.0 24.0 24.0 11:50:6
17.0 19.0 19.0 11:50:46
19.0 20.0 20.0 11:50:54
19.0 20.0 20.0 11:51:18
12.0 13.0 14.0 11:51:42
12.0 13.0 14.0 11:52:30
19.0 20.0 20.0 11:53:6
17.0 18.0 18.0 11:53:30
16.0 17.0 17.0 11:54:10
20.0 23.0 26.0 11:54:18
21.0 22.0 22.0 11:54:42
21.0 22.0 22.0 11:55:6
16.0 17.0 17.0 11:55:30
20.0 21.0 22.0 11:55:52
20.0 21.0 22.0 11:56:16
20.0 21.0 21.0 11:56:40
20.0 21.0 21.0 11:57:4
20.0 21.0 21.0 11:57:28
20.0 21.0 21.0 11:58:8
17.0 18.0 19.0 11:58:32
19.0 20.0 20.0 11:58:50
21.0 27.0 34.0 11:59:14
19.0 20.0 21.0 11:59:50
19.0 20.0 21.0 12:0:2
13.0 13.0 13.0 12:0:26
29.0 30.0 30.0 12:0:50
29.0 30.0 30.0 12:1:18
21.0 22.0 22.0 12:1:42
21.0 22.0 22.0 12:2:6
21.0 22.0 22.0 12:2:30
24.0 26.0 26.0 12:3:26
20.0 22.0 22.0 12:3:50
15.0 18.0 20.0 12:4:14
22.0 24.0 24.0 12:4:38
22.0 23.0 23.0 12:5:12
18.0 21.0 23.0 12:5:28
23.0 25.0 25.0 12:5:52
23.0 24.0 25.0 12:6:16
26.0 29.0 31.0 12:6:54
26.0 29.0 31.0 12:7:10
26.0 29.0 31.0 12:7:26
19.0 21.0 22.0 12:8:2
22.0 23.0 23.0 12:8:50
17.0 19.0 21.0 12:9:14
22.0 23.0 24.0 12:9:38
22.0 23.0 24.0 12:10:2
26.0 27.0 27.0 12:10:26
19.0 21.0 21.0 12:11:8
20.0 21.0 21.0 12:11:24
22.0 23.0 23.0 12:11:44
22.0 23.0 23.0 12:12:8
22.0 23.0 23.0 12:12:30
22.0 23.0 23.0 12:13:8
16.0 18.0 19.0 12:13:32
26.0 28.0 29.0 12:13:56
20.0 21.0 21.0 12:14:24
20.0 21.0 21.0 12:14:40
20.0 21.0 21.0 12:15:4
22.0 23.0 23.0 12:15:28
22.0 24.0 25.0 12:15:52
22.0 24.0 25.0 12:16:28
24.0 26.0 26.0 12:16:42
24.0 26.0 26.0 12:17:6
24.0 26.0 26.0 12:17:30
28.0 31.0 32.0 12:18:22
25.0 26.0 26.0 12:18:38
24.0 25.0 25.0 12:18:54
26.0 28.0 28.0 12:19:18
25.0 26.0 26.0 12:19:40
26.0 27.0 27.0 12:20:4
21.0 23.0 23.0 12:20:40
23.0 25.0 25.0 12:20:52
23.0 25.0 25.0 12:21:16
26.0 27.0 27.0 12:21:40
26.0 28.0 28.0 12:22:4
26.0 28.0 28.0 12:22:34
21.0 23.0 25.0 12:23:2
20.0 21.0 22.0 12:23:26
22.0 23.0 24.0 12:23:52
39.0 43.0 46.0 12:24:30
25.0 26.0 26.0 12:24:42
25.0 26.0 26.0 12:25:6
31.0 33.0 33.0 12:25:30
22.0 24.0 25.0 12:25:58
22.0 24.0 25.0 12:26:22
11.0 13.0 14.0 12:26:38
12.0 13.0 14.0 12:27:2
