26.0 59.0 101492.0 10:43:23
26.0 58.0 101493.0 10:43:31
26.0 57.0 101493.0 10:43:55
27.0 57.0 101493.0 10:44:19
27.0 56.0 101493.0 10:44:51
27.0 56.0 101492.0 10:45:3
27.0 56.0 101492.0 10:45:27
27.0 55.0 101492.0 10:45:51
27.0 55.0 101492.0 10:46:27
27.0 55.0 101492.0 10:46:43
27.0 54.0 101492.0 10:47:7
27.0 54.0 101492.0 10:47:31
27.0 54.0 101493.0 10:48:7
28.0 54.0 101493.0 10:48:31
28.0 53.0 101493.0 10:48:55
28.0 52.0 101493.0 10:49:19
28.0 51.0 101492.0 10:49:53
28.0 50.0 101494.0 10:50:5
27.0 50.0 101499.0 10:50:35
26.0 50.0 101506.0 10:50:55
26.0 50.0 101512.0 10:51:19
26.0 50.0 101518.0 10:51:43
25.0 50.0 101524.0 10:52:15
25.0 51.0 101529.0 10:52:27
24.0 52.0 101534.0 10:53:3
24.0 52.0 101539.0 10:53:27
24.0 53.0 101544.0 10:53:51
24.0 53.0 101552.0 10:54:39
23.0 54.0 101556.0 10:55:3
23.0 55.0 101560.0 10:55:27
23.0 55.0 101563.0 10:55:51
23.0 55.0 101567.0 10:56:27
23.0 55.0 101570.0 10:56:41
23.0 55.0 101573.0 10:57:5
22.0 56.0 101576.0 10:57:29
22.0 57.0 101578.0 10:58:17
22.0 57.0 101581.0 10:58:29
23.0 56.0 101583.0 10:58:53
23.0 56.0 101585.0 10:59:17
24.0 55.0 101587.0 10:59:59
24.0 55.0 101589.0 11:0:7
24.0 55.0 101591.0 11:0:31
24.0 54.0 101592.0 11:0:57
25.0 54.0 101594.0 11:1:19
25.0 54.0 101595.0 11:1:49
25.0 53.0 101596.0 11:2:9
25.0 53.0 101598.0 11:2:29
25.0 53.0 101599.0 11:3:5
26.0 52.0 101602.0 11:3:55
26.0 51.0 101603.0 11:4:17
26.0 51.0 101605.0 11:4:41
26.0 51.0 101606.0 11:5:5
26.0 51.0 101607.0 11:5:37
26.0 50.0 101608.0 11:5:57
26.0 50.0 101608.0 11:6:21
26.0 50.0 101609.0 11:6:45
26.0 50.0 101610.0 11:7:9
25.0 51.0 101610.0 11:7:53
25.0 51.0 101610.0 11:8:9
26.0 51.0 101611.0 11:8:33
26.0 50.0 101611.0 11:8:57
26.0 50.0 101611.0 11:9:21
26.0 50.0 101611.0 11:9:51
25.0 51.0 101611.0 11:10:3
25.0 51.0 101611.0 11:10:27
25.0 51.0 101610.0 11:10:53
25.0 51.0 101609.0 11:11:21
25.0 51.0 101608.0 11:11:41
25.0 51.0 101607.0 11:12:5
25.0 51.0 101607.0 11:12:29
25.0 51.0 101606.0 11:13:17
25.0 51.0 101606.0 11:13:47
25.0 51.0 101605.0 11:13:55
25.0 51.0 101604.0 11:14:19
25.0 51.0 101604.0 11:14:43
25.0 50.0 101604.0 11:15:9
26.0 50.0 101603.0 11:15:55
26.0 50.0 101603.0 11:16:19
26.0 50.0 101603.0 11:16:43
26.0 50.0 101603.0 11:17:7
26.0 50.0 101603.0 11:17:31
25.0 50.0 101604.0 11:18:7
25.0 50.0 101604.0 11:18:31
25.0 50.0 101605.0 11:18:55
26.0 50.0 101605.0 11:19:19
26.0 50.0 101606.0 11:19:47
26.0 50.0 101606.0 11:20:3
26.0 50.0 101606.0 11:20:27
26.0 50.0 101606.0 11:20:53
25.0 50.0 101606.0 11:21:17
25.0 50.0 101606.0 11:21:49
25.0 50.0 101606.0 11:22:9
25.0 50.0 101605.0 11:22:33
25.0 50.0 101605.0 11:23:13
25.0 50.0 101604.0 11:23:32
25.0 50.0 101604.0 11:23:56
25.0 49.0 101603.0 11:24:20
25.0 49.0 101603.0 11:24:44
26.0 49.0 101602.0 11:25:8
26.0 49.0 101601.0 11:25:30
26.0 49.0 101601.0 11:25:54
26.0 49.0 101600.0 11:26:18
26.0 49.0 101599.0 11:26:46
26.0 49.0 101599.0 11:27:20
26.0 49.0 101598.0 11:27:30
26.0 49.0 101598.0 11:28:8
26.0 49.0 101598.0 11:28:40
26.0 48.0 101597.0 11:28:52
27.0 48.0 101597.0 11:29:16
27.0 48.0 101596.0 11:29:40
27.0 48.0 101596.0 11:30:4
27.0 48.0 101596.0 11:30:42
27.0 47.0 101595.0 11:30:54
27.0 47.0 101595.0 11:31:18
26.0 48.0 101594.0 11:31:46
26.0 48.0 101594.0 11:32:20
26.0 48.0 101594.0 11:32:32
25.0 48.0 101593.0 11:33:8
25.0 48.0 101593.0 11:33:32
26.0 48.0 101591.0 11:34:20
25.0 49.0 101590.0 11:35:10
25.0 49.0 101589.0 11:35:38
25.0 49.0 101588.0 11:35:58
25.0 50.0 101587.0 11:36:18
24.0 50.0 101586.0 11:36:42
24.0 50.0 101585.0 11:37:6
24.0 50.0 101584.0 11:37:30
24.0 51.0 101584.0 11:38:2
24.0 51.0 101583.0 11:38:26
24.0 51.0 101582.0 11:38:54
24.0 51.0 101581.0 11:39:18
24.0 51.0 101580.0 11:39:40
24.0 51.0 101579.0 11:40:4
24.0 51.0 101578.0 11:40:28
24.0 51.0 101578.0 11:40:52
24.0 51.0 101577.0 11:41:20
24.0 51.0 101576.0 11:41:40
25.0 50.0 101575.0 11:42:4
25.0 50.0 101575.0 11:42:28
25.0 50.0 101574.0 11:43:8
25.0 50.0 101574.0 11:43:32
25.0 50.0 101573.0 11:43:56
26.0 49.0 101572.0 11:44:40
26.0 49.0 101572.0 11:45:8
26.0 49.0 101571.0 11:45:28
25.0 49.0 101571.0 11:45:52
25.0 49.0 101570.0 11:46:32
25.0 49.0 101570.0 11:46:46
25.0 49.0 101570.0 11:47:2
25.0 50.0 101569.0 11:47:26
25.0 50.0 101569.0 11:48:2
24.0 50.0 101569.0 11:48:36
24.0 50.0 101569.0 11:48:54
24.0 50.0 101569.0 11:49:18
24.0 51.0 101569.0 11:49:42
24.0 51.0 101569.0 11:50:6
24.0 51.0 101569.0 11:50:46
24.0 51.0 101569.0 11:50:54
24.0 51.0 101570.0 11:51:18
24.0 51.0 101570.0 11:51:42
24.0 51.0 101571.0 11:52:30
24.0 52.0 101571.0 11:53:6
24.0 52.0 101571.0 11:53:30
25.0 51.0 101572.0 11:54:18
25.0 51.0 101573.0 11:54:42
25.0 51.0 101573.0 11:55:6
25.0 51.0 101574.0 11:55:30
25.0 50.0 101574.0 11:55:52
25.0 50.0 101575.0 11:56:16
25.0 50.0 101575.0 11:56:40
25.0 50.0 101575.0 11:57:4
25.0 50.0 101576.0 11:57:28
25.0 51.0 101576.0 11:58:8
25.0 51.0 101576.0 11:58:32
25.0 50.0 101577.0 11:58:50
25.0 51.0 101579.0 11:59:14
26.0 50.0 101580.0 11:59:50
25.0 50.0 101581.0 12:0:2
25.0 50.0 101582.0 12:0:26
25.0 50.0 101584.0 12:0:50
25.0 50.0 101585.0 12:1:18
25.0 50.0 101586.0 12:1:42
25.0 50.0 101587.0 12:2:6
25.0 51.0 101588.0 12:2:30
25.0 50.0 101589.0 12:3:26
25.0 50.0 101590.0 12:3:50
26.0 50.0 101591.0 12:4:14
26.0 50.0 101592.0 12:4:38
26.0 50.0 101592.0 12:5:12
25.0 51.0 101592.0 12:5:28
25.0 50.0 101591.0 12:5:52
25.0 50.0 101591.0 12:6:16
25.0 51.0 101590.0 12:6:54
25.0 50.0 101590.0 12:7:10
25.0 51.0 101590.0 12:7:26
25.0 51.0 101589.0 12:8:2
25.0 51.0 101589.0 12:8:34
25.0 50.0 101590.0 12:8:50
25.0 50.0 101590.0 12:9:14
25.0 50.0 101590.0 12:9:38
25.0 50.0 101590.0 12:10:2
25.0 51.0 101590.0 12:10:26
25.0 51.0 101591.0 12:11:8
25.0 50.0 101591.0 12:11:24
25.0 51.0 101590.0 12:11:44
25.0 51.0 101590.0 12:12:8
25.0 51.0 101589.0 12:12:30
24.0 51.0 101589.0 12:13:8
25.0 51.0 101589.0 12:13:32
25.0 51.0 101589.0 12:13:56
25.0 51.0 101589.0 12:14:24
25.0 51.0 101589.0 12:14:40
25.0 51.0 101589.0 12:15:4
24.0 51.0 101589.0 12:15:28
25.0 51.0 101589.0 12:15:52
25.0 51.0 101589.0 12:16:28
24.0 52.0 101589.0 12:16:42
24.0 52.0 101589.0 12:17:6
24.0 52.0 101590.0 12:17:30
24.0 53.0 101590.0 12:18:22
24.0 52.0 101590.0 12:18:38
25.0 52.0 101591.0 12:18:54
25.0 52.0 101591.0 12:19:18
25.0 51.0 101591.0 12:19:40
25.0 51.0 101592.0 12:20:4
25.0 51.0 101592.0 12:20:40
26.0 51.0 101593.0 12:20:52
26.0 50.0 101593.0 12:21:16
26.0 50.0 101594.0 12:21:40
26.0 50.0 101595.0 12:22:4
26.0 50.0 101595.0 12:22:34
26.0 50.0 101596.0 12:23:2
26.0 50.0 101596.0 12:23:26
27.0 50.0 101597.0 12:23:52
27.0 50.0 101597.0 12:24:30
27.0 49.0 101598.0 12:24:42
27.0 49.0 101598.0 12:25:6
27.0 49.0 101598.0 12:25:30
27.0 48.0 101598.0 12:25:58
27.0 48.0 101597.0 12:26:22
27.0 48.0 101593.0 12:26:38
27.0 48.0 101586.0 12:27:2
