850.0 847.0 0.01 0.0 10:43:31
923.0 831.0 0.01 0.0 10:43:55
987.0 836.0 0.01 0.0 10:44:19
990.0 853.0 0.01 0.0 10:44:51
1013.0 894.0 0.01 0.0 10:45:3
1032.0 909.0 0.01 0.0 10:45:27
1010.0 904.0 0.01 0.0 10:45:51
995.0 904.0 0.01 0.0 10:46:27
999.0 911.0 0.01 0.0 10:46:43
985.0 895.0 0.01 0.0 10:47:7
986.0 901.0 0.01 0.0 10:47:31
959.0 913.0 0.01 0.0 10:48:7
939.0 894.0 0.01 0.0 10:48:31
857.0 886.0 0.01 0.0 10:48:55
194.0 834.0 0.01 0.0 10:49:53
133.0 726.0 0.01 0.0 10:50:5
60.0 690.0 0.01 0.0 10:50:35
0.0 631.0 0.01 0.0 10:50:55
0.0 651.0 0.01 0.0 10:51:19
0.0 570.0 0.01 0.0 10:51:43
1.0 599.0 0.01 0.0 10:52:15
1.0 616.0 0.01 0.0 10:52:27
2.0 700.0 0.01 0.0 10:53:3
6.0 703.0 0.01 0.0 10:53:27
4.0 589.0 0.01 0.0 10:53:51
34.0 556.0 0.01 0.0 10:54:31
5.0 659.0 0.01 0.0 10:54:39
1.0 663.0 0.01 0.0 10:55:3
2.0 648.0 0.01 0.0 10:55:27
3.0 593.0 0.01 0.0 10:55:51
16.0 630.0 0.01 0.0 10:56:27
43.0 608.0 0.01 0.0 10:56:41
36.0 629.0 0.01 0.0 10:57:5
7.0 603.0 0.01 0.0 10:57:29
1.0 567.0 0.01 0.0 10:58:17
4.0 595.0 0.01 0.0 10:58:29
65.0 609.0 0.01 0.0 10:58:53
380.0 623.0 0.01 0.0 10:59:17
608.0 637.0 0.01 0.0 11:0:7
728.0 599.0 0.01 0.0 11:0:31
647.0 576.0 0.01 0.0 11:0:57
557.0 632.0 0.01 0.0 11:1:19
696.0 619.0 0.01 0.0 11:1:49
792.0 622.0 0.01 0.0 11:2:9
778.0 621.0 0.01 0.0 11:2:29
746.0 590.0 0.01 0.0 11:3:5
801.0 628.0 0.01 0.0 11:3:51
579.0 618.0 0.01 0.0 11:3:55
550.0 596.0 0.01 0.0 11:4:17
395.0 566.0 0.01 0.0 11:4:41
309.0 597.0 0.01 0.0 11:5:5
237.0 577.0 0.01 0.0 11:5:37
235.0 596.0 0.01 0.0 11:5:57
211.0 621.0 0.01 0.0 11:6:21
224.0 575.0 0.01 0.0 11:6:45
220.0 585.0 0.01 0.0 11:7:9
168.0 628.0 0.01 0.0 11:7:53
151.0 590.0 0.01 0.0 11:8:9
220.0 623.0 0.01 0.0 11:8:33
274.0 655.0 0.01 0.0 11:8:57
347.0 615.0 0.01 0.0 11:9:21
178.0 524.0 0.01 0.0 11:9:51
94.0 623.0 0.01 0.0 11:10:3
46.0 611.0 0.01 0.0 11:10:27
23.0 608.0 0.01 0.0 11:10:53
45.0 564.0 0.01 0.0 11:11:21
179.0 615.0 0.01 0.0 11:11:41
386.0 611.0 0.01 0.0 11:12:5
411.0 579.0 0.01 0.0 11:12:29
273.0 612.0 0.01 0.0 11:13:17
240.0 588.0 0.01 0.0 11:13:55
142.0 579.0 0.01 0.0 11:14:19
150.0 596.0 0.01 0.0 11:14:43
212.0 589.0 0.01 0.0 11:15:9
266.0 594.0 0.01 0.0 11:15:51
287.0 587.0 0.01 0.0 11:15:55
271.0 594.0 0.01 0.0 11:16:19
207.0 586.0 0.01 0.0 11:16:43
217.0 579.0 0.01 0.0 11:17:7
179.0 599.0 0.01 0.0 11:17:31
137.0 561.0 0.01 0.0 11:18:7
114.0 561.0 0.01 0.0 11:18:31
89.0 602.0 0.01 0.0 11:18:55
125.0 610.0 0.01 0.0 11:19:19
198.0 592.0 0.01 0.0 11:19:47
139.0 576.0 0.01 0.0 11:20:3
84.0 579.0 0.01 0.0 11:20:27
88.0 598.0 0.01 0.0 11:20:53
53.0 616.0 0.01 0.0 11:21:17
28.0 594.0 0.01 0.0 11:21:49
57.0 596.0 0.01 0.0 11:22:9
17.0 638.0 0.01 0.0 11:22:33
4.0 577.0 0.01 0.0 11:23:13
42.0 627.0 0.01 0.0 11:23:32
119.0 621.0 0.01 0.0 11:23:56
140.0 610.0 0.01 0.0 11:24:20
107.0 561.0 0.01 0.0 11:24:44
183.0 648.0 0.01 0.0 11:25:30
222.0 588.0 0.01 0.0 11:25:54
278.0 611.0 0.01 0.0 11:26:18
488.0 616.0 0.01 0.0 11:26:46
352.0 611.0 0.01 0.0 11:27:30
447.0 617.0 0.01 0.0 11:28:8
432.0 602.0 0.01 0.0 11:28:40
381.0 591.0 0.01 0.0 11:28:52
356.0 599.0 0.01 0.0 11:29:16
389.0 605.0 0.01 0.0 11:29:40
523.0 616.0 0.01 0.0 11:30:4
540.0 580.0 0.01 0.0 11:30:42
361.0 582.0 0.01 0.0 11:30:54
263.0 626.0 0.01 0.0 11:31:18
94.0 547.0 0.01 0.0 11:31:46
15.0 659.0 0.01 0.0 11:32:20
32.0 722.0 0.01 0.0 11:32:32
92.0 582.0 0.01 0.0 11:33:8
82.0 588.0 0.01 0.0 11:33:32
61.0 594.0 0.01 0.0 11:34:8
30.0 570.0 0.01 0.0 11:34:20
4.0 574.0 0.01 0.0 11:34:44
0.0 542.0 0.01 0.0 11:35:10
0.0 627.0 0.01 0.0 11:35:38
8.0 540.0 0.01 0.0 11:35:58
20.0 599.0 0.01 0.0 11:36:18
10.0 664.0 0.01 0.0 11:36:42
2.0 598.0 0.01 0.0 11:37:6
17.0 587.0 0.01 0.0 11:37:30
17.0 672.0 0.01 0.0 11:38:2
18.0 587.0 0.01 0.0 11:38:26
29.0 713.0 0.01 0.0 11:38:54
2.0 600.0 0.01 0.0 11:39:18
13.0 580.0 0.01 0.0 11:39:40
102.0 637.0 0.01 0.0 11:40:4
119.0 618.0 0.01 0.0 11:40:28
62.0 656.0 0.01 0.0 11:40:52
65.0 605.0 0.01 0.0 11:41:20
112.0 594.0 0.01 0.0 11:41:40
185.0 623.0 0.01 0.0 11:42:4
218.0 624.0 0.01 0.0 11:42:28
182.0 585.0 0.01 0.0 11:43:8
111.0 645.0 0.01 0.0 11:43:32
88.0 599.0 0.01 0.0 11:43:56
113.0 591.0 0.01 0.0 11:44:36
352.0 598.0 0.01 0.0 11:44:40
361.0 631.0 0.01 0.0 11:45:8
198.0 591.0 0.01 0.0 11:45:28
95.0 576.0 0.01 0.0 11:45:52
4.0 554.0 0.01 0.0 11:46:46
0.0 631.0 0.01 0.0 11:47:2
3.0 635.0 0.01 0.0 11:47:26
9.0 602.0 0.01 0.0 11:48:2
17.0 588.0 0.01 0.0 11:48:36
0.0 626.0 0.01 0.0 11:48:54
0.0 706.0 0.01 0.0 11:49:18
1.0 591.0 0.01 0.0 11:49:42
26.0 637.0 0.01 0.0 11:50:6
61.0 556.0 0.01 0.0 11:50:54
80.0 581.0 0.01 0.0 11:51:18
59.0 543.0 0.01 0.0 11:51:42
30.0 617.0 0.01 0.0 11:52:26
6.0 639.0 0.01 0.0 11:52:30
0.0 617.0 0.01 0.0 11:53:6
0.0 565.0 0.01 0.0 11:53:30
8.0 621.0 0.01 0.0 11:54:10
31.0 678.0 0.01 0.0 11:54:18
92.0 536.0 0.01 0.0 11:54:42
86.0 537.0 0.01 0.0 11:55:6
75.0 628.0 0.01 0.0 11:55:30
75.0 613.0 0.01 0.0 11:55:52
44.0 617.0 0.01 0.0 11:56:16
44.0 623.0 0.01 0.0 11:56:40
48.0 603.0 0.01 0.0 11:57:4
54.0 641.0 0.01 0.0 11:57:28
64.0 618.0 0.01 0.0 11:58:8
40.0 626.0 0.01 0.0 11:58:32
56.0 655.0 0.01 0.0 11:58:50
231.0 603.0 0.01 0.0 11:59:14
390.0 571.0 0.01 0.0 11:59:50
206.0 602.0 0.01 0.0 12:0:2
282.0 598.0 0.01 0.0 12:0:26
192.0 580.0 0.01 0.0 12:0:50
110.0 597.0 0.01 0.0 12:1:18
99.0 570.0 0.01 0.0 12:1:42
101.0 611.0 0.01 0.0 12:2:6
78.0 568.0 0.01 0.0 12:2:30
102.0 590.0 0.01 0.0 12:3:20
189.0 580.0 0.01 0.0 12:3:26
314.0 579.0 0.01 0.0 12:3:50
501.0 608.0 0.01 0.0 12:4:14
404.0 588.0 0.01 0.0 12:4:38
216.0 571.0 0.01 0.0 12:5:12
124.0 599.0 0.01 0.0 12:5:28
76.0 556.0 0.01 0.0 12:5:52
61.0 546.0 0.01 0.0 12:6:16
39.0 603.0 0.01 0.0 12:7:10
32.0 649.0 0.01 0.0 12:7:26
16.0 598.0 0.01 0.0 12:8:2
8.0 576.0 0.01 0.0 12:8:34
21.0 599.0 0.01 0.0 12:8:50
71.0 529.0 0.01 0.0 12:9:14
41.0 587.0 0.01 0.0 12:9:38
27.0 631.0 0.01 0.0 12:10:2
15.0 600.0 0.01 0.0 12:10:26
15.0 625.0 0.01 0.0 12:11:8
32.0 625.0 0.01 0.0 12:11:24
66.0 585.0 0.01 0.0 12:11:44
88.0 602.0 0.01 0.0 12:12:8
69.0 661.0 0.01 0.0 12:12:30
31.0 585.0 0.01 0.0 12:13:8
15.0 602.0 0.01 0.0 12:13:32
7.0 675.0 0.01 0.0 12:13:56
0.0 616.0 0.01 0.0 12:14:40
8.0 611.0 0.01 0.0 12:15:4
30.0 593.0 0.01 0.0 12:15:28
50.0 672.0 0.01 0.0 12:15:52
54.0 636.0 0.01 0.0 12:16:28
32.0 540.0 0.01 0.0 12:16:42
0.0 728.0 0.01 0.0 12:17:6
2.0 695.0 0.01 0.0 12:17:30
1.0 540.0 0.01 0.0 12:18:38
22.0 643.0 0.01 0.0 12:18:54
63.0 661.0 0.01 0.0 12:19:18
62.0 584.0 0.01 0.0 12:19:40
357.0 615.0 0.01 0.0 12:20:4
588.0 622.0 0.01 0.0 12:20:40
614.0 599.0 0.01 0.0 12:20:52
735.0 634.0 0.01 0.0 12:21:16
869.0 584.0 0.01 0.0 12:21:40
1013.0 583.0 0.01 0.0 12:22:4
1159.0 618.0 0.01 0.0 12:22:34
1091.0 636.0 0.01 0.0 12:23:2
1132.0 653.0 0.01 0.0 12:23:26
1004.0 641.0 0.01 0.0 12:23:52
1182.0 645.0 0.01 0.0 12:24:30
948.0 599.0 0.01 0.0 12:24:42
877.0 623.0 0.01 0.0 12:25:6
899.0 629.0 0.01 0.0 12:25:30
573.0 570.0 0.01 0.0 12:25:58
436.0 616.0 0.01 0.0 12:26:22
462.0 672.0 0.01 0.0 12:26:38
498.0 735.0 0.01 0.0 12:27:2
