42.86
40.00
33.33
12.00
10.91
11.76
11.11
31.58
28.57
35.29
31.58
37.50
37.50
37.50
18.75
37.50
19.35
19.35
37.50
19.35
37.50
30.00
18.75
15.79
33.33
35.29
18.18
35.29
26.09
31.58
35.29
26.09
33.33
26.09
23.08
18.18
19.35
17.65
19.35
18.75
18.75
18.75
24.00
24.00
19.35
31.58
30.00
31.58
10.91
11.11
9.52
18.75
19.35
18.75
31.58
33.33
33.33
31.58
10.34
10.91
33.33
17.65
11.32
31.58
19.35
32.46
19.35
11.32
10.08
35.29
18.75
11.76
35.29
20.00
19.35
19.35
16.67
19.35
19.35
19.35
18.75
19.35
19.35
19.35
19.35
19.35
19.35
19.35
19.68
20.00
19.35
9.52
11.32
37.50
31.58
37.50
34.31
19.35
11.32
35.29
11.11
10.34
35.29
10.71
