0.00 25.57 51.25 100236.32 572.77 1104.02 0.00 0.01 4.28 3.93 4.28
1.00 25.57 49.72 100237.07 541.93 1043.45 0.00 0.01 5.50 5.50 5.50
2.00 25.57 48.18 100237.07 531.77 1022.05 0.00 0.01 5.90 5.90 5.90
3.00 26.45 47.15 100237.07 504.57 1030.17 0.00 0.01 5.87 5.53 5.87
4.00 26.75 46.22 100237.07 513.71 1011.62 0.00 0.01 4.93 4.93 4.93
5.00 27.53 45.27 100236.92 489.05 1031.17 0.00 0.01 7.48 7.48 7.48
6.00 27.53 44.57 100235.78 420.18 1098.80 0.00 0.01 3.82 3.82 3.82
7.00 26.68 44.25 100235.95 270.82 944.95 0.00 0.01 1.97 1.97 1.97
8.00 26.42 44.25 100251.68 90.82 684.02 0.00 0.01 20.90 20.50 20.90
9.00 25.57 44.25 100264.23 30.10 579.55 0.00 0.01 25.40 25.40 25.40
10.00 25.07 44.75 100275.50 8.27 603.38 0.00 0.01 21.29 21.29 21.29
11.00 24.39 46.29 100164.16 4.82 562.32 0.00 0.01 21.77 21.77 21.77
12.00 23.60 47.37 100296.82 131.52 597.15 0.00 0.01 23.95 23.95 23.95
13.00 23.20 48.12 100181.25 30.23 582.00 0.00 0.01 27.73 27.71 27.73
14.00 22.62 48.78 100311.63 8.71 619.63 0.00 0.01 23.48 23.10 23.48
15.00 22.62 49.32 100316.50 0.00 600.95 0.00 0.01 21.18 21.18 21.18
16.00 22.45 50.15 100322.67 18.61 608.20 0.00 0.01 22.34 22.34 22.34
17.00 21.63 50.27 100326.45 3.38 576.68 0.00 0.01 19.38 19.38 19.38
18.00 21.88 50.58 99904.40 16.25 597.75 0.00 0.01 24.15 24.15 24.15
19.00 22.62 50.15 100333.02 38.37 597.70 0.00 0.01 25.67 24.63 25.67
20.00 22.62 50.15 100334.95 14.17 582.17 0.00 0.01 26.07 24.77 26.07
21.00 22.62 50.15 100336.88 41.73 621.97 0.00 0.01 23.03 23.03 23.03
22.00 22.62 50.15 100338.35 286.17 620.63 0.00 0.01 21.63 21.63 21.63
23.00 22.62 50.30 100339.85 107.05 617.38 0.00 0.01 21.68 21.68 21.68
24.00 22.32 51.17 100341.12 41.48 644.58 0.00 0.01 25.28 25.28 25.28
25.00 21.63 52.12 100341.30 22.48 591.10 0.00 0.01 20.40 20.40 20.40
26.00 21.63 52.12 100341.30 7.22 659.10 0.00 0.01 22.80 22.40 22.80
27.00 21.63 52.55 100340.32 10.42 668.62 0.00 0.01 21.63 20.65 21.63
28.00 20.67 53.08 100339.78 12.22 656.85 0.00 0.01 67.47 63.05 67.47
29.00 21.33 53.47 100338.33 3.47 541.93 0.00 0.01 26.90 26.90 26.90
30.00 21.63 53.10 100336.43 3.50 600.03 0.00 0.01 22.53 22.53 22.53
31.00 21.63 52.42 100334.43 43.85 587.70 0.00 0.01 19.42 19.42 19.42
32.00 22.37 52.12 100332.97 116.08 599.43 0.00 0.01 20.65 20.65 20.65
33.00 22.62 52.12 100331.68 148.35 595.62 0.00 0.01 23.05 22.25 23.05
34.00 22.62 52.12 100330.48 178.65 550.57 0.00 0.01 57.78 57.78 57.78
35.00 22.62 51.72 100330.48 121.38 576.40 0.00 0.01 33.60 33.60 33.60
36.00 22.62 51.25 100330.68 96.45 571.40 0.00 0.01 25.07 24.87 25.07
37.00 22.23 51.92 100331.47 125.17 625.52 0.00 0.01 28.32 26.55 28.32
38.00 21.63 52.12 100331.47 104.85 584.17 0.00 0.01 24.05 22.88 24.05
39.00 21.61 52.07 100241.96 87.32 618.67 0.00 0.01 24.17 22.87 24.17
40.00 21.51 51.82 99763.24 97.05 633.27 0.00 0.01 18.30 18.30 18.30
41.00 21.63 52.12 100329.02 126.40 661.35 0.00 0.01 24.32 24.20 24.32
42.00 21.63 52.12 100327.85 124.87 649.65 0.00 0.01 17.38 16.40 17.38
43.00 21.63 52.12 100326.95 118.82 598.80 0.00 0.01 21.52 20.85 21.52
44.00 22.17 51.72 100326.02 110.48 595.85 0.00 0.01 26.58 26.58 26.58
45.00 22.62 51.13 100324.85 116.44 604.55 0.00 0.01 30.72 30.72 30.72
46.00 22.62 51.13 100324.15 60.34 578.87 0.00 0.01 24.35 24.35 24.35
47.00 22.59 51.07 100201.88 3.28 614.65 0.00 0.01 32.41 32.41 32.41
48.00 22.62 51.13 100322.62 22.08 622.64 0.00 0.01 32.48 32.32 32.48
49.00 22.62 51.13 100322.62 88.32 673.97 0.00 0.01 26.88 26.08 26.88
50.00 22.22 50.90 99471.62 65.52 598.00 0.00 0.01 23.68 23.18 23.68
51.00 21.63 52.12 100320.40 54.90 584.83 0.00 0.01 20.12 20.12 20.12
52.00 21.63 52.68 100318.97 110.03 655.97 0.00 0.01 15.45 15.45 15.45
53.00 21.58 52.98 100093.13 94.50 657.58 0.00 0.01 19.48 19.48 19.48
54.00 21.49 52.74 99643.16 65.27 596.42 0.00 0.01 25.75 25.48 25.75
55.00 21.63 53.10 100313.28 66.30 630.10 0.00 0.01 18.74 18.68 18.74
56.00 21.63 53.10 100311.52 97.52 623.86 0.00 0.01 23.25 23.25 23.25
57.00 21.63 53.10 100309.52 57.92 731.76 0.00 0.01 26.00 26.00 26.00
58.00 21.63 53.10 100308.42 50.88 655.53 0.00 0.01 24.22 24.22 24.22
59.00 21.90 52.63 100306.62 74.28 602.60 0.00 0.01 28.28 28.08 28.28
60.00 22.62 52.03 100305.82 80.65 586.30 0.00 0.01 28.82 28.82 28.82
61.00 22.62 51.13 100304.92 70.65 611.33 0.00 0.01 32.58 32.58 32.58
62.00 22.62 51.13 100304.92 77.46 618.98 0.00 0.01 28.03 28.03 28.03
63.00 22.62 51.13 100304.55 84.95 634.35 0.00 0.01 26.43 26.43 26.43
64.00 22.30 51.52 99453.90 19.42 556.00 0.00 0.01 24.80 24.80 24.80
65.00 21.63 52.12 100303.93 0.00 591.43 0.00 0.01 29.62 29.62 29.62
66.00 20.50 52.29 99003.18 3.85 579.06 0.00 0.01 23.40 23.40 23.40
67.00 20.61 53.26 100115.04 45.73 535.89 0.00 0.01 22.17 21.97 22.17
68.00 20.65 54.08 100303.93 59.75 622.80 0.00 0.01 22.62 22.62 22.62
69.00 20.65 54.08 100304.43 31.38 681.57 0.00 0.01 25.78 25.78 25.78
70.00 20.65 54.08 100306.15 23.70 619.48 0.00 0.01 25.48 25.48 25.48
71.00 20.65 54.92 100307.72 34.20 593.10 0.00 0.01 20.72 20.72 20.72
72.00 20.65 54.33 100309.47 71.87 621.03 0.00 0.01 23.23 22.25 23.23
73.00 20.52 55.20 100310.60 15.13 633.07 0.00 0.01 23.07 22.22 23.07
74.00 19.72 56.05 100312.00 4.40 700.25 0.00 0.01 24.07 24.07 24.07
75.00 20.65 55.82 100313.77 9.20 673.02 0.00 0.01 31.67 30.40 31.67
76.00 20.00 55.72 100314.42 7.26 666.93 0.00 0.01 31.27 29.67 31.27
77.00 19.67 56.05 100315.35 5.89 635.23 0.00 0.01 21.57 21.57 21.57
78.00 19.75 56.05 100315.82 37.78 658.95 0.00 0.01 19.35 19.35 19.35
79.00 20.92 56.65 100317.58 139.42 635.05 0.00 0.01 27.22 27.22 27.22
80.00 21.63 57.03 100319.98 300.55 613.17 0.00 0.01 27.10 27.10 27.10
81.00 22.57 56.33 100322.58 380.15 589.83 0.00 0.01 33.30 32.10 33.30
82.00 23.33 55.60 100324.82 445.27 602.53 0.00 0.01 30.63 30.63 30.63
83.00 23.60 54.43 100326.55 447.60 614.23 0.00 0.01 25.57 25.57 25.57
84.00 23.23 52.92 100326.85 265.63 592.25 0.00 0.01 26.25 25.65 26.25
85.00 23.20 52.12 100326.15 227.90 572.98 0.00 0.01 21.05 21.05 21.05
86.00 22.62 52.12 100325.35 226.47 619.78 0.00 0.01 27.42 27.42 27.42
87.00 22.22 52.12 100324.58 252.10 599.12 0.00 0.01 25.85 25.05 25.85
88.00 21.63 52.67 100324.58 200.62 679.53 0.00 0.01 19.77 19.70 19.77
89.00 21.63 53.10 100324.58 194.47 649.22 0.00 0.01 25.17 25.17 25.17
90.00 21.63 53.10 100324.58 162.28 616.38 0.00 0.01 29.27 29.27 29.27
91.00 20.67 53.52 99595.83 100.32 570.58 0.00 0.01 31.67 31.67 31.67
92.00 20.65 54.08 100324.58 100.82 635.28 0.00 0.01 26.83 26.83 26.83
93.00 20.65 54.78 100323.88 96.02 584.75 0.00 0.01 29.50 29.50 29.50
94.00 20.65 55.07 100323.62 97.15 616.03 0.00 0.01 32.52 32.50 32.52
95.00 20.65 55.07 100324.78 77.52 644.90 0.00 0.01 27.52 27.13 27.52
96.00 20.23 55.48 100325.57 50.30 665.68 0.00 0.01 28.48 28.07 28.48
97.00 19.67 56.05 100326.53 72.70 643.22 0.00 0.01 29.72 29.20 29.72
98.00 19.67 56.05 100327.65 64.28 685.52 0.00 0.01 41.53 39.33 41.53
99.00 19.67 56.35 100329.55 101.75 671.82 0.00 0.01 33.60 32.23 33.60
100.00 20.58 56.05 100331.07 197.73 659.07 0.00 0.01 29.68 29.55 29.68
101.00 21.43 55.57 100143.70 209.80 631.50 0.00 0.01 31.91 31.91 31.91
102.00 21.63 55.07 100334.43 214.67 637.65 0.00 0.01 30.57 30.52 30.57
103.00 22.40 55.07 100335.73 198.30 622.85 0.00 0.01 29.93 29.72 29.93
104.00 0.16 0.38 693.68 1.29 4.30 0.00 0.00 0.09 0.09 0.09
