0.00 572.77 1104.02 0.00 0.01 4.28 3.93 4.28
1.00 541.93 1043.45 0.00 0.01 5.50 5.50 5.50
2.00 531.77 1022.05 0.00 0.01 5.90 5.90 5.90
3.00 504.57 1030.17 0.00 0.01 5.87 5.53 5.87
4.00 513.71 1011.62 0.00 0.01 4.93 4.93 4.93
5.00 489.05 1031.17 0.00 0.01 7.48 7.48 7.48
6.00 420.18 1098.80 0.00 0.01 3.82 3.82 3.82
7.00 270.82 944.95 0.00 0.01 1.97 1.97 1.97
8.00 90.82 684.02 0.00 0.01 20.90 20.50 20.90
9.00 30.10 579.55 0.00 0.01 25.40 25.40 25.40
10.00 8.27 603.38 0.00 0.01 21.29 21.29 21.29
11.00 4.82 562.32 0.00 0.01 21.77 21.77 21.77
12.00 131.52 597.15 0.00 0.01 23.95 23.95 23.95
13.00 30.23 582.00 0.00 0.01 27.73 27.71 27.73
14.00 8.71 619.63 0.00 0.01 23.48 23.10 23.48
15.00 0.00 600.95 0.00 0.01 21.18 21.18 21.18
16.00 18.61 608.20 0.00 0.01 22.34 22.34 22.34
17.00 3.38 576.68 0.00 0.01 19.38 19.38 19.38
18.00 16.25 597.75 0.00 0.01 24.15 24.15 24.15
19.00 38.37 597.70 0.00 0.01 25.67 24.63 25.67
20.00 14.17 582.17 0.00 0.01 26.07 24.77 26.07
21.00 41.73 621.97 0.00 0.01 23.03 23.03 23.03
22.00 286.17 620.63 0.00 0.01 21.63 21.63 21.63
23.00 107.05 617.38 0.00 0.01 21.68 21.68 21.68
24.00 41.48 644.58 0.00 0.01 25.28 25.28 25.28
25.00 22.48 591.10 0.00 0.01 20.40 20.40 20.40
26.00 7.22 659.10 0.00 0.01 22.80 22.40 22.80
27.00 10.42 668.62 0.00 0.01 21.63 20.65 21.63
28.00 12.22 656.85 0.00 0.01 67.47 63.05 67.47
29.00 3.47 541.93 0.00 0.01 26.90 26.90 26.90
30.00 3.50 600.03 0.00 0.01 22.53 22.53 22.53
31.00 43.85 587.70 0.00 0.01 19.42 19.42 19.42
32.00 116.08 599.43 0.00 0.01 20.65 20.65 20.65
33.00 148.35 595.62 0.00 0.01 23.05 22.25 23.05
34.00 178.65 550.57 0.00 0.01 57.78 57.78 57.78
35.00 121.38 576.40 0.00 0.01 33.60 33.60 33.60
36.00 96.45 571.40 0.00 0.01 25.07 24.87 25.07
37.00 125.17 625.52 0.00 0.01 28.32 26.55 28.32
38.00 104.85 584.17 0.00 0.01 24.05 22.88 24.05
39.00 87.32 618.67 0.00 0.01 24.17 22.87 24.17
40.00 97.05 633.27 0.00 0.01 18.30 18.30 18.30
41.00 126.40 661.35 0.00 0.01 24.32 24.20 24.32
42.00 124.87 649.65 0.00 0.01 17.38 16.40 17.38
43.00 118.82 598.80 0.00 0.01 21.52 20.85 21.52
44.00 110.48 595.85 0.00 0.01 26.58 26.58 26.58
45.00 116.44 604.55 0.00 0.01 30.72 30.72 30.72
46.00 60.34 578.87 0.00 0.01 24.35 24.35 24.35
47.00 3.28 614.65 0.00 0.01 32.41 32.41 32.41
48.00 22.08 622.64 0.00 0.01 32.48 32.32 32.48
49.00 88.32 673.97 0.00 0.01 26.88 26.08 26.88
50.00 65.52 598.00 0.00 0.01 23.68 23.18 23.68
51.00 54.90 584.83 0.00 0.01 20.12 20.12 20.12
52.00 110.03 655.97 0.00 0.01 15.45 15.45 15.45
53.00 94.50 657.58 0.00 0.01 19.48 19.48 19.48
54.00 65.27 596.42 0.00 0.01 25.75 25.48 25.75
55.00 66.30 630.10 0.00 0.01 18.74 18.68 18.74
56.00 97.52 623.86 0.00 0.01 23.25 23.25 23.25
57.00 57.92 731.76 0.00 0.01 26.00 26.00 26.00
58.00 50.88 655.53 0.00 0.01 24.22 24.22 24.22
59.00 74.28 602.60 0.00 0.01 28.28 28.08 28.28
60.00 80.65 586.30 0.00 0.01 28.82 28.82 28.82
61.00 70.65 611.33 0.00 0.01 32.58 32.58 32.58
62.00 77.46 618.98 0.00 0.01 28.03 28.03 28.03
63.00 84.95 634.35 0.00 0.01 26.43 26.43 26.43
64.00 19.42 556.00 0.00 0.01 24.80 24.80 24.80
65.00 0.00 591.43 0.00 0.01 29.62 29.62 29.62
66.00 3.85 579.06 0.00 0.01 23.40 23.40 23.40
67.00 45.73 535.89 0.00 0.01 22.17 21.97 22.17
68.00 59.75 622.80 0.00 0.01 22.62 22.62 22.62
69.00 31.38 681.57 0.00 0.01 25.78 25.78 25.78
70.00 23.70 619.48 0.00 0.01 25.48 25.48 25.48
71.00 34.20 593.10 0.00 0.01 20.72 20.72 20.72
72.00 71.87 621.03 0.00 0.01 23.23 22.25 23.23
73.00 15.13 633.07 0.00 0.01 23.07 22.22 23.07
74.00 4.40 700.25 0.00 0.01 24.07 24.07 24.07
75.00 9.20 673.02 0.00 0.01 31.67 30.40 31.67
76.00 7.26 666.93 0.00 0.01 31.27 29.67 31.27
77.00 5.89 635.23 0.00 0.01 21.57 21.57 21.57
78.00 37.78 658.95 0.00 0.01 19.35 19.35 19.35
79.00 139.42 635.05 0.00 0.01 27.22 27.22 27.22
80.00 300.55 613.17 0.00 0.01 27.10 27.10 27.10
81.00 380.15 589.83 0.00 0.01 33.30 32.10 33.30
82.00 445.27 602.53 0.00 0.01 30.63 30.63 30.63
83.00 447.60 614.23 0.00 0.01 25.57 25.57 25.57
84.00 265.63 592.25 0.00 0.01 26.25 25.65 26.25
85.00 227.90 572.98 0.00 0.01 21.05 21.05 21.05
86.00 226.47 619.78 0.00 0.01 27.42 27.42 27.42
87.00 252.10 599.12 0.00 0.01 25.85 25.05 25.85
88.00 200.62 679.53 0.00 0.01 19.77 19.70 19.77
89.00 194.47 649.22 0.00 0.01 25.17 25.17 25.17
90.00 162.28 616.38 0.00 0.01 29.27 29.27 29.27
91.00 100.32 570.58 0.00 0.01 31.67 31.67 31.67
92.00 100.82 635.28 0.00 0.01 26.83 26.83 26.83
93.00 96.02 584.75 0.00 0.01 29.50 29.50 29.50
94.00 97.15 616.03 0.00 0.01 32.52 32.50 32.52
95.00 77.52 644.90 0.00 0.01 27.52 27.13 27.52
96.00 50.30 665.68 0.00 0.01 28.48 28.07 28.48
97.00 72.70 643.22 0.00 0.01 29.72 29.20 29.72
98.00 64.28 685.52 0.00 0.01 41.53 39.33 41.53
99.00 101.75 671.82 0.00 0.01 33.60 32.23 33.60
100.00 197.73 659.07 0.00 0.01 29.68 29.55 29.68
101.00 209.80 631.50 0.00 0.01 31.91 31.91 31.91
102.00 214.67 637.65 0.00 0.01 30.57 30.52 30.57
103.00 198.30 622.85 0.00 0.01 29.93 29.72 29.93
104.00 1.29 4.30 0.00 0.00 0.09 0.09 0.09
