0.0 115.1
1.0 75.8
2.0 86.0
3.0 78.0
4.0 69.8
5.0 74.3
6.0 82.1
7.0 91.4
8.0 91.7
9.0 95.7
10.0 96.2
11.0 101.2
12.0 95.5
13.0 93.0
14.0 102.8
15.0 107.4
16.0 109.1
17.0 101.1
18.0 82.9
19.0 80.6
20.0 77.0
21.0 80.9
22.0 84.9
23.0 95.1
24.0 95.3
25.0 96.0
26.0 96.1
27.0 96.3
28.0 97.2
29.0 98.2
30.0 89.6
31.0 82.4
32.0 85.0
33.0 84.4
34.0 86.4
35.0 89.5
36.0 92.0
37.0 106.2
38.0 104.2
39.0 97.3
40.0 95.5
41.0 101.3
42.0 104.7
43.0 96.1
44.0 94.7
45.0 83.3
46.0 83.5
47.0 84.6
48.0 89.6
49.0 98.6
50.0 105.8
51.0 102.9
52.0 100.7
53.0 106.0
54.0 105.3
55.0 101.6
56.0 102.3
57.0 97.7
58.0 103.9
59.0 102.2
60.0 101.1
61.0 84.8
62.0 82.4
63.0 91.3
64.0 103.8
65.0 108.3
66.0 106.1
67.0 105.6
68.0 109.1
69.0 108.0
70.0 100.8
71.0 102.8
72.0 108.0
73.0 99.0
74.0 100.6
75.0 111.9
76.0 115.1
77.0 113.2
78.0 104.0
79.0 108.7
80.0 103.5
81.0 83.0
82.0 81.8
83.0 84.2
84.0 87.8
85.0 94.1
86.0 102.6
87.0 108.2
88.0 99.2
89.0 102.4
90.0 103.5
91.0 100.2
92.0 100.4
93.0 98.4
94.0 101.0
95.0 101.4
96.0 107.7
97.0 106.7
98.0 113.1
99.0 117.0
100.0 112.5
101.0 105.1
102.0 98.5
103.0 84.5
104.0 84.7
105.0 90.9
106.0 103.7
107.0 0.2
