124;2
124;2
124;4
123;4
123;5
123;7
123;7
123;8
123;9
123;10
123;12
123;12
123;13
122;15
122;15
122;17
122;17
122;19
122;19
122;20
121;21
121;22
121;23
121;24
121;25
121;26
120;28
120;28
120;30
119;32
119;32
118;34
118;34
117;36
117;36
116;37
116;38
116;39
115;40
115;41
115;42
115;43
115;44
114;45
114;46
113;47
113;48
112;49
112;50
111;51
110;52
109;53
108;54
106;56
102;57
100;58
97;59
95;60
92;61
89;62
87;63
84;64
81;65
79;66
77;67
75;68
74;69
73;70
73;71
73;72
72;73
72;75
71;75
71;77
70;77
69;78
69;79
70;80
70;81
70;82
71;84
71;84
72;85
72;87
72;87
72;88
72;89
73;90
73;92
73;92
74;93
76;95
76;95
76;97
76;99
77;99
77;100
77;101
78;102
78;103
79;104
80;105
81;106
82;108
82;108
83;110
84;110
84;112
84;112
84;114
85;114
85;116
86;116
86;118
87;118
87;120
88;120
89;122
90;123
90;123
89;125
89;125
88;126
88;128
88;129
88;130
88;131
89;132
89;133
89;134
89;136
88;137
88;138
88;139
89;140
89;141
89;142
90;144
90;145
90;146
90;147
89;148
89;149
88;150
88;151
88;152
88;153
87;154
88;155
88;156
88;158
87;159
88;161
88;162
88;163
87;164
87;165
86;166
85;167
85;168
85;169
85;170
84;171
83;172
83;173
83;174
82;175
82;176
82;177
83;178
82;179
81;180
79;182
80;183
79;184
80;185
80;186
80;187
80;188
80;189
80;190
80;191
80;192
81;193
81;194
80;195
80;196
80;197
80;198
81;199
81;200
81;201
81;202
81;203
81;204
81;205
81;207
82;208
82;209
82;210
82;211
81;212
80;213
80;214
79;215
79;217
79;217
79;218
79;219
79;220
79;221
79;222
79;223
79;224
78;225
78;226
78;227
77;228
77;229
76;230
75;231
75;232
74;233
74;234
73;235
74;236
74;237
74;238
75;239
74;240
74;241
74;242
73;243
73;244
73;245
73;246
73;247
73;249
72;250
71;251
71;252
71;253
71;254
70;255
70;256
70;257
70;258
71;259
70;260
70;261
70;262
70;263
69;264
69;266
68;267
68;268
68;269
68;270
68;271
68;272
69;273
71;274
72;275
72;276
71;277
71;278
72;279
72;280
73;281
72;282
71;283
71;284
70;285
71;286
71;287
71;288
71;289
71;290
70;291
70;292
70;293
70;295
70;296
70;297
70;298
69;299
69;300
69;301
69;302
69;303
68;304
68;305
68;306
67;307
70;308
70;309
70;310
71;311
71;312
71;313
71;314
70;315
70;316
70;317
70;318
71;319
71;320
72;321
73;322
73;323
74;324
75;325
74;326
74;327
75;328
77;329
78;330
78;331
79;333
78;334
79;335
80;336
81;337
82;338
83;339
83;340
83;341
83;342
82;343
82;345
83;346
83;347
83;348
83;349
82;350
82;351
82;352
83;353
82;354
83;355
83;356
83;357
84;358
84;359
85;360
85;361
85;362
85;363
85;364
86;365
86;366
86;367
86;368
85;369
84;370
85;371
84;372
84;373
83;374
82;375
82;376
82;377
82;378
82;379
82;380
82;381
82;382
82;383
81;384
82;385
83;386
84;387
85;388
85;389
85;390
84;391
84;392
83;393
82;394
81;395
81;396
80;397
81;398
81;399
81;400
81;401
81;402
81;403
82;404
82;405
82;406
83;407
84;408
85;409
86;410
87;411
88;412
88;413
89;414
90;415
90;416
91;417
91;418
91;419
90;420
89;421
88;422
88;423
87;424
87;425
87;426
87;427
88;428
88;429
89;430
89;431
91;432
92;433
93;434
93;435
94;436
94;437
95;438
97;439
98;440
98;441
97;442
97;443
97;444
97;445
96;446
96;447
95;448
95;449
96;450
96;451
96;452
95;453
95;454
94;455
94;456
94;457
94;458
94;459
94;460
94;461
94;462
94;463
94;464
94;465
94;466
94;467
93;468
93;469
93;470
93;471
93;472
93;473
93;474
93;475
94;476
95;477
94;478
94;479
94;480
93;481
93;482
93;483
93;484
93;485
91;486
89;487
88;488
87;489
87;490
87;491
87;492
88;493
89;494
90;495
91;496
91;497
92;498
92;499
93;500
94;501
95;502
95;503
95;504
95;505
95;506
95;507
96;508
96;509
96;510
96;511
96;512
96;513
96;514
97;515
97;516
97;517
96;518
96;519
95;520
94;521
94;522
93;523
93;524
93;525
93;526
93;527
93;528
93;529
94;530
94;531
95;532
96;533
97;534
98;535
98;536
99;537
98;538
98;539
98;540
99;541
100;542
101;543
100;544
99;545
98;546
99;547
100;548
100;549
101;550
101;551
101;552
101;553
100;554
99;555
98;557
97;558
97;559
97;560
97;561
97;562
97;563
97;564
98;565
97;566
97;567
97;568
96;569
96;570
97;571
98;572
98;573
98;574
96;575
95;576
95;577
94;578
94;579
95;580
96;581
97;582
97;583
96;584
96;585
95;586
94;587
94;588
93;590
93;591
92;592
93;593
93;594
93;595
93;596
93;597
93;598
93;599
93;600
93;601
93;602
93;603
93;604
93;605
93;606
95;607
96;608
97;609
97;610
98;611
99;612
100;613
100;614
101;615
101;616
100;617
100;618
99;619
99;620
98;621
98;622
99;623
99;624
99;625
99;626
100;627
101;628
102;629
101;630
101;631
101;632
101;633
101;634
100;635
100;636
100;637
100;638
101;639
101;640
100;641
99;642
99;643
99;644
100;645
100;647
100;648
100;649
100;650
100;651
99;652
99;653
98;654
98;655
98;656
98;657
97;658
97;659
97;660
98;661
99;662
100;663
101;664
101;665
101;666
101;667
101;668
101;669
101;670
101;671
101;672
101;675
102;676
103;677
103;678
103;679
104;680
105;681
107;682
107;683
109;684
109;685
108;686
108;687
108;688
108;689
107;690
107;691
106;692
104;693
104;694
104;695
104;696
104;697
104;698
104;699
104;700
104;701
104;702
104;703
104;704
105;705
106;706
107;707
107;708
106;709
105;710
105;711
105;712
105;713
105;714
105;715
103;716
103;717
102;718
102;719
102;721
101;722
101;723
100;724
100;725
100;726
100;727
100;728
99;729
98;730
97;731
96;732
95;733
94;734
93;735
93;736
93;737
93;738
93;739
93;740
94;741
94;742
94;743
95;744
95;745
95;746
95;747
95;748
95;749
95;750
94;751
95;752
95;753
95;754
95;755
95;756
94;757
94;758
95;759
95;760
95;761
95;762
94;763
94;764
94;765
94;766
95;767
95;768
95;769
96;770
96;771
96;772
97;773
97;774
97;775
96;776
96;777
96;778
96;779
96;780
96;781
95;782
95;783
94;784
94;785
94;786
94;787
94;788
94;789
94;790
94;791
94;792
94;793
93;794
93;795
94;796
94;797
94;798
94;799
95;800
95;801
95;802
95;803
95;804
95;805
95;806
95;807
95;808
94;809
93;810
93;811
93;812
93;813
92;814
92;815
92;816
92;817
92;818
93;819
93;820
93;821
94;822
95;823
96;824
97;825
97;826
98;827
98;828
99;829
99;830
99;832
100;833
101;834
101;835
101;836
100;837
100;838
100;839
100;840
101;841
102;842
103;843
103;844
104;845
105;846
105;847
106;848
106;849
105;850
105;851
105;852
104;853
105;854
106;855
106;856
106;857
106;858
107;859
107;860
107;861
107;862
107;863
106;864
106;865
105;867
106;868
106;869
106;870
106;871
107;872
107;873
107;874
107;875
107;876
107;877
107;878
107;879
108;880
108;881
107;882
107;883
107;884
106;885
105;886
105;887
104;888
103;889
102;890
101;891
100;892
100;893
100;894
100;895
101;896
101;897
102;898
102;899
102;900
103;901
104;902
105;903
106;904
108;905
109;906
111;907
112;908
112;909
113;910
114;911
114;912
114;913
113;914
112;915
112;916
112;917
113;918
113;919
114;920
114;921
114;922
113;923
113;924
113;925
112;926
112;927
112;928
113;929
113;930
113;931
113;932
113;933
113;934
113;935
112;936
112;937
112;938
112;939
112;940
111;941
111;942
111;943
111;944
111;945
111;946
111;947
111;948
110;949
109;950
109;951
109;952
109;953
110;954
110;955
110;956
110;957
111;958
112;959
112;960
112;961
113;962
114;963
115;964
116;965
115;966
113;967
113;968
112;969
112;970
112;971
112;972
112;973
112;974
112;975
112;976
112;977
112;978
111;979
111;980
111;981
111;982
111;983
110;984
109;985
109;986
108;987
108;988
107;989
107;990
107;991
108;992
109;993
110;994
111;995
110;996
110;997
111;998
111;999
112;1000
112;1001
112;1002
112;1003
112;1004
112;1005
112;1006
111;1007
111;1008
111;1009
111;1010
111;1011
110;1012
110;1014
108;1015
108;1016
107;1017
106;1018
106;1019
107;1020
107;1021
107;1022
107;1023
108;1024
108;1025
108;1026
109;1027
109;1028
109;1029
109;1031
108;1032
107;1033
106;1034
106;1035
106;1036
105;1037
104;1038
104;1039
103;1040
103;1041
102;1042
101;1043
101;1044
100;1045
99;1046
98;1047
97;1048
96;1049
96;1050
95;1051
95;1052
94;1053
93;1054
92;1055
91;1057
90;1058
89;1059
89;1061
89;1062
88;1063
88;1064
89;1065
88;1066
88;1067
87;1068
87;1069
86;1070
85;1072
84;1073
84;1074
84;1075
85;1076
85;1077
85;1078
85;1079
85;1080
84;1081
84;1082
85;1083
85;1084
84;1086
83;1087
83;1088
83;1089
83;1090
83;1092
84;1094
83;1095
82;1096
82;1098
81;1099
81;1100
81;1101
82;1102
82;1103
82;1104
83;1105
84;1106
85;1107
85;1108
85;1110
86;1111
85;1112
85;1113
85;1116
85;1116
85;1117
84;1119
84;1120
83;1121
83;1123
83;1124
83;1125
82;1126
82;1127
83;1128
84;1130
85;1131
85;1132
86;1133
85;1134
86;1135
87;1136
87;1137
88;1138
88;1139
86;1140
85;1141
84;1142
83;1143
83;1144
83;1145
83;1146
82;1147
82;1148
82;1149
82;1150
82;1151
82;1152
82;1153
81;1155
81;1156
80;1157
80;1158
80;1159
81;1160
81;1161
81;1162
81;1163
81;1165
81;1166
81;1167
81;1168
80;1169
80;1171
80;1171
79;1172
79;1174
78;1175
78;1176
78;1177
78;1178
78;1179
78;1180
78;1181
77;1182
77;1183
78;1184
78;1185
79;1186
79;1187
79;1188
78;1190
77;1191
77;1192
77;1193
77;1194
76;1196
77;1197
77;1199
78;1202
80;1203
79;1204
79;1205
78;1208
78;1209
77;1210
76;1213
77;1214
77;1217
78;1218
79;1219
79;1220
79;1221
79;1223
79;1224
79;1225
79;1226
79;1227
79;1228
80;1229
80;1230
80;1231
80;1234
80;1235
80;1236
80;1242
84;1245
83;1246
83;1247
83;1248
83;1250
83;1251
83;1252
83;1253
83;1254
84;1257
84;1258
84;1259
83;1260
83;1261
83;1262
83;1263
82;1264
83;1265
83;1266
82;1268
82;1268
82;1270
82;1271
81;1272
80;1274
80;1275
80;1276
81;1281
84;1285
84;1286
84;1287
83;1289
83;1290
83;1292
81;1296
80;1297
79;1298
79;1300
79;1301
79;1302
80;1303
81;1304
82;1305
83;1306
83;1307
84;1308
83;1309
83;1310
83;1312
84;1313
84;1314
84;1315
85;1316
85;1317
85;1318
84;1319
84;1320
83;1321
83;1322
82;1323
82;1324
83;1325
83;1326
84;1327
84;1329
83;1330
83;1331
84;1332
84;1333
84;1334
85;1335
87;1336
88;1337
89;1338
90;1339
90;1340
90;1341
90;1342
90;1343
90;1344
90;1345
91;1346
91;1347
93;1348
93;1350
94;1351
94;1352
94;1354
94;1358
94;1360
94;1362
93;1363
93;1364
94;1366
94;1367
95;1368
96;1371
97;1372
97;1373
96;1374
96;1375
96;1376
97;1377
98;1379
97;1380
98;1381
97;1382
97;1383
97;1384
96;1385
96;1386
97;1387
97;1388
97;1389
97;1390
97;1392
98;1393
98;1395
97;1396
97;1397
98;1398
98;1400
98;1401
97;1402
97;1403
97;1404
97;1405
97;1406
98;1407
98;1408
99;1409
99;1410
99;1411
98;1413
98;1414
97;1415
97;1417
96;1418
96;1421
96;1422
96;1423
97;1425
98;1426
98;1427
99;1428
98;1429
98;1430
98;1431
99;1432
99;1433
99;1435
98;1436
96;1438
95;1439
94;1440
94;1441
94;1442
93;1443
93;1444
94;1445
94;1446
95;1447
95;1448
96;1449
97;1450
97;1451
97;1452
97;1453
97;1454
97;1455
97;1456
97;1457
96;1458
96;1459
96;1460
97;1461
97;1462
97;1463
97;1464
98;1465
99;1466
99;1467
99;1468
99;1469
100;1470
99;1471
99;1472
98;1473
97;1474
97;1475
98;1476
98;1477
98;1478
98;1480
98;1481
98;1482
99;1483
99;1484
99;1485
99;1486
99;1488
100;1489
101;1490
101;1491
101;1492
101;1493
101;1494
100;1495
101;1496
101;1497
101;1498
101;1499
101;1500
100;1501
100;1502
99;1503
98;1504
98;1505
98;1506
98;1507
98;1508
98;1509
97;1510
97;1511
96;1512
96;1513
95;1514
94;1515
93;1516
93;1517
93;1518
94;1519
95;1520
96;1521
96;1522
96;1523
96;1524
96;1525
96;1526
95;1527
95;1528
95;1529
94;1530
94;1531
95;1532
96;1533
97;1534
98;1535
99;1536
101;1537
101;1538
101;1539
101;1540
100;1541
99;1542
99;1543
98;1544
98;1545
98;1546
97;1547
97;1548
97;1549
97;1550
98;1551
98;1552
98;1553
98;1554
98;1555
98;1556
98;1557
98;1558
97;1559
97;1560
97;1561
97;1562
96;1563
96;1564
96;1565
97;1566
97;1567
97;1568
98;1569
97;1570
97;1571
97;1572
96;1573
96;1574
95;1575
95;1576
96;1577
96;1578
97;1579
98;1580
98;1581
98;1582
99;1583
99;1584
98;1585
98;1586
98;1587
98;1588
98;1589
99;1590
98;1591
98;1592
98;1593
98;1594
98;1595
98;1596
98;1597
98;1598
97;1599
97;1600
97;1601
96;1602
96;1603
96;1604
97;1605
98;1606
98;1607
98;1608
98;1609
98;1610
98;1611
97;1612
97;1613
97;1614
96;1615
96;1616
96;1617
96;1618
96;1619
97;1620
97;1621
97;1622
98;1623
98;1624
99;1625
99;1626
100;1627
100;1628
100;1629
100;1631
99;1632
99;1633
99;1634
99;1635
99;1636
99;1638
98;1639
98;1640
98;1641
98;1642
98;1643
98;1644
98;1645
98;1646
99;1647
99;1648
98;1649
98;1650
99;1652
100;1653
100;1654
99;1655
99;1656
99;1657
98;1658
98;1660
97;1662
97;1663
97;1664
96;1665
97;1666
97;1668
97;1669
97;1670
97;1671
97;1673
98;1674
99;1675
99;1678
101;1679
101;1680
100;1681
101;1682
101;1683
100;1684
101;1685
101;1686
101;1687
100;1688
100;1689
99;1690
99;1691
99;1692
99;1693
99;1694
100;1695
100;1696
100;1697
100;1698
100;1699
100;1700
99;1702
98;1703
98;1704
98;1705
98;1706
98;1707
98;1708
99;1709
100;1710
100;1711
100;1712
100;1713
101;1714
101;1715
101;1716
102;1717
102;1718
102;1719
103;1720
103;1721
103;1723
105;1724
106;1725
106;1726
106;1727
105;1728
105;1729
105;1730
105;1731
105;1732
105;1733
105;1734
104;1735
103;1736
101;1737
101;1738
100;1739
99;1740
99;1741
98;1742
98;1743
97;1744
98;1745
99;1746
99;1747
98;1748
98;1749
98;1750
98;1751
98;1752
97;1753
96;1754
95;1755
95;1756
96;1757
96;1758
96;1759
96;1760
97;1761
97;1762
97;1763
97;1765
97;1766
96;1767
95;1769
95;1770
96;1771
96;1772
96;1773
96;1774
96;1775
97;1776
97;1777
97;1778
97;1779
96;1780
94;1782
91;1783
90;1784
89;1785
89;1786
89;1787
88;1788
89;1789
89;1790
90;1791
90;1792
90;1793
90;1794
90;1795
90;1796
91;1797
90;1798
90;1799
90;1800
90;1801
90;1802
91;1803
91;1804
90;1805
90;1806
90;1807
90;1808
90;1809
89;1810
89;1811
88;1812
89;1813
89;1814
89;1815
89;1816
90;1817
90;1818
91;1819
91;1821
91;1822
91;1823
91;1824
91;1825
91;1828
91;1829
91;1831
91;1832
91;1833
90;1834
90;1835
90;1836
89;1837
88;1838
88;1841
86;1842
85;1843
84;1844
83;1845
83;1846
83;1848
82;1849
82;1850
83;1851
84;1852
84;1854
84;1855
84;1856
84;1857
84;1858
84;1859
84;1860
83;1861
83;1862
83;1863
83;1864
83;1865
83;1866
83;1870
82;1871
82;1872
82;1873
81;1874
81;1875
81;1877
81;1882
80;1883
80;1885
81;1887
81;1888
82;1889
83;1890
83;1892
84;1894
85;1896
87;1898
87;1899
86;1900
85;1901
85;1902
84;1903
84;1904
84;1905
84;1906
85;1907
85;1908
86;1909
86;1911
87;1913
88;1914
88;1915
88;1916
88;1917
88;1918
88;1919
88;1920
88;1921
88;1923
88;1925
88;1926
88;1927
88;1928
88;1929
88;1930
88;1931
87;1933
87;1934
87;1935
87;1936
87;1937
87;1938
87;1939
87;1940
87;1941
87;1942
87;1943
86;1944
86;1945
86;1946
86;1947
87;1948
87;1949
87;1950
87;1951
87;1952
87;1953
87;1954
88;1955
88;1956
89;1958
89;1959
88;1960
87;1961
87;1962
88;1963
88;1964
88;1965
88;1966
88;1967
88;1968
88;1969
88;1970
87;1971
87;1972
87;1974
85;1975
85;1976
85;1977
84;1978
84;1979
84;1980
84;1981
83;1982
83;1983
84;1984
84;1985
84;1986
84;1987
83;1988
83;1989
82;1990
82;1991
81;1992
82;1993
82;1994
83;1995
86;1996
87;1997
86;1999
86;2000
87;2001
87;2002
87;2003
86;2004
86;2005
86;2007
86;2009
87;2010
87;2011
87;2012
86;2013
87;2014
88;2015
88;2016
88;2017
88;2018
88;2019
88;2020
88;2021
88;2022
88;2023
88;2024
88;2025
87;2026
87;2027
86;2028
86;2029
85;2030
85;2031
85;2032
85;2033
85;2034
86;2035
86;2036
86;2037
86;2038
87;2039
87;2040
87;2041
86;2042
86;2044
88;2045
88;2046
89;2047
89;2048
90;2049
90;2050
90;2051
89;2052
89;2053
90;2054
91;2055
91;2057
92;2058
91;2059
90;2060
90;2061
90;2062
90;2063
90;2064
90;2066
91;2067
91;2068
91;2069
91;2070
91;2073
91;2074
91;2075
91;2076
91;2077
91;2078
91;2079
91;2080
91;2081
91;2082
91;2083
91;2084
91;2085
91;2087
91;2088
91;2089
91;2090
91;2091
91;2092
91;2093
91;2094
91;2095
91;2096
91;2097
91;2098
91;2099
91;2100
91;2101
91;2102
91;2103
91;2104
91;2105
91;2106
91;2107
91;2108
91;2109
91;2110
91;2111
91;2112
91;2113
91;2114
91;2115
91;2116
91;2117
91;2118
91;2119
91;2120
91;2121
91;2122
91;2123
91;2124
91;2125
91;2126
91;2129
91;2130
91;2131
91;2133
92;2134
92;2135
92;2136
92;2137
92;2138
92;2139
92;2140
92;2141
92;2142
92;2143
92;2144
92;2145
92;2146
92;2147
92;2148
92;2149
92;2150
92;2151
92;2152
92;2154
92;2155
92;2156
92;2157
92;2158
92;2159
92;2160
92;2161
92;2162
92;2163
92;2165
92;2166
93;2167
93;2169
94;2170
94;2171
95;2172
95;2173
96;2174
96;2175
97;2176
98;2177
99;2178
100;2179
101;2180
102;2181
102;2182
103;2184
106;2187
106;2188
106;2189
106;2190
106;2192
105;2193
105;2194
105;2195
105;2196
105;2197
104;2198
104;2199
104;2200
103;2201
103;2202
104;2203
104;2204
104;2205
104;2206
103;2207
104;2208
104;2209
104;2210
104;2211
105;2212
106;2213
107;2215
109;2218
109;2219
110;2220
110;2221
111;2223
113;2224
113;2225
114;2226
115;2227
115;2229
114;2230
113;2231
113;2232
113;2233
113;2234
113;2235
112;2236
112;2238
110;2239
110;2240
109;2241
108;2242
108;2245
106;2247
107;2248
107;2249
108;2250
108;2251
108;2252
108;2253
107;2254
107;2255
108;2256
109;2257
109;2259
108;2260
108;2261
108;2262
109;2263
109;2264
109;2265
109;2266
110;2267
110;2268
111;2269
111;2270
111;2271
110;2272
109;2273
109;2274
109;2275
108;2276
107;2277
106;2278
106;2279
105;2280
104;2281
103;2282
103;2283
103;2284
103;2285
103;2286
103;2287
103;2288
103;2289
103;2290
103;2291
102;2292
102;2293
101;2294
101;2296
100;2298
101;2299
101;2300
101;2301
101;2302
101;2303
100;2304
100;2305
100;2306
100;2307
100;2308
100;2309
100;2310
101;2311
100;2312
100;2313
100;2314
101;2315
101;2316
100;2318
100;2320
100;2321
100;2322
100;2323
100;2324
100;2325
100;2326
100;2327
100;2329
100;2330
101;2331
101;2332
99;2333
99;2334
98;2335
98;2336
97;2337
97;2338
96;2339
96;2340
96;2341
96;2342
96;2343
96;2344
96;2345
96;2346
97;2347
97;2349
97;2350
98;2351
98;2352
98;2353
98;2354
98;2355
98;2356
99;2357
100;2358
100;2360
99;2361
99;2362
99;2363
98;2364
97;2365
97;2366
98;2367
98;2368
98;2369
98;2370
98;2372
98;2373
98;2374
98;2375
97;2376
98;2377
99;2378
100;2380
99;2381
98;2382
97;2383
96;2384
95;2385
95;2386
96;2387
96;2389
98;2390
99;2391
100;2392
100;2393
100;2394
99;2395
99;2396
99;2397
99;2398
99;2400
97;2402
97;2403
96;2406
96;2406
95;2407
94;2407
94;2408
94;2409
94;2410
94;2411
94;2412
94;2413
95;2414
95;2415
96;2416
96;2417
97;2418
98;2419
98;2421
99;2422
99;2424
98;2426
99;2427
100;2428
100;2429
101;2430
101;2431
101;2432
102;2433
103;2435
104;2437
105;2438
105;2440
105;2441
105;2444
103;2446
103;2447
103;2448
103;2449
103;2451
102;2452
101;2453
101;2454
101;2455
102;2456
102;2457
102;2458
103;2459
103;2460
103;2461
104;2462
105;2463
105;2464
105;2465
105;2466
105;2468
105;2469
105;2472
105;2473
106;2474
106;2475
106;2476
106;2477
106;2478
107;2479
106;2480
106;2481
105;2483
105;2484
105;2485
105;2486
105;2487
104;2488
103;2489
103;2490
102;2491
103;2492
103;2493
105;2494
107;2495
107;2496
107;2497
108;2498
109;2499
108;2500
107;2501
107;2502
106;2503
106;2506
106;2507
106;2508
106;2509
106;2510
107;2511
109;2512
109;2513
109;2514
108;2515
107;2516
108;2517
108;2518
109;2520
107;2521
107;2522
106;2523
106;2524
106;2525
106;2526
105;2527
106;2528
106;2529
107;2530
108;2532
110;2533
110;2534
108;2535
107;2536
107;2537
106;2538
105;2539
105;2540
104;2541
103;2542
103;2543
102;2544
101;2545
101;2546
100;2547
100;2549
100;2550
101;2551
101;2552
101;2553
101;2554
101;2555
101;2556
100;2558
99;2559
99;2560
98;2561
98;2562
98;2564
95;2565
94;2566
94;2567
95;2568
95;2570
96;2571
97;2572
97;2573
97;2574
96;2575
95;2576
95;2577
94;2578
94;2579
94;2580
94;2581
94;2582
94;2583
94;2584
94;2585
95;2586
95;2587
95;2589
95;2590
95;2591
96;2592
96;2593
97;2594
98;2596
98;2597
99;2599
99;2601
100;2603
98;2605
98;2606
98;2607
98;2608
98;2609
99;2610
99;2611
98;2612
99;2613
99;2614
98;2615
98;2616
98;2617
98;2619
98;2620
98;2621
98;2622
98;2623
98;2624
98;2625
98;2626
98;2627
98;2628
98;2629
98;2630
98;2631
98;2632
98;2633
98;2634
97;2635
97;2636
97;2637
97;2638
97;2639
97;2640
96;2641
96;2642
95;2643
95;2644
94;2645
94;2646
93;2647
92;2648
91;2649
90;2650
90;2651
89;2652
88;2653
87;2654
87;2655
87;2656
86;2657
86;2658
86;2659
85;2660
85;2661
84;2662
83;2663
82;2664
82;2665
82;2666
82;2667
82;2668
81;2669
82;2670
82;2671
82;2672
82;2673
82;2674
82;2675
81;2676
81;2677
81;2678
82;2679
82;2680
83;2681
83;2682
85;2683
86;2684
87;2685
87;2686
87;2687
87;2688
87;2689
87;2690
87;2691
87;2692
87;2693
87;2694
87;2695
86;2696
86;2697
86;2698
86;2699
86;2700
86;2701
86;2702
86;2703
86;2704
86;2705
86;2706
86;2708
86;2709
86;2710
86;2711
86;2712
86;2713
86;2714
86;2715
86;2716
86;2717
87;2718
87;2719
87;2720
87;2721
87;2722
87;2723
87;2724
87;2725
87;2726
87;2727
87;2728
87;2729
87;2730
87;2731
87;2732
87;2733
87;2734
86;2735
86;2737
86;2738
86;2739
86;2740
86;2741
86;2742
86;2743
86;2744
86;2745
85;2746
85;2747
85;2748
85;2749
84;2750
84;2751
84;2752
84;2754
85;2755
85;2756
85;2757
85;2758
84;2759
83;2760
83;2761
82;2762
82;2763
82;2764
82;2765
81;2766
82;2767
82;2768
82;2769
82;2770
82;2771
82;2772
82;2773
83;2774
83;2775
83;2776
83;2777
84;2778
84;2779
84;2780
85;2781
86;2782
86;2783
86;2784
86;2785
87;2786
87;2787
88;2789
88;2790
89;2792
89;2793
88;2794
88;2795
88;2796
88;2797
87;2798
87;2799
87;2800
87;2801
87;2802
87;2803
87;2804
86;2805
86;2806
86;2807
86;2808
86;2809
86;2810
85;2811
85;2812
85;2813
86;2817
85;2818
85;2819
85;2820
84;2821
84;2822
84;2823
84;2824
85;2825
85;2827
86;2828
87;2829
86;2830
86;2831
86;2832
86;2833
85;2834
85;2835
85;2836
85;2837
85;2838
85;2839
86;2840
87;2841
87;2842
88;2843
89;2844
90;2845
91;2846
91;2847
91;2848
91;2849
92;2850
92;2851
91;2852
90;2853
91;2854
92;2855
92;2856
92;2857
91;2858
91;2859
92;2860
92;2861
92;2862
93;2863
93;2864
93;2865
93;2865
93;2867
93;2867
93;2869
93;2869
93;2871
93;2871
93;2873
93;2875
93;2875
93;2877
93;2877
93;2879
93;2880
93;2882
93;2884
92;2886
92;2887
93;2890
93;2892
93;2894
94;2895
95;2897
96;2898
97;2899
97;2900
97;2901
98;2902
98;2903
98;2906
97;2906
97;2908
97;2909
97;2910
96;2911
96;2912
96;2913
96;2914
96;2915
97;2915
97;2917
97;2917
97;2919
97;2919
97;2921
97;2923
97;2923
98;2925
98;2925
99;2927
100;2929
101;2929
102;2931
104;2931
104;2933
105;2935
106;2935
106;2937
106;2937
106;2939
105;2939
106;2941
106;2943
107;2943
107;2945
108;2945
108;2947
109;2947
109;2949
109;2949
110;2951
111;2951
111;2954
112;2955
112;2956
112;2956
111;2958
111;2958
111;2960
111;2961
111;2962
111;2963
111;2963
111;2965
110;2966
110;2966
109;2968
109;2970
108;2973
107;2974
107;2974
107;2976
107;2978
106;2978
106;2980
106;2981
106;2982
106;2983
106;2984
106;2985
106;2986
105;2989
104;2989
103;2991
103;2991
103;2994
104;2995
104;2996
105;2997
105;2998
106;2998
107;3000
108;3002
108;3002
107;3007
106;3008
107;3009
107;3010
107;3010
108;3012
109;3012
110;3014
110;3014
110;3016
110;3016
110;3018
110;3018
110;3020
109;3020
109;3022
109;3022
108;3024
108;3026
107;3026
106;3028
106;3028
105;3030
105;3030
104;3032
104;3032
104;3034
103;3036
104;3038
105;3038
105;3040
106;3040
106;3042
106;3042
106;3044
105;3046
104;3046
103;3048
103;3048
102;3050
102;3051
101;3053
102;3054
102;3055
102;3057
101;3058
100;3060
101;3061
101;3062
101;3063
101;3063
101;3065
101;3066
101;3066
100;3068
100;3070
99;3072
98;3073
98;3075
97;3075
97;3077
98;3077
99;3079
100;3081
102;3082
102;3083
103;3085
102;3086
101;3086
101;3088
100;3088
101;3090
102;3092
102;3092
102;3094
102;3094
103;3098
102;3100
102;3102
103;3104
102;3106
102;3106
102;3108
103;3108
103;3110
103;3110
103;3112
103;3112
104;3114
104;3115
105;3116
105;3116
105;3118
105;3118
105;3120
106;3122
107;3124
107;3126
108;3126
108;3128
109;3129
108;3130
106;3130
104;3132
105;3132
106;3136
109;3136
109;3138
110;3138
109;3140
109;3141
108;3141
108;3143
107;3144
107;3146
107;3148
107;3149
107;3149
107;3151
107;3151
107;3153
107;3153
107;3155
107;3158
108;3160
108;3160
107;3162
107;3166
109;3168
109;3170
108;3170
108;3174
107;3176
108;3176
109;3180
110;3182
110;3182
109;3184
109;3185
109;3186
110;3187
110;3188
109;3189
108;3191
107;3192
106;3193
106;3194
106;3195
106;3196
106;3197
107;3203
109;3204
109;3205
108;3206
108;3207
109;3208
109;3209
109;3210
109;3212
109;3213
108;3217
106;3217
106;3219
106;3220
106;3220
106;3222
105;3223
105;3224
105;3225
104;3227
104;3228
104;3229
104;3231
105;3232
105;3232
106;3234
106;3234
106;3236
107;3236
108;3239
109;3240
109;3241
109;3242
109;3244
109;3245
109;3246
109;3247
109;3249
109;3249
109;3251
108;3253
105;3253
103;3255
103;3257
103;3261
105;3261
105;3263
105;3263
105;3265
105;3265
105;3267
105;3267
105;3269
105;3269
104;3271
104;3271
104;3273
103;3273
103;3275
102;3275
102;3277
101;3278
101;3279
102;3279
102;3281
102;3281
102;3283
102;3283
102;3285
102;3287
102;3287
102;3289
101;3289
101;3291
101;3292
101;3293
101;3294
101;3294
101;3296
101;3297
101;3298
101;3299
101;3299
101;3301
101;3302
101;3302
102;3304
102;3305
101;3307
101;3309
101;3310
101;3311
101;3311
101;3313
102;3313
102;3315
102;3315
103;3316
103;3318
103;3318
104;3320
104;3320
104;3322
105;3326
105;3326
104;3328
104;3330
104;3331
103;3332
103;3334
105;3336
106;3336
107;3338
107;3338
107;3340
107;3340
106;3342
106;3342
106;3344
106;3344
105;3346
104;3348
105;3348
105;3350
105;3350
105;3352
105;3354
105;3356
105;3358
105;3359
105;3359
104;3361
104;3361
104;3362
103;3364
103;3364
103;3366
103;3367
102;3367
102;3369
101;3369
101;3371
100;3376
97;3376
97;3378
97;3378
97;3380
97;3382
97;3382
97;3384
96;3384
96;3386
95;3387
96;3387
96;3389
97;3391
97;3391
97;3393
97;3393
97;3395
97;3397
98;3397
98;3399
98;3399
98;3401
98;3403
98;3405
98;3405
99;3407
99;3407
99;3409
100;3411
100;3411
100;3413
101;3415
102;3417
103;3417
104;3419
104;3419
105;3421
107;3423
108;3423
109;3425
110;3425
111;3427
111;3427
112;3428
112;3430
112;3430
111;3432
110;3433
109;3433
109;3435
108;3435
107;3437
106;3437
105;3439
105;3439
104;3440
103;3442
103;3442
103;3444
104;3446
104;3450
105;3450
105;3452
105;3453
105;3453
105;3457
104;3457
104;3459
104;3459
104;3461
104;3463
104;3463
104;3465
104;3469
105;3473
104;3475
104;3475
104;3477
105;3479
104;3479
104;3481
104;3483
103;3483
103;3485
103;3485
103;3487
104;3487
104;3489
104;3489
104;3491
104;3491
104;3493
104;3494
104;3495
104;3496
104;3497
104;3499
103;3499
104;3500
104;3501
104;3502
104;3503
104;3504
104;3505
104;3506
104;3510
104;3511
104;3511
104;3515
104;3516
105;3518
104;3520
104;3521
104;3522
104;3523
104;3524
104;3525
104;3528
104;3530
104;3534
104;3540
104;3541
104;3543
104;3547
104;3550
104;3551
104;3553
104;3555
103;3557
103;3558
103;3560
103;3561
103;3565
103;3566
103;3570
103;3571
103;3572
103;3573
103;3575
103;3575
103;3577
103;3578
103;3579
103;3580
103;3582
103;3582
103;3583
103;3585
103;3586
103;3587
102;3588
102;3590
102;3590
102;3592
102;3592
101;3595
101;3595
100;3596
100;3597
99;3598
99;3599
98;3601
97;3601
96;3603
96;3603
95;3605
95;3605
94;3607
93;3607
93;3609
92;3611
90;3611
89;3613
88;3615
87;3615
86;3617
86;3621
86;3621
86;3624
86;3625
85;3633
84;3633
84;3635
84;3637
84;3639
83;3641
83;3641
83;3642
83;3644
83;3644
83;3646
83;3646
83;3648
82;3648
81;3650
81;3651
81;3651
82;3654
82;3656
83;3656
83;3658
83;3659
83;3659
83;3661
83;3661
83;3662
83;3664
83;3664
83;3666
83;3666
83;3668
82;3670
82;3670
83;3672
83;3675
83;3675
83;3677
83;3677
83;3679
83;3679
83;3681
83;3683
83;3683
83;3685
83;3685
83;3686
83;3688
83;3689
83;3690
83;3692
83;3692
83;3694
84;3694
84;3696
84;3696
84;3698
84;3698
84;3700
84;3700
85;3702
85;3702
85;3704
85;3704
85;3706
85;3706
85;3708
85;3708
85;3710
86;3710
86;3712
86;3712
86;3714
86;3714
86;3716
86;3716
85;3718
85;3718
85;3720
86;3720
86;3722
86;3722
86;3724
86;3726
86;3726
86;3728
86;3728
86;3730
86;3732
86;3732
86;3734
86;3734
87;3736
87;3736
88;3738
89;3738
89;3740
89;3740
89;3742
89;3742
89;3744
90;3746
91;3748
92;3748
92;3750
93;3751
94;3751
95;3752
95;3753
96;3754
97;3756
98;3756
99;3757
100;3758
100;3759
100;3760
100;3762
100;3763
100;3763
101;3765
100;3766
100;3767
100;3767
100;3768
100;3769
100;3774
102;3774
102;3775
103;3776
104;3778
105;3778
105;3780
105;3780
104;3782
104;3782
103;3784
103;3784
102;3786
101;3787
101;3788
100;3788
100;3790
100;3790
101;3792
102;3792
102;3794
103;3794
103;3796
104;3796
104;3798
104;3800
104;3800
105;3802
106;3802
106;3804
106;3804
106;3806
106;3806
106;3808
107;3808
107;3810
107;3810
107;3812
106;3814
107;3816
107;3816
108;3817
107;3818
107;3819
108;3821
109;3822
110;3823
110;3824
109;3826
109;3827
108;3829
108;3829
108;3830
109;3831
109;3833
108;3834
108;3834
108;3837
108;3838
108;3839
107;3841
107;3843
106;3845
106;3846
106;3847
107;3848
107;3850
106;3851
106;3852
106;3854
106;3854
106;3856
106;3856
106;3858
106;3858
106;3859
107;3860
108;3861
110;3862
110;3863
111;3864
111;3865
112;3866
113;3868
113;3869
112;3871
112;3872
112;3872
112;3873
112;3874
112;3875
112;3876
112;3877
113;3878
114;3879
114;3882
115;3883
115;3884
116;3885
116;3886
115;3888
114;3889
113;3890
113;3891
113;3892
113;3893
112;3894
112;3895
112;3896
112;3897
112;3898
112;3899
113;3900
113;3901
113;3903
112;3903
112;3905
110;3905
109;3907
109;3907
108;3909
108;3911
109;3912
109;3914
109;3916
107;3917
106;3919
105;3919
104;3920
104;3921
104;3924
105;3925
106;3926
106;3927
106;3928
106;3929
107;3931
107;3933
107;3935
105;3936
105;3938
105;3939
105;3941
106;3942
106;3943
107;3944
108;3945
109;3946
110;3948
109;3950
108;3953
107;3955
108;3956
108;3957
108;3958
108;3960
109;3963
110;3966
111;3968
109;3970
108;3971
109;3972
110;3973
111;3974
111;3975
110;3976
110;3977
109;3978
109;3979
108;3982
107;3984
106;3986
107;3987
107;3987
107;3988
107;3990
106;3994
104;3995
104;3997
104;3999
105;4001
106;4002
106;4004
106;4006
107;4007
106;4009
106;4010
106;4011
106;4012
107;4014
108;4014
109;4018
113;4019
113;4020
111;4021
110;4022
109;4023
109;4024
109;4025
108;4027
107;4028
107;4030
108;4030
109;4031
110;4032
110;4034
111;4038
112;4040
111;4041
111;4045
109;4047
109;4049
109;4050
110;4051
111;4052
111;4053
111;4054
111;4055
111;4056
112;4059
113;4060
113;4061
115;4062
115;4063
115;4065
115;4066
114;4068
114;4069
114;4070
114;4072
114;4072
114;4073
114;4074
114;4075
114;4076
114;4077
114;4078
115;4079
115;4080
115;4081
115;4082
115;4083
114;4084
113;4085
112;4086
112;4087
112;4089
112;4089
112;4090
112;4091
112;4093
111;4094
110;4095
110;4096
110;4097
109;4098
109;4099
110;4100
110;4101
110;4102
110;4103
110;4104
110;4105
110;4106
110;4107
110;4108
110;4109
110;4110
109;4111
109;4112
108;4114
107;4115
107;4116
108;4117
108;4118
108;4119
107;4120
107;4121
106;4122
105;4124
105;4124
105;4125
104;4126
104;4127
104;4128
103;4129
103;4131
103;4132
103;4133
103;4134
103;4135
103;4136
103;4137
103;4139
102;4141
102;4143
103;4145
103;4146
103;4147
102;4148
100;4149
100;4150
101;4151
101;4152
101;4153
102;4154
102;4156
103;4157
104;4158
104;4160
105;4161
106;4162
105;4163
105;4164
105;4165
104;4167
104;4168
104;4169
103;4170
103;4171
103;4173
102;4173
102;4174
102;4175
102;4176
102;4178
102;4178
101;4180
101;4180
100;4181
100;4182
100;4183
101;4184
101;4185
102;4186
102;4187
103;4188
104;4189
104;4190
105;4191
104;4192
103;4193
103;4194
102;4195
102;4196
101;4197
101;4198
101;4199
101;4200
101;4202
102;4203
103;4204
103;4205
103;4208
102;4209
101;4210
101;4212
101;4212
102;4213
103;4214
103;4219
104;4220
104;4221
105;4222
106;4225
107;4227
107;4228
107;4230
105;4232
106;4233
106;4234
106;4236
107;4237
107;4238
107;4241
108;4243
108;4244
108;4245
108;4246
109;4247
109;4248
109;4249
110;4250
111;4252
110;4254
109;4255
109;4258
109;4259
109;4261
110;4262
110;4263
110;4266
109;4267
109;4269
110;4270
110;4271
110;4272
110;4278
110;4279
110;4280
110;4281
110;4282
111;4283
110;4284
111;4285
111;4286
111;4287
111;4288
111;4289
111;4291
111;4292
111;4294
111;4295
111;4296
111;4297
110;4298
110;4299
110;4300
109;4301
109;4302
108;4303
108;4304
108;4305
107;4306
107;4307
106;4308
105;4309
105;4310
104;4311
104;4312
103;4313
103;4314
103;4315
102;4316
102;4317
102;4318
102;4319
102;4320
101;4321
100;4322
100;4323
100;4324
100;4325
100;4326
99;4327
99;4328
99;4332
99;4332
99;4334
99;4336
99;4337
99;4338
99;4339
99;4340
99;4341
100;4344
101;4345
101;4346
102;4347
102;4348
102;4350
102;4353
101;4354
101;4355
102;4358
101;4358
101;4359
100;4360
100;4362
99;4364
98;4365
98;4366
98;4369
98;4370
98;4371
98;4374
99;4375
99;4376
99;4378
100;4379
100;4380
100;4381
99;4382
99;4383
99;4384
99;4385
100;4386
101;4387
103;4389
104;4390
104;4391
104;4392
104;4394
104;4396
105;4397
105;4398
105;4399
104;4400
104;4401
104;4402
103;4403
102;4404
101;4405
101;4406
102;4407
103;4408
103;4410
104;4411
104;4412
104;4413
105;4414
105;4415
104;4416
104;4417
104;4418
104;4419
104;4422
105;4423
106;4425
109;4428
109;4429
108;4430
107;4432
107;4433
108;4434
109;4437
110;4438
111;4439
112;4441
113;4442
113;4443
113;4445
113;4447
112;4448
111;4449
110;4450
110;4452
109;4453
110;4454
110;4455
111;4459
112;4461
114;4463
115;4465
116;4467
116;4469
117;4472
122;4474
123;4475
123;4476
123;4477
122;4478
122;4479
121;4480
121;4482
119;4483
118;4484
118;4486
117;4489
115;4493
112;4494
111;4496
110;4497
110;4498
108;4500
107;4501
106;4502
106;4503
107;4504
108;4505
109;4506
110;4507
110;4508
111;4509
111;4510
112;4511
113;4513
114;4514
115;4515
116;4516
117;4517
117;4518
117;4519
118;4521
120;4522
120;4523
121;4524
122;4525
122;4527
123;4528
124;4530
124;4531
125;4532
125;4535
125;4536
126;4537
126;4538
126;4539
126;4540
126;4541
126;4542
125;4543
124;4544
124;4545
123;4546
123;4547
123;4548
123;4550
122;4551
121;4553
120;4555
120;4556
120;4557
120;4558
120;4559
120;4560
119;4561
119;4562
119;4563
119;4564
119;4565
119;4566
118;4567
118;4568
118;4569
117;4570
117;4572
117;4573
117;4575
117;4576
116;4577
116;4578
115;4579
115;4580
114;4581
113;4582
113;4583
112;4584
111;4585
110;4586
109;4587
108;4588
108;4589
107;4590
107;4591
107;4593
107;4593
108;4594
108;4595
108;4597
108;4598
108;4599
108;4600
107;4601
107;4602
106;4603
106;4604
105;4605
106;4606
106;4607
106;4608
106;4609
106;4610
106;4611
105;4612
105;4613
104;4614
103;4615
102;4616
101;4617
100;4618
100;4619
101;4620
101;4621
102;4622
102;4623
103;4624
104;4626
105;4627
105;4628
105;4629
105;4630
105;4631
105;4632
106;4633
108;4634
109;4635
110;4636
111;4637
111;4639
110;4640
109;4641
109;4642
109;4643
109;4644
108;4645
108;4646
108;4647
107;4648
106;4649
106;4650
105;4651
105;4652
105;4653
105;4654
105;4655
105;4657
106;4658
107;4660
109;4661
109;4662
109;4663
109;4664
109;4665
109;4666
111;4667
112;4668
113;4669
113;4670
112;4671
112;4672
112;4673
112;4674
112;4675
112;4676
112;4677
112;4678
111;4679
111;4681
110;4682
110;4683
111;4685
110;4686
111;4687
110;4688
110;4689
109;4690
109;4691
108;4692
108;4693
108;4694
108;4696
108;4697
109;4698
109;4699
109;4700
110;4701
110;4702
110;4703
111;4704
111;4705
111;4706
111;4707
112;4708
112;4709
112;4710
112;4711
112;4712
111;4713
111;4714
111;4715
111;4716
111;4717
111;4718
110;4719
111;4720
111;4721
111;4722
111;4723
111;4724
111;4725
111;4726
111;4727
111;4728
111;4729
111;4730
111;4731
111;4732
111;4733
111;4734
112;4735
111;4736
111;4737
111;4738
111;4739
111;4740
111;4741
111;4742
111;4743
111;4744
111;4745
111;4746
111;4747
111;4748
110;4749
110;4750
110;4751
110;4752
109;4753
109;4754
108;4755
108;4756
107;4757
107;4758
106;4759
106;4760
105;4761
104;4762
104;4763
103;4764
102;4765
101;4766
100;4767
98;4768
97;4769
96;4770
95;4771
94;4772
92;4773
91;4774
90;4775
90;4776
89;4777
88;4778
88;4779
87;4780
88;4781
88;4782
88;4783
87;4784
87;4785
86;4786
86;4787
86;4789
86;4790
85;4791
85;4792
84;4793
85;4794
85;4795
84;4796
84;4801
83;4802
84;4803
84;4804
84;4805
84;4806
84;4807
84;4811
83;4814
83;4815
83;4816
83;4817
83;4818
83;4819
84;4820
84;4821
84;4822
84;4823
84;4824
84;4825
84;4827
84;4828
84;4829
84;4830
84;4833
84;4834
84;4835
84;4836
84;4837
84;4838
84;4839
84;4840
84;4841
84;4842
84;4843
84;4844
84;4845
84;4846
84;4847
83;4848
83;4849
84;4850
84;4851
84;4852
84;4853
84;4854
84;4855
84;4856
84;4857
84;4858
84;4859
84;4860
84;4861
83;4862
83;4863
83;4864
83;4865
82;4866
82;4867
82;4868
82;4869
82;4870
82;4871
82;4872
82;4889
84;4890
84;4891
84;4892
84;4893
84;4894
85;4895
85;4896
85;4897
85;4898
85;4899
85;4900
85;4901
85;4902
85;4903
85;4904
85;4905
85;4906
85;4907
85;4908
85;4909
85;4910
85;4911
85;4912
85;4913
85;4914
85;4915
85;4916
85;4917
85;4918
85;4919
85;4920
85;4921
85;4922
85;4923
85;4924
86;4925
86;4926
86;4928
86;4929
86;4930
86;4931
86;4932
86;4934
86;4935
86;4937
86;4938
86;4939
86;4940
86;4941
86;4942
86;4943
86;4944
86;4945
86;4946
86;4947
86;4948
86;4949
86;4950
86;4951
86;4952
86;4953
86;4954
87;4955
87;4957
87;4958
87;4959
87;4960
87;4962
87;4963
87;4964
87;4965
87;4966
87;4967
87;4968
87;4969
87;4970
87;4971
87;4973
87;4974
87;4975
87;4976
87;4977
87;4980
87;4980
87;4981
88;4982
88;4983
88;4984
88;4985
88;4986
88;4987
88;4988
87;4989
88;4990
88;4991
88;4992
89;4993
89;4994
89;4995
90;4996
90;4998
91;4998
91;4999
92;5000
92;5001
93;5002
94;5003
94;5004
94;5005
94;5006
94;5007
94;5008
94;5009
94;5010
94;5011
94;5012
94;5013
94;5014
93;5015
93;5016
93;5017
93;5018
93;5019
93;5020
94;5021
94;5022
94;5023
94;5024
94;5025
94;5026
94;5027
94;5028
94;5029
94;5030
94;5031
95;5032
95;5033
95;5034
95;5035
96;5036
96;5037
96;5038
97;5039
97;5040
97;5041
98;5042
98;5043
98;5044
98;5046
98;5046
97;5047
97;5048
97;5049
97;5050
97;5051
97;5052
97;5053
97;5054
97;5055
97;5059
97;5060
97;5061
97;5063
97;5064
97;5065
97;5066
96;5067
96;5068
96;5069
95;5070
95;5071
95;5072
94;5073
94;5074
94;5075
95;5076
95;5077
95;5078
96;5080
97;5081
98;5082
98;5083
98;5084
99;5085
99;5086
99;5088
99;5090
100;5091
100;5092
100;5094
100;5095
100;5096
100;5097
101;5098
101;5099
101;5100
101;5101
101;5103
102;5104
102;5105
103;5106
104;5107
105;5108
105;5109
106;5110
106;5111
107;5112
108;5113
108;5114
108;5115
107;5116
107;5117
107;5118
107;5120
109;5121
110;5122
110;5123
111;5124
112;5125
112;5126
113;5127
114;5128
115;5129
116;5130
116;5131
117;5132
116;5133
116;5134
115;5136
114;5137
113;5138
113;5139
112;5140
112;5141
111;5142
111;5143
111;5145
111;5146
111;5147
111;5148
111;5149
110;5150
110;5151
111;5152
111;5153
112;5154
112;5155
112;5156
112;5157
112;5158
111;5159
111;5161
110;5163
110;5164
109;5165
109;5166
108;5167
108;5168
108;5169
108;5170
108;5172
109;5173
109;5174
109;5176
109;5177
109;5178
110;5179
110;5180
110;5181
110;5182
109;5183
109;5184
109;5185
109;5186
109;5187
108;5188
107;5189
106;5190
106;5191
105;5193
103;5194
103;5196
101;5197
101;5199
101;5199
101;5200
102;5202
103;5203
103;5204
103;5206
104;5207
104;5208
104;5209
104;5211
103;5212
103;5213
102;5214
102;5215
101;5216
101;5217
101;5218
100;5219
100;5220
99;5221
99;5222
98;5223
98;5224
98;5225
98;5226
98;5227
98;5228
98;5229
99;5232
100;5233
99;5235
99;5236
100;5237
99;5238
99;5239
99;5240
98;5241
99;5242
100;5243
100;5244
101;5245
101;5246
100;5247
101;5248
103;5249
104;5250
104;5251
104;5252
104;5254
104;5255
104;5256
104;5257
105;5258
105;5259
106;5260
106;5261
106;5262
106;5263
106;5264
106;5265
106;5266
105;5267
105;5268
104;5270
105;5271
105;5272
105;5273
105;5274
105;5275
105;5277
105;5278
104;5279
104;5280
104;5281
104;5282
103;5283
102;5284
102;5285
101;5287
101;5288
101;5291
102;5292
103;5293
103;5294
104;5295
104;5296
104;5297
104;5298
105;5299
105;5300
104;5301
104;5302
103;5303
104;5304
104;5305
105;5307
106;5308
106;5311
107;5312
108;5314
108;5315
107;5316
107;5317
106;5318
106;5319
105;5320
105;5322
104;5323
103;5326
102;5327
102;5328
102;5329
101;5330
101;5332
101;5333
101;5334
102;5335
102;5336
102;5338
103;5339
104;5340
105;5342
105;5343
104;5344
103;5345
103;5346
103;5347
103;5348
103;5349
103;5350
104;5351
105;5352
105;5353
106;5354
107;5355
108;5357
110;5358
111;5359
111;5360
111;5361
110;5362
110;5363
109;5364
108;5365
108;5366
108;5367
108;5368
108;5370
105;5371
104;5372
104;5374
102;5375
101;5376
102;5377
102;5378
102;5379
102;5380
102;5381
103;5382
103;5383
104;5384
104;5385
104;5386
104;5387
103;5388
103;5389
101;5390
101;5391
101;5392
101;5393
101;5394
101;5395
100;5396
100;5397
100;5398
100;5399
100;5400
100;5401
100;5402
101;5403
101;5404
100;5406
100;5406
100;5407
100;5408
100;5409
101;5410
102;5411
102;5412
103;5413
103;5414
102;5416
101;5417
101;5418
101;5419
102;5420
102;5421
103;5423
103;5424
103;5425
104;5426
104;5428
103;5429
103;5430
102;5431
101;5433
100;5434
101;5436
100;5437
100;5440
99;5442
99;5443
99;5444
99;5445
100;5446
101;5447
101;5448
100;5449
100;5450
100;5451
100;5452
101;5453
101;5454
102;5455
102;5456
102;5458
101;5458
101;5459
101;5460
101;5461
101;5462
102;5463
103;5464
104;5465
105;5466
105;5467
105;5468
105;5469
105;5471
104;5472
104;5473
105;5474
106;5475
106;5476
107;5477
106;5478
105;5479
104;5480
104;5481
103;5482
103;5483
103;5484
103;5485
102;5486
102;5487
101;5488
101;5489
101;5491
101;5493
102;5494
102;5496
101;5498
100;5499
100;5500
99;5501
99;5502
99;5503
99;5504
99;5505
99;5506
99;5507
98;5508
98;5509
97;5510
97;5511
97;5512
98;5513
99;5514
99;5515
99;5516
99;5517
99;5518
99;5519
99;5520
99;5521
99;5522
99;5523
99;5524
99;5525
99;5527
99;5528
99;5530
100;5531
100;5532
100;5533
101;5534
101;5535
101;5536
102;5537
102;5538
102;5541
103;5542
103;5543
103;5544
103;5545
103;5546
104;5547
105;5548
105;5549
105;5551
105;5552
105;5553
105;5554
105;5555
105;5556
104;5557
104;5558
103;5559
103;5560
102;5561
101;5562
101;5563
101;5565
101;5567
102;5568
102;5569
102;5570
103;5572
102;5573
102;5574
102;5575
102;5576
102;5577
102;5578
103;5579
103;5580
103;5581
102;5582
102;5583
102;5584
101;5585
101;5586
101;5587
100;5588
101;5589
101;5590
102;5591
103;5592
103;5593
103;5594
103;5595
103;5596
103;5597
103;5598
103;5600
103;5601
104;5603
103;5604
103;5605
103;5606
103;5610
103;5611
103;5612
104;5613
104;5614
105;5616
105;5617
106;5618
104;5619
103;5620
102;5621
101;5622
101;5623
100;5624
99;5625
98;5626
97;5628
97;5629
97;5630
97;5631
98;5633
100;5634
101;5635
101;5636
102;5638
103;5639
103;5640
103;5641
103;5644
102;5645
102;5646
103;5647
103;5648
103;5649
104;5650
105;5651
105;5652
106;5653
106;5654
106;5655
106;5656
106;5657
107;5658
108;5659
109;5660
109;5661
109;5662
108;5663
108;5664
109;5665
110;5666
110;5667
110;5668
110;5669
111;5670
111;5672
113;5675
113;5676
111;5677
110;5679
109;5680
110;5681
111;5682
111;5683
111;5685
111;5686
111;5687
110;5690
109;5693
109;5694
109;5695
109;5696
110;5697
110;5698
110;5699
110;5703
108;5705
107;5707
109;5708
110;5709
110;5710
110;5711
110;5712
110;5713
109;5714
109;5715
110;5716
109;5717
108;5719
106;5721
105;5724
105;5726
107;5727
107;5728
108;5731
108;5732
107;5734
108;5735
109;5736
109;5737
109;5738
110;5740
112;5741
112;5742
112;5743
112;5744
113;5745
112;5746
112;5750
111;5752
109;5753
108;5754
107;5755
107;5756
107;5757
107;5759
107;5760
108;5761
108;5762
109;5763
109;5765
109;5767
109;5768
109;5769
108;5770
107;5771
106;5772
105;5773
105;5774
105;5776
106;5777
106;5778
107;5780
108;5781
109;5782
110;5783
110;5784
110;5785
111;5786
111;5787
111;5789
111;5790
112;5791
113;5792
114;5793
114;5795
115;5796
115;5798
115;5799
115;5800
114;5801
114;5802
114;5803
114;5804
114;5805
115;5806
115;5808
115;5809
115;5811
115;5812
115;5813
115;5814
115;5815
115;5816
115;5817
115;5818
115;5819
116;5820
116;5822
116;5823
116;5824
116;5825
116;5826
116;5828
116;5829
116;5830
116;5831
116;5832
117;5834
117;5835
118;5836
118;5837
118;5838
119;5839
119;5840
119;5841
120;5842
120;5843
120;5844
120;5845
120;5846
120;5847
119;5848
119;5849
118;5850
118;5851
118;5852
117;5854
118;5855
118;5856
117;5857
117;5858
117;5859
117;5860
117;5861
117;5862
117;5863
117;5864
117;5865
118;5866
118;5868
118;5870
118;5871
118;5872
118;5874
118;5876
119;5877
119;5879
119;5880
119;5881
120;5882
120;5883
121;5884
121;5885
121;5886
122;5887
122;5889
122;5890
122;5891
121;5892
121;5893
121;5894
120;5895
120;5896
120;5897
120;5898
120;5899
119;5900
119;5902
119;5903
119;5904
119;5905
118;5906
118;5907
118;5908
118;5910
118;5911
118;5912
118;5913
118;5914
117;5916
117;5917
117;5918
117;5920
116;5921
116;5922
116;5923
115;5924
115;5925
114;5926
113;5927
113;5928
112;5929
112;5930
112;5931
113;5932
113;5933
113;5935
113;5936
114;5937
114;5938
114;5940
113;5941
113;5942
113;5943
113;5944
113;5947
113;5948
112;5949
112;5951
112;5953
111;5954
111;5955
111;5956
111;5957
110;5958
110;5959
110;5960
110;5961
109;5962
109;5963
109;5964
109;5965
109;5966
109;5967
109;5968
109;5969
109;5970
109;5971
109;5972
109;5973
109;5974
109;5975
109;5976
109;5977
109;5978
109;5979
109;5980
108;5981
108;5982
107;5983
107;5984
106;5985
105;5986
105;5987
104;5988
105;5989
106;5990
106;5991
106;5992
106;5993
106;5994
106;5995
106;5996
106;5997
106;5998
106;6000
106;6001
106;6002
106;6003
106;6004
106;6005
105;6006
105;6007
105;6008
105;6009
105;6010
105;6011
105;6012
105;6013
106;6014
106;6015
106;6016
106;6017
106;6018
106;6019
106;6020
106;6021
106;6022
106;6023
106;6025
106;6026
106;6027
106;6028
105;6029
105;6030
105;6031
106;6032
106;6033
106;6034
106;6035
106;6036
106;6037
106;6038
106;6039
106;6040
106;6042
105;6043
105;6044
105;6045
104;6046
104;6047
104;6048
103;6049
102;6050
102;6051
101;6052
100;6053
99;6054
98;6055
97;6056
97;6057
96;6058
95;6059
95;6060
93;6061
93;6062
93;6063
92;6064
92;6065
93;6066
93;6067
93;6068
93;6069
93;6070
92;6071
92;6072
92;6073
92;6074
92;6075
92;6076
92;6077
92;6078
92;6079
91;6080
91;6081
91;6082
90;6083
89;6084
89;6085
89;6086
89;6095
86;6096
85;6099
85;6100
84;6101
84;6102
84;6103
84;6104
84;6105
83;6106
84;6107
84;6108
84;6109
84;6110
85;6111
84;6113
85;6114
85;6115
85;6116
85;6117
85;6118
85;6119
85;6120
85;6121
85;6122
85;6123
85;6124
85;6125
85;6126
85;6127
84;6128
84;6129
84;6130
84;6131
84;6132
84;6133
84;6134
84;6135
83;6136
83;6137
83;6138
84;6139
84;6140
83;6141
83;6142
84;6143
84;6144
84;6145
84;6146
85;6147
85;6148
85;6149
85;6150
85;6151
85;6152
84;6153
84;6157
84;6158
87;6159
89;6160
89;6161
89;6162
89;6163
89;6164
88;6165
88;6166
88;6167
88;6168
88;6169
88;6170
88;6171
88;6172
87;6173
87;6174
87;6176
87;6177
87;6178
86;6179
86;6180
86;6181
86;6182
86;6183
85;6184
85;6185
85;6186
86;6187
86;6188
86;6189
87;6190
87;6191
88;6193
88;6194
88;6195
88;6197
88;6198
88;6199
88;6200
88;6202
88;6203
88;6204
89;6205
89;6206
89;6207
90;6210
92;6211
92;6212
92;6213
92;6214
92;6215
91;6217
92;6218
92;6219
92;6220
92;6222
92;6224
91;6226
92;6227
92;6229
91;6230
90;6231
90;6232
90;6235
92;6236
94;6237
95;6239
95;6240
95;6241
95;6242
95;6243
95;6244
96;6245
96;6246
97;6247
97;6248
97;6249
98;6250
98;6251
99;6252
99;6253
100;6254
100;6255
101;6256
101;6257
100;6258
100;6259
99;6260
99;6261
99;6262
98;6263
97;6264
97;6265
97;6266
97;6267
97;6268
98;6269
99;6270
100;6271
101;6272
102;6273
102;6274
103;6275
104;6276
105;6277
106;6278
106;6279
107;6280
108;6281
109;6282
110;6283
110;6284
110;6285
111;6286
112;6288
112;6289
111;6290
110;6291
110;6292
110;6293
110;6294
110;6295
110;6296
110;6297
110;6298
109;6299
109;6300
109;6301
109;6302
108;6303
107;6304
107;6305
107;6306
107;6308
107;6309
108;6310
107;6311
107;6312
107;6314
108;6315
109;6316
108;6317
107;6318
106;6319
105;6321
105;6322
104;6323
104;6324