6 19 26.0 53.0 101935 602 1161 0.01 0.0 3.0 4.0 5.0 1 1 1.0 1.0 11/11/2022 15 23 56 45.4721898 9.227252
6 20 26.0 52.0 101935 575 1113 0.01 0.0 3.0 4.0 4.0 1 2 2.0 2.0 11/11/2022 15 24 18 45.4721782 9.2270716
6 21 26.0 51.0 101936 566 1082 0.01 0.0 3.0 4.0 4.0 1 2 2.0 2.0 11/11/2022 15 24 42 45.4721515 9.2273061
6 22 26.0 51.0 101936 551 1052 0.01 0.0 6.0 6.0 6.0 1 1 1.0 1.0 11/11/2022 15 25 8 45.4721234 9.2272232
6 23 26.0 50.0 101936 544 1060 0.01 0.0 6.0 6.0 6.0 1 2 2.0 2.0 11/11/2022 15 25 30 45.4720205 9.2272308
6 24 26.0 49.0 101936 546 1039 0.01 0.0 6.0 6.0 6.0 1 3 3.0 3.0 11/11/2022 15 25 54 45.4720399 9.2272244
6 25 26.0 49.0 101936 532 1040 0.01 0.0 6.0 6.0 6.0 1 1 1.0 1.0 11/11/2022 15 26 32 45.4720567 9.2271933
6 26 27.0 48.0 101936 515 1046 0.01 0.0 4.0 4.0 5.0 1 2 1.0 2.0 11/11/2022 15 27 0 45.472046 9.2271924
6 27 27.0 48.0 101936 502 1053 0.01 0.0 5.0 6.0 6.0 1 2 2.0 2.0 11/11/2022 15 27 20 45.4721412 9.2271509
6 28 27.0 47.0 101936 526 1042 0.01 0.0 8.0 8.0 8.0 1 2 2.0 2.0 11/11/2022 15 27 44 45.4720801 9.2271251
6 29 27.0 47.0 101936 524 1029 0.01 0.0 4.0 4.0 4.0 1 1 2.0 1.0 11/11/2022 15 28 8 45.4721324 9.2271213
6 31 28.0 47.0 101936 0 0 0 0.0 4.0 4.0 4.0 1 1 0.0 1.0 11/11/2022 15 28 40 45.4720448 9.2271275
6 31 28.0 46.0 101936 515 1044 0.01 0.0 5.0 6.0 6.0 1 1 2.0 1.0 11/11/2022 15 28 54 45.4719405 9.2272156
6 32 28.0 46.0 101936 491 1016 0.01 0.0 8.0 9.0 9.0 1 2 2.0 2.0 11/11/2022 15 29 18 45.4719615 9.2271052
6 33 28.0 46.0 101935 469 1152 0.01 0.0 8.0 9.0 9.0 2 2 2.0 1.0 11/11/2022 15 29 42 45.4718778 9.2271839
6 34 28.0 45.0 101935 430 1101 0.01 0.0 1.0 1.0 1.0 1 1 1.0 1.0 11/11/2022 15 30 10 45.4720042 9.2271871
6 35 28.0 45.0 101934 380 1101 0.01 0.0 1.0 2.0 2.0 2 2 1.0 2.0 11/11/2022 15 30 32 45.4719888 9.2272485
6 36 27.0 45.0 101935 259 939 0.01 0.0 1.0 2.0 2.0 1 2 3.0 2.0 11/11/2022 15 30 58 45.472447 9.2273973
6 38 27.0 45.0 101947 111 731 0.01 0.0 24.0 27.0 28.0 2 2 2.0 2.0 11/11/2022 15 31 52 45.4726042 9.2275845
6 39 27.0 45.0 101954 72 660 0.01 0.0 17.0 18.0 18.0 1 2 1.0 1.0 11/11/2022 15 32 16 45.4727493 9.2279084
6 40 26.0 45.0 101959 35 605 0.01 0.0 17.0 18.0 18.0 1 2 2.0 2.0 11/11/2022 15 32 40 45.4727881 9.228291
6 42 26.0 45.0 101965 0 0 0 0.0 28.0 29.0 29.0 1 2 0.0 2.0 11/11/2022 15 33 4 45.4727438 9.2289622
6 44 26.0 45.0 101970 14 637 0.01 0.0 0.0 0.0 0.0 0 1 1.0 0.0 11/11/2022 15 33 44 45.472765 9.229419
6 44 25.0 46.0 101980 3 591 0.01 0.0 21.0 22.0 22.0 1 2 2.0 1.0 11/11/2022 15 34 16 45.4727288 9.2298311
6 45 25.0 47.0 101984 4 554 0.01 0.0 21.0 22.0 22.0 1 1 1.0 1.0 11/11/2022 15 34 48 45.4725921 9.2301715
6 47 0 0 0 2 612 0.01 0.0 0.0 0.0 0.0 0 0 1.0 0.0 11/11/2022 15 35 32 45.4726023 9.2302664
6 47 24.0 48.0 101993 11 637 0.01 0.0 22.0 23.0 23.0 1 2 1.0 1.0 11/11/2022 15 35 36 45.4727899 9.2308476
6 48 24.0 48.0 101997 195 604 0.01 0.0 22.0 23.0 23.0 1 3 2.0 3.0 11/11/2022 15 35 56 45.4728302 9.2312432
6 49 24.0 49.0 102000 36 587 0.01 0.0 29.0 31.0 31.0 1 2 2.0 2.0 11/11/2022 15 36 34 45.4728555 9.2319011
6 51 0 0 0 44 598 0.01 0.0 0.0 0.0 0.0 0 0 1.0 0.0 11/11/2022 15 37 18 45.4728506 9.2319111
6 51 23.0 49.0 102007 20 598 0.01 0.0 23.0 24.0 24.0 1 2 1.0 2.0 11/11/2022 15 37 22 45.4728073 9.2320589
6 52 23.0 49.0 102010 14 610 0.01 0.0 17.0 18.0 19.0 1 1 2.0 1.0 11/11/2022 15 37 42 45.472666 9.2325153
6 53 23.0 50.0 102012 4 649 0.01 0.0 26.0 27.0 27.0 1 2 1.0 2.0 11/11/2022 15 38 6 45.4728053 9.2328375
6 54 23.0 50.0 102015 0 631 0.01 0.0 26.0 27.0 27.0 2 1 2.0 1.0 11/11/2022 15 38 30 45.472804 9.2333491
6 56 23.0 50.0 102017 0 0 0 0.0 17.0 18.0 18.0 1 1 0.0 1.0 11/11/2022 15 39 2 45.4727569 9.2338359
6 57 23.0 51.0 102020 0 0 0 0.0 0.0 0.0 0.0 0 1 0.0 0.0 11/11/2022 15 39 32 45.4727776 9.2339919
6 57 23.0 51.0 102022 19 568 0.01 0.0 24.0 25.0 25.0 2 2 2.0 2.0 11/11/2022 15 39 42 45.4727456 9.2344348
6 58 23.0 51.0 102024 19 843 0.01 0.0 18.0 19.0 19.0 1 1 1.0 1.0 11/11/2022 15 40 18 45.4727994 9.2344402
6 59 22.0 51.0 102026 0 532 0.01 0.0 18.0 19.0 19.0 1 1 1.0 1.0 11/11/2022 15 40 30 45.4728117 9.2344568
6 60 22.0 51.0 102027 4 616 0.01 0.0 18.0 19.0 19.0 1 3 2.0 3.0 11/11/2022 15 41 0 45.4728117 9.2344567
6 61 22.0 52.0 102029 1 607 0.01 0.0 24.0 25.0 25.0 1 2 2.0 2.0 11/11/2022 15 41 32 45.4728117 9.2344567
6 63 0 0 0 12 610 0.01 0.0 0.0 0.0 0.0 0 0 1.0 0.0 11/11/2022 15 42 10 45.4728504 9.2344712
6 63 23.0 51.0 102032 50 608 0.01 0.0 22.0 24.0 24.0 1 2 1.0 1.0 11/11/2022 15 42 22 45.4728517 9.2344717
6 1 23.0 51.0 102033 49 598 0.01 0.0 23.0 24.0 24.0 1 2 2.0 1.0 11/11/2022 15 42 42 45.4728517 9.2344717
6 2 23.0 51.0 102034 31 617 0.01 0.0 24.0 26.0 28.0 1 2 2.0 2.0 11/11/2022 15 43 6 45.47283 9.2345717
6 3 23.0 51.0 102035 26 610 0.01 0.0 24.0 26.0 28.0 1 1 2.0 1.0 11/11/2022 15 43 30 45.47283 9.2345717
6 4 23.0 51.0 102036 9 585 0.01 0.0 19.0 22.0 24.0 1 1 1.0 1.0 11/11/2022 15 44 4 45.47283 9.2345717
6 5 23.0 51.0 102036 2 572 0.01 0.0 25.0 26.0 26.0 1 2 1.0 2.0 11/11/2022 15 44 16 45.472835 9.2346033
6 6 23.0 51.0 102037 1 658 0.01 0.0 25.0 26.0 26.0 1 2 2.0 2.0 11/11/2022 15 44 40 45.4728144 9.2345925
6 7 23.0 51.0 102038 54 620 0.01 0.0 20.0 21.0 21.0 1 2 1.0 2.0 11/11/2022 15 45 4 45.4728161 9.2345594
6 8 23.0 51.0 102039 320 626 0.01 0.0 20.0 22.0 22.0 1 2 2.0 2.0 11/11/2022 15 45 32 45.472843 9.2346019
6 9 23.0 51.0 102039 275 634 0.01 0.0 20.0 22.0 22.0 1 3 3.0 3.0 11/11/2022 15 45 56 45.4732337 9.2346682
6 10 23.0 51.0 102040 132 647 0.01 0.0 23.0 24.0 24.0 1 1 1.0 1.0 11/11/2022 15 46 40 45.4734191 9.2344842
6 11 23.0 51.0 102041 78 585 0.01 0.0 19.0 20.0 20.0 1 2 2.0 2.0 11/11/2022 15 46 56 45.4736484 9.2344488
6 12 23.0 52.0 102041 53 723 0.01 0.0 24.0 25.0 25.0 1 2 1.0 2.0 11/11/2022 15 47 24 45.4738997 9.2343592
6 13 23.0 52.0 102042 40 669 0.01 0.0 26.0 27.0 27.0 1 1 2.0 2.0 11/11/2022 15 47 44 45.4743007 9.2344538
6 14 22.0 52.0 102042 40 596 0.01 0.0 23.0 24.0 24.0 2 1 1.0 1.0 11/11/2022 15 48 14 45.4744426 9.2344955
6 15 22.0 53.0 102042 33 558 0.01 0.0 23.0 24.0 24.0 2 2 2.0 2.0 11/11/2022 15 48 30 45.4747001 9.2343955
6 16 22.0 53.0 102042 20 625 0.01 0.0 15.0 16.0 16.0 1 1 2.0 2.0 11/11/2022 15 48 54 45.4750373 9.2343603
6 17 22.0 53.0 102042 11 630 0.01 0.0 23.0 24.0 24.0 1 2 2.0 2.0 11/11/2022 15 49 18 45.4754132 9.2343666
6 18 22.0 53.0 102042 7 748 0.01 0.0 23.0 24.0 24.0 1 1 1.0 1.0 11/11/2022 15 49 54 45.4755214 9.2343293
6 19 22.0 53.0 102042 4 670 0.01 0.0 19.0 21.0 22.0 1 2 2.0 2.0 11/11/2022 15 50 6 45.4757316 9.2343301
6 20 22.0 54.0 102041 5 704 0.01 0.0 19.0 21.0 22.0 1 2 2.0 1.0 11/11/2022 15 50 30 45.4759281 9.2345551
6 21 22.0 53.0 102041 15 661 0.01 0.0 19.0 21.0 22.0 1 1 2.0 1.0 11/11/2022 15 50 56 45.4759999 9.235096
6 22 21.0 54.0 102041 7 651 0.01 0.0 35.0 37.0 37.0 1 1 2.0 2.0 11/11/2022 15 51 30 45.4759154 9.2356075
6 23 21.0 54.0 102040 21 765 0.01 0.0 92.0 106.0 117.0 1 2 2.0 2.0 11/11/2022 15 51 56 45.4758128 9.2359029
6 24 21.0 54.0 102040 4 433 0.01 0.0 30.0 32.0 32.0 2 1 1.0 1.0 11/11/2022 15 52 20 45.4757041 9.235992
6 25 22.0 55.0 102039 1 628 0.01 0.0 22.0 23.0 23.0 1 2 1.0 2.0 11/11/2022 15 52 46 45.4757049 9.2359917
6 26 22.0 54.0 102038 6 574 0.01 0.0 27.0 28.0 28.0 1 2 2.0 2.0 11/11/2022 15 53 8 45.475705 9.2359917
6 27 22.0 54.0 102037 3 629 0.01 0.0 26.0 28.0 28.0 1 2 2.0 2.0 11/11/2022 15 53 34 45.475705 9.2359917
6 28 22.0 54.0 102037 2 606 0.01 0.0 16.0 17.0 17.0 1 1 1.0 1.0 11/11/2022 15 53 58 45.4756072 9.2360116
6 29 22.0 54.0 102036 12 586 0.01 0.0 18.0 19.0 19.0 1 1 2.0 1.0 11/11/2022 15 54 22 45.4756067 9.2360117
6 31 22.0 53.0 102035 39 609 0.01 0.0 0.0 0.0 0.0 0 2 2.0 0.0 11/11/2022 15 54 44 45.4756067 9.2360117
6 31 22.0 53.0 102034 87 594 0.01 0.0 20.0 21.0 21.0 1 2 1.0 2.0 11/11/2022 15 55 8 45.4756067 9.2360117
6 32 23.0 53.0 102034 135 620 0.01 0.0 20.0 21.0 21.0 1 1 2.0 1.0 11/11/2022 15 55 40 45.4756067 9.2360117
6 33 23.0 53.0 102033 125 612 0.01 0.0 20.0 21.0 21.0 1 3 2.0 3.0 11/11/2022 15 55 56 45.4756067 9.2360117
6 35 23.0 53.0 102032 0 0 0 0.0 19.0 21.0 21.0 1 1 0.0 1.0 11/11/2022 15 56 42 45.4756067 9.2360117
6 35 23.0 53.0 102032 164 606 0.01 0.0 22.0 25.0 27.0 1 2 2.0 2.0 11/11/2022 15 56 54 45.4756067 9.2360117
6 36 23.0 53.0 102031 187 606 0.01 0.0 20.0 21.0 21.0 1 2 2.0 2.0 11/11/2022 15 57 18 45.4756917 9.236085
6 37 23.0 53.0 102031 185 610 0.01 0.0 104.0 110.0 110.0 1 1 1.0 1.0 11/11/2022 15 57 42 45.4757949 9.2358963
6 38 23.0 53.0 102031 172 450 0.01 0.0 34.0 36.0 36.0 1 2 2.0 1.0 11/11/2022 15 58 4 45.4759096 9.2355851
6 39 23.0 52.0 102031 128 634 0.01 0.0 34.0 36.0 36.0 2 2 1.0 2.0 11/11/2022 15 58 30 45.4758839 9.2351809
6 40 23.0 53.0 102031 105 584 0.01 0.0 30.0 32.0 32.0 1 2 2.0 2.0 11/11/2022 15 58 54 45.4759444 9.2346359
6 41 23.0 52.0 102031 93 592 0.01 0.0 22.0 23.0 23.0 2 1 1.0 1.0 11/11/2022 15 59 28 45.47601 9.234452
6 42 23.0 52.0 102031 91 578 0.01 0.0 22.0 24.0 24.0 1 2 2.0 2.0 11/11/2022 15 59 44 45.4762505 9.2344257
6 43 23.0 52.0 102032 115 571 0.01 0.0 24.0 27.0 28.0 1 2 2.0 1.0 11/11/2022 16 0 8 45.4765049 9.2343767
6 44 23.0 53.0 102032 127 664 0.01 0.0 24.0 27.0 29.0 1 2 2.0 2.0 11/11/2022 16 0 32 45.4768185 9.2343838
6 45 22.0 53.0 102032 134 641 0.01 0.0 24.0 27.0 29.0 1 2 2.0 2.0 11/11/2022 16 0 56 45.4772206 9.2344051
6 47 22.0 53.0 102032 0 0 0 0.0 20.0 22.0 24.0 1 1 0.0 1.0 11/11/2022 16 1 34 45.4774246 9.2343984
6 47 22.0 53.0 102032 91 573 0.01 0.0 20.0 22.0 22.0 1 1 2.0 2.0 11/11/2022 16 1 54 45.4777007 9.2344103
6 48 22.0 53.0 102032 85 585 0.01 0.0 22.0 24.0 24.0 1 2 2.0 2.0 11/11/2022 16 2 18 45.4779932 9.234409
6 49 22.0 53.0 102032 92 674 0.01 0.0 20.0 23.0 26.0 2 1 1.0 1.0 11/11/2022 16 2 48 45.4782798 9.2344115
6 51 0 0 0 99 682 0.01 0.0 17.0 18.0 18.0 1 0 2.0 1.0 11/11/2022 16 3 14 45.4785199 9.2344331
6 51 22.0 53.0 102031 99 647 0.01 0.0 17.0 18.0 18.0 1 1 1.0 2.0 11/11/2022 16 3 32 45.4787721 9.2344227
6 52 22.0 53.0 102030 98 608 0.01 0.0 19.0 20.0 20.0 1 2 1.0 2.0 11/11/2022 16 3 58 45.4790355 9.2343727
6 53 22.0 53.0 102030 120 711 0.01 0.0 24.0 26.0 26.0 1 1 2.0 1.0 11/11/2022 16 4 18 45.479352 9.2343781
6 54 22.0 53.0 102029 143 637 0.01 0.0 24.0 26.0 26.0 2 2 1.0 2.0 11/11/2022 16 4 46 45.4796019 9.2344425
6 55 22.0 53.0 102029 126 649 0.01 0.0 15.0 16.0 17.0 1 2 2.0 2.0 11/11/2022 16 5 8 45.4798442 9.2344129
6 56 22.0 53.0 102028 127 677 0.01 0.0 16.0 17.0 18.0 1 2 2.0 2.0 11/11/2022 16 5 34 45.4802248 9.2343483
6 57 22.0 53.0 102028 130 605 0.01 0.0 16.0 17.0 18.0 1 1 1.0 1.0 11/11/2022 16 6 8 45.4802283 9.23435
6 58 22.0 53.0 102027 114 616 0.01 0.0 21.0 23.0 24.0 1 1 2.0 1.0 11/11/2022 16 6 38 45.4802283 9.23435
6 59 22.0 53.0 102027 115 608 0.01 0.0 24.0 25.0 25.0 1 2 2.0 2.0 11/11/2022 16 6 54 45.4802283 9.23435
6 61 23.0 53.0 102026 0 0 0 0.0 24.0 25.0 25.0 1 1 0.0 1.0 11/11/2022 16 7 40 45.4802283 9.23435
6 61 23.0 52.0 102026 105 616 0.01 0.0 27.0 29.0 29.0 1 1 2.0 1.0 11/11/2022 16 7 48 45.4802283 9.23435
6 62 23.0 52.0 102026 120 589 0.01 0.0 30.0 32.0 32.0 1 2 2.0 2.0 11/11/2022 16 8 4 45.4802283 9.23435
6 63 23.0 52.0 102025 118 627 0.01 0.0 30.0 32.0 32.0 1 2 2.0 1.0 11/11/2022 16 8 28 45.4802183 9.2344817
6 2 23.0 52.0 102025 0 0 0 0.0 22.0 23.0 23.0 1 1 0.0 1.0 11/11/2022 16 9 6 45.4802183 9.2344817
6 2 23.0 52.0 102025 76 607 0.01 0.0 24.0 25.0 25.0 1 2 2.0 2.0 11/11/2022 16 9 18 45.4802183 9.2344817
6 3 23.0 52.0 102024 47 573 0.01 0.0 24.0 25.0 25.0 1 1 2.0 2.0 11/11/2022 16 9 44 45.4802183 9.2344817
6 4 23.0 52.0 102024 2 617 0.01 0.0 31.0 33.0 33.0 1 2 2.0 2.0 11/11/2022 16 10 10 45.4802183 9.2344817
6 6 0 0 0 3 616 0.01 0.0 0.0 0.0 0.0 0 0 1.0 0.0 11/11/2022 16 10 50 45.4802183 9.2344817
6 6 23.0 52.0 102023 7 649 0.01 0.0 31.0 33.0 33.0 1 3 3.0 2.0 11/11/2022 16 10 54 45.4802183 9.2344817
6 8 23.0 52.0 102023 0 0 0 0.0 34.0 36.0 36.0 1 2 0.0 1.0 11/11/2022 16 11 34 45.4803017 9.23448
6 8 23.0 52.0 102023 62 619 0.01 0.0 23.0 25.0 26.0 1 1 1.0 1.0 11/11/2022 16 11 58 45.4803577 9.2344583
6 9 23.0 52.0 102023 92 792 0.01 0.0 27.0 28.0 28.0 1 1 2.0 2.0 11/11/2022 16 12 18 45.4807507 9.2342673
6 10 23.0 52.0 102023 101 552 0.01 0.0 22.0 25.0 27.0 1 2 1.0 2.0 11/11/2022 16 12 48 45.4810035 9.2343354
6 12 23.0 52.0 102022 0 0 0 0.0 22.0 24.0 24.0 1 1 0.0 1.0 11/11/2022 16 13 22 45.4812278 9.2343832
6 13 0 0 0 52 662 0.01 0.0 22.0 24.0 24.0 1 0 2.0 1.0 11/11/2022 16 13 38 45.4814276 9.2344025
6 13 22.0 53.0 102021 41 599 0.01 0.0 18.0 19.0 19.0 1 2 1.0 1.0 11/11/2022 16 13 58 45.4817635 9.2342433
6 14 22.0 53.0 102021 61 567 0.01 0.0 20.0 21.0 21.0 1 2 2.0 2.0 11/11/2022 16 14 22 45.4820303 9.2342229
6 15 22.0 53.0 102020 62 642 0.01 0.0 20.0 21.0 21.0 1 1 1.0 1.0 11/11/2022 16 14 50 45.4822587 9.2342356
6 16 22.0 53.0 102020 107 676 0.01 0.0 14.0 15.0 15.0 1 1 2.0 1.0 11/11/2022 16 15 12 45.4826331 9.234213
6 17 22.0 54.0 102019 129 644 0.01 0.0 14.0 15.0 15.0 1 1 1.0 1.0 11/11/2022 16 15 30 45.4828089 9.2342948
6 18 22.0 54.0 102018 111 744 0.01 0.0 14.0 15.0 15.0 1 2 2.0 1.0 11/11/2022 16 15 56 45.4833458 9.2342351
6 19 22.0 54.0 102018 80 572 0.01 0.0 23.0 25.0 25.0 1 2 1.0 2.0 11/11/2022 16 16 36 45.4836389 9.2341821
6 21 0 0 0 74 601 0.01 0.0 25.0 27.0 27.0 2 0 2.0 1.0 11/11/2022 16 16 56 45.4838649 9.2344204
6 21 22.0 54.0 102016 69 552 0.01 0.0 25.0 27.0 27.0 1 1 1.0 1.0 11/11/2022 16 17 20 45.4841873 9.234714
6 22 22.0 54.0 102015 54 701 0.01 0.0 21.0 23.0 24.0 1 1 2.0 1.0 11/11/2022 16 17 46 45.4842782 9.2349154
6 24 22.0 54.0 102014 63 587 0.01 0.0 0.0 0.0 0.0 0 2 2.0 0.0 11/11/2022 16 18 4 45.4844971 9.2353649
6 24 22.0 54.0 102013 72 682 0.01 0.0 18.0 19.0 19.0 1 2 1.0 2.0 11/11/2022 16 18 30 45.4843297 9.2359201
6 25 22.0 54.0 102012 91 623 0.01 0.0 22.0 23.0 23.0 1 1 2.0 1.0 11/11/2022 16 19 2 45.4842799 9.2360968
6 26 22.0 54.0 102012 107 648 0.01 0.0 23.0 24.0 24.0 1 2 2.0 2.0 11/11/2022 16 19 18 45.4843806 9.236315
6 28 22.0 54.0 102011 0 0 0 0.0 23.0 24.0 24.0 1 1 0.0 1.0 11/11/2022 16 19 42 45.4845217 9.2362944
6 28 22.0 54.0 102010 66 612 0.01 0.0 26.0 27.0 27.0 1 1 1.0 1.0 11/11/2022 16 20 11 45.4847217 9.2361323
6 29 22.0 54.0 102009 55 828 0.01 0.0 26.0 27.0 27.0 1 1 2.0 2.0 11/11/2022 16 20 29 45.48483 9.2361633
6 30 22.0 54.0 102009 51 662 0.01 0.0 26.0 27.0 27.0 1 1 1.0 1.0 11/11/2022 16 21 1 45.48483 9.2361633
6 31 22.0 54.0 102008 51 666 0.01 0.0 18.0 20.0 20.0 1 2 1.0 2.0 11/11/2022 16 21 35 45.48483 9.2361633
6 32 22.0 54.0 102007 63 616 0.01 0.0 25.0 27.0 27.0 1 2 2.0 1.0 11/11/2022 16 21 55 45.48483 9.2361633
6 33 22.0 53.0 102007 78 615 0.01 0.0 25.0 28.0 29.0 1 1 1.0 1.0 11/11/2022 16 22 29 45.48483 9.2361633
6 34 23.0 53.0 102006 98 605 0.01 0.0 31.0 32.0 32.0 1 1 2.0 1.0 11/11/2022 16 22 41 45.48483 9.2361633
6 35 23.0 53.0 102006 80 593 0.01 0.0 27.0 28.0 28.0 1 2 2.0 2.0 11/11/2022 16 23 5 45.48483 9.2361633
6 37 23.0 52.0 102005 75 612 0.01 0.0 35.0 37.0 37.0 1 2 1.0 2.0 11/11/2022 16 23 51 45.48483 9.2361633
6 38 23.0 52.0 102005 70 630 0.01 0.0 29.0 31.0 31.0 1 2 2.0 2.0 11/11/2022 16 24 17 45.4848017 9.2361867
6 40 23.0 52.0 102005 0 0 0 0.0 29.0 31.0 31.0 1 1 0.0 1.0 11/11/2022 16 24 49 45.4848017 9.2361867
6 40 23.0 52.0 102005 77 626 0.01 0.0 26.0 28.0 28.0 1 2 2.0 1.0 11/11/2022 16 25 5 45.4848017 9.2361867
6 41 23.0 52.0 102005 81 637 0.01 0.0 26.0 28.0 28.0 1 2 2.0 2.0 11/11/2022 16 25 29 45.4848286 9.2360938
6 42 23.0 52.0 102005 101 647 0.01 0.0 26.0 28.0 28.0 1 1 2.0 1.0 11/11/2022 16 26 3 45.4847843 9.2356132
6 43 23.0 52.0 102004 70 646 0.01 0.0 24.0 25.0 25.0 1 2 1.0 2.0 11/11/2022 16 26 31 45.4846338 9.2356312
6 45 0 0 0 24 603 0.01 0.0 22.0 23.0 23.0 1 0 2.0 2.0 11/11/2022 16 26 59 45.4846216 9.2354152
6 45 23.0 53.0 102004 6 513 0.01 0.0 25.0 26.0 26.0 1 1 1.0 1.0 11/11/2022 16 27 19 45.4841877 9.234957
6 46 22.0 53.0 102004 0 612 0.01 0.0 29.0 30.0 30.0 2 1 1.0 1.0 11/11/2022 16 27 47 45.4840946 9.2348174
6 48 22.0 53.0 102004 0 603 0.01 0.0 0.0 0.0 0.0 0 2 1.0 0.0 11/11/2022 16 28 5 45.4839956 9.2344084
6 49 22.0 53.0 102004 0 0 0 0.0 30.0 31.0 31.0 1 2 0.0 1.0 11/11/2022 16 28 33 45.4837252 9.2344088
6 50 0 0 0 4 605 0.01 0.0 0.0 0.0 0.0 0 0 1.0 0.0 11/11/2022 16 28 55 45.4834878 9.2342928
6 51 21.0 54.0 102003 0 0 0 0.0 0.0 0.0 0.0 0 1 0.0 0.0 11/11/2022 16 29 21 45.4830841 9.2342652
6 51 21.0 54.0 102004 0 560 0.01 0.0 21.0 22.0 22.0 1 1 1.0 2.0 11/11/2022 16 29 45 45.4825231 9.2343797
6 53 0 0 0 0 0 0 0.0 21.0 23.0 25.0 1 0 0.0 1.0 11/11/2022 16 30 29 45.4824697 9.2343782
6 53 21.0 55.0 102004 49 507 0.01 0.0 21.0 23.0 23.0 1 1 2.0 1.0 11/11/2022 16 30 35 45.4821949 9.2343413
6 54 21.0 55.0 102004 69 661 0.01 0.0 21.0 23.0 23.0 1 2 1.0 2.0 11/11/2022 16 30 59 45.4816931 9.2342897
6 55 21.0 55.0 102004 47 654 0.01 0.0 22.0 23.0 23.0 1 1 1.0 2.0 11/11/2022 16 31 35 45.4813955 9.234432
6 56 21.0 55.0 102004 30 579 0.01 0.0 30.0 31.0 31.0 1 1 1.0 1.0 11/11/2022 16 32 5 45.4811918 9.2342559
6 57 21.0 55.0 102005 24 784 0.01 0.0 24.0 26.0 26.0 2 2 2.0 2.0 11/11/2022 16 32 19 45.4810594 9.234465
6 58 21.0 55.0 102006 20 643 0.01 0.0 21.0 23.0 23.0 1 1 1.0 1.0 11/11/2022 16 32 45 45.4809698 9.2343142
6 59 21.0 55.0 102006 19 607 0.01 0.0 26.0 27.0 27.0 1 2 2.0 2.0 11/11/2022 16 33 3 45.4806213 9.2342925
6 60 21.0 55.0 102007 38 659 0.01 0.0 25.0 27.0 27.0 1 1 2.0 2.0 11/11/2022 16 33 31 45.4804602 9.2342209
6 63 21.0 56.0 102008 0 0 0 0.0 19.0 20.0 20.0 1 1 0.0 1.0 11/11/2022 16 33 55 45.4804073 9.2342537
6 63 21.0 55.0 102009 61 669 0.01 0.0 21.0 22.0 22.0 1 1 2.0 2.0 11/11/2022 16 34 45 45.4801037 9.2342753
6 1 21.0 55.0 102010 105 572 0.01 0.0 21.0 23.0 25.0 2 2 1.0 2.0 11/11/2022 16 35 7 45.4798503 9.2342816
6 2 21.0 56.0 102010 44 664 0.01 0.0 21.0 23.0 24.0 1 2 2.0 2.0 11/11/2022 16 35 29 45.4795602 9.2342673
6 3 21.0 56.0 102011 8 632 0.01 0.0 21.0 23.0 24.0 1 2 2.0 2.0 11/11/2022 16 35 57 45.4790676 9.234229
6 4 20.0 57.0 102011 4 667 0.01 0.0 19.0 20.0 20.0 1 1 2.0 1.0 11/11/2022 16 36 35 45.4788499 9.2342785
6 5 20.0 57.0 102012 4 732 0.01 0.0 24.0 25.0 25.0 2 2 2.0 2.0 11/11/2022 16 36 53 45.4785591 9.2342556
6 6 20.0 57.0 102013 5 707 0.01 0.0 24.0 26.0 26.0 1 1 1.0 1.0 11/11/2022 16 37 23 45.4785589 9.2339822
6 7 21.0 57.0 102014 8 691 0.01 0.0 24.0 26.0 26.0 1 2 2.0 2.0 11/11/2022 16 37 39 45.4785423 9.2335651
6 8 21.0 57.0 102014 9 627 0.01 0.0 30.0 34.0 36.0 1 2 2.0 2.0 11/11/2022 16 38 3 45.4785161 9.2332171
6 9 21.0 56.0 102014 12 773 0.01 0.0 30.0 33.0 35.0 1 2 2.0 2.0 11/11/2022 16 38 27 45.4785775 9.2326134
6 10 20.0 57.0 102015 1 575 0.01 0.0 26.0 30.0 34.0 1 1 1.0 1.0 11/11/2022 16 39 1 45.4785621 9.2323949
6 11 20.0 57.0 102015 0 658 0.01 0.0 27.0 28.0 28.0 1 1 2.0 2.0 11/11/2022 16 39 15 45.4785362 9.2320684
6 12 20.0 57.0 102015 0 714 0.01 0.0 27.0 28.0 28.0 2 2 1.0 2.0 11/11/2022 16 39 39 45.4784822 9.2317065
6 13 20.0 57.0 102016 5 600 0.01 0.0 17.0 18.0 18.0 2 2 1.0 2.0 11/11/2022 16 40 3 45.4782319 9.2316315
6 14 20.0 57.0 102016 24 646 0.01 0.0 18.0 19.0 19.0 1 2 1.0 2.0 11/11/2022 16 40 37 45.4781423 9.2316184
6 15 20.0 57.0 102016 40 679 0.01 0.0 18.0 19.0 19.0 1 3 3.0 3.0 11/11/2022 16 40 57 45.4781433 9.2316233
6 16 21.0 57.0 102017 79 693 0.01 0.0 26.0 27.0 27.0 1 1 2.0 1.0 11/11/2022 16 41 33 45.4781433 9.2316233
6 17 21.0 58.0 102018 157 617 0.01 0.0 28.0 29.0 29.0 1 2 1.0 2.0 11/11/2022 16 42 1 45.4781433 9.2316233
6 18 22.0 58.0 102019 213 614 0.01 0.0 25.0 27.0 27.0 1 2 2.0 2.0 11/11/2022 16 42 21 45.4781433 9.2316233
6 19 22.0 58.0 102020 281 624 0.01 0.0 24.0 25.0 25.0 1 2 2.0 2.0 11/11/2022 16 42 45 45.4781433 9.2316233
6 20 22.0 58.0 102021 355 626 0.01 0.0 28.0 30.0 30.0 1 1 2.0 1.0 11/11/2022 16 43 9 45.4781433 9.2316233
6 22 23.0 58.0 102022 0 0 0 0.0 28.0 30.0 30.0 1 1 0.0 1.0 11/11/2022 16 43 39 45.4781433 9.2316233
6 22 23.0 57.0 102023 379 603 0.01 0.0 28.0 32.0 35.0 1 2 2.0 2.0 11/11/2022 16 43 53 45.4781433 9.2316233
6 23 23.0 57.0 102024 407 599 0.01 0.0 34.0 36.0 36.0 1 2 1.0 2.0 11/11/2022 16 44 17 45.4781433 9.2316233
6 24 24.0 57.0 102025 455 633 0.01 0.0 34.0 35.0 35.0 1 1 2.0 1.0 11/11/2022 16 44 51 45.4781433 9.2316233
6 25 24.0 56.0 102026 475 607 0.01 0.0 24.0 26.0 26.0 1 2 1.0 2.0 11/11/2022 16 45 7 45.4781433 9.2316233
6 26 24.0 56.0 102027 508 624 0.01 0.0 24.0 26.0 26.0 1 2 2.0 2.0 11/11/2022 16 45 31 45.4781433 9.2316233
6 27 24.0 55.0 102027 426 625 0.01 0.0 24.0 26.0 26.0 1 3 2.0 3.0 11/11/2022 16 45 55 45.4784516 9.2316088
6 28 24.0 54.0 102028 310 584 0.01 0.0 25.0 28.0 30.0 1 1 2.0 1.0 11/11/2022 16 46 37 45.4784757 9.2313701
6 29 23.0 54.0 102027 242 614 0.01 0.0 26.0 28.0 28.0 1 2 1.0 2.0 11/11/2022 16 46 55 45.4784508 9.231078
6 30 24.0 53.0 102027 222 601 0.01 0.0 20.0 21.0 21.0 2 2 2.0 2.0 11/11/2022 16 47 17 45.4784428 9.2306589
6 31 24.0 53.0 102027 235 576 0.01 0.0 17.0 18.0 18.0 1 1 2.0 1.0 11/11/2022 16 47 43 45.4784584 9.2303739
6 32 23.0 53.0 102026 233 581 0.01 0.0 24.0 25.0 25.0 1 1 1.0 1.0 11/11/2022 16 48 7 45.4783016 9.2302405
6 33 23.0 53.0 102026 207 641 0.01 0.0 24.0 26.0 26.0 1 2 1.0 2.0 11/11/2022 16 48 31 45.4780897 9.2302218
6 34 23.0 53.0 102026 228 645 0.01 0.0 27.0 29.0 29.0 1 2 2.0 2.0 11/11/2022 16 48 53 45.477769 9.2302065
6 35 23.0 53.0 102025 274 585 0.01 0.0 27.0 29.0 29.0 1 2 2.0 2.0 11/11/2022 16 49 17 45.4773794 9.2302292
6 36 23.0 53.0 102025 284 592 0.01 0.0 27.0 28.0 28.0 1 1 1.0 1.0 11/11/2022 16 49 49 45.4772045 9.2302144
6 37 22.0 53.0 102025 224 640 0.01 0.0 19.0 21.0 23.0 1 2 2.0 2.0 11/11/2022 16 50 5 45.4770114 9.2299785
6 38 22.0 53.0 102025 190 639 0.01 0.0 19.0 20.0 20.0 1 2 2.0 1.0 11/11/2022 16 50 31 45.476772 9.2298372
6 39 22.0 54.0 102025 213 732 0.01 0.0 19.0 20.0 20.0 1 2 2.0 2.0 11/11/2022 16 50 55 45.4768382 9.2292525
6 41 22.0 54.0 102025 0 0 0 0.0 26.0 27.0 27.0 1 2 0.0 2.0 11/11/2022 16 51 31 45.4767901 9.2288365
6 41 22.0 54.0 102025 199 667 0.01 0.0 22.0 23.0 23.0 1 2 2.0 2.0 11/11/2022 16 51 55 45.4767599 9.2284538
6 42 22.0 54.0 102025 198 639 0.01 0.0 32.0 34.0 34.0 1 2 2.0 1.0 11/11/2022 16 52 21 45.4768118 9.2279294
6 43 22.0 54.0 102025 167 623 0.01 0.0 20.0 21.0 21.0 1 1 2.0 1.0 11/11/2022 16 52 49 45.4768147 9.2277174
6 44 22.0 54.0 102025 129 617 0.01 0.0 30.0 32.0 32.0 2 2 1.0 2.0 11/11/2022 16 53 5 45.4767814 9.2273073
6 46 0 0 0 116 665 0.01 0.0 30.0 32.0 32.0 1 0 2.0 1.0 11/11/2022 16 53 33 45.4767709 9.2270134
6 46 21.0 55.0 102025 92 494 0.01 0.0 33.0 35.0 35.0 1 2 1.0 2.0 11/11/2022 16 53 51 45.4766035 9.2267128
6 47 21.0 55.0 102025 82 609 0.01 0.0 25.0 26.0 26.0 1 2 2.0 2.0 11/11/2022 16 54 15 45.4762955 9.2267069
6 48 21.0 55.0 102025 103 696 0.01 0.0 25.0 26.0 26.0 1 2 2.0 2.0 11/11/2022 16 54 39 45.476018 9.2266669
6 49 21.0 55.0 102025 117 605 0.01 0.0 29.0 30.0 30.0 1 2 2.0 2.0 11/11/2022 16 55 5 45.4755673 9.2267158
6 50 21.0 56.0 102024 96 550 0.01 0.0 29.0 30.0 30.0 1 1 1.0 1.0 11/11/2022 16 55 41 45.4753417 9.2267273
6 51 21.0 56.0 102024 83 635 0.01 0.0 29.0 30.0 30.0 1 2 2.0 3.0 11/11/2022 16 56 3 45.4749554 9.2267305
6 52 21.0 56.0 102024 101 675 0.01 0.0 40.0 43.0 43.0 1 2 2.0 2.0 11/11/2022 16 56 31 45.4747105 9.2267407
6 53 21.0 56.0 102024 102 578 0.01 0.0 23.0 25.0 25.0 1 1 2.0 1.0 11/11/2022 16 56 55 45.4744221 9.2268039
6 54 21.0 56.0 102025 89 654 0.01 0.0 26.0 28.0 29.0 1 2 1.0 2.0 11/11/2022 16 57 21 45.4741375 9.2267827
6 55 21.0 56.0 102025 75 671 0.01 0.0 27.0 28.0 28.0 1 2 2.0 2.0 11/11/2022 16 57 45 45.4738565 9.2268651
6 56 21.0 56.0 102026 67 629 0.01 0.0 24.0 26.0 26.0 2 1 2.0 2.0 11/11/2022 16 58 9 45.4735206 9.2269541
6 57 21.0 56.0 102026 52 724 0.01 0.0 24.0 26.0 26.0 1 1 1.0 1.0 11/11/2022 16 58 41 45.473363 9.2270606
6 58 20.0 57.0 102026 38 689 0.01 0.0 29.0 32.0 33.0 1 2 2.0 2.0 11/11/2022 16 58 55 45.4733335 9.2273431
6 59 20.0 57.0 102027 76 647 0.01 0.0 26.0 27.0 27.0 1 2 1.0 2.0 11/11/2022 16 59 21 45.4729596 9.2275802
6 60 20.0 57.0 102027 75 624 0.01 0.0 26.0 28.0 28.0 1 2 2.0 2.0 11/11/2022 16 59 45 45.4726445 9.227448
6 61 20.0 57.0 102027 70 740 0.01 0.0 36.0 40.0 43.0 1 1 1.0 1.0 11/11/2022 17 0 9 45.4724313 9.2274086
6 62 20.0 57.0 102028 63 660 0.01 0.0 36.0 40.0 42.0 1 2 2.0 2.0 11/11/2022 17 0 33 45.4721984 9.2272869
6 63 20.0 57.0 102029 65 711 0.01 0.0 36.0 40.0 42.0 1 1 3.0 2.0 11/11/2022 17 0 57 45.4722913 9.2271158
6 1 20.0 58.0 102030 86 681 0.01 0.0 19.0 20.0 20.0 1 1 1.0 1.0 11/11/2022 17 1 37 45.4723331 9.2272251
6 2 20.0 57.0 102031 151 661 0.01 0.0 33.0 37.0 39.0 1 2 2.0 2.0 11/11/2022 17 1 55 45.4722451 9.2272427
6 3 21.0 57.0 102031 192 690 0.01 0.0 33.0 34.0 34.0 1 2 1.0 2.0 11/11/2022 17 2 21 45.4722532 9.2272884
6 4 21.0 57.0 102032 212 660 0.01 0.0 26.0 27.0 27.0 1 2 2.0 2.0 11/11/2022 17 2 41 45.4722332 9.2271205
6 6 0 0 0 218 655 0.01 0.0 0.0 0.0 0.0 0 0 1.0 0.0 11/11/2022 17 3 25 45.4722477 9.2271397
6 6 22.0 57.0 102033 213 640 0.01 0.0 33.0 35.0 35.0 1 2 2.0 2.0 11/11/2022 17 3 31 45.4721682 9.2273957
6 7 22.0 56.0 102034 213 633 0.01 0.0 31.0 32.0 32.0 1 2 1.0 2.0 11/11/2022 17 3 55 45.472114 9.2273341
6 8 22.0 56.0 102035 217 649 0.01 0.0 29.0 31.0 31.0 1 2 2.0 2.0 11/11/2022 17 4 17 45.4721325 9.2275189
6 9 22.0 56.0 102035 222 658 0.01 0.0 29.0 31.0 31.0 1 1 1.0 1.0 11/11/2022 17 4 57 45.4721742 9.2272641
6 10 22.0 56.0 102036 222 607 0.01 0.0 28.0 31.0 32.0 1 1 2.0 1.0 11/11/2022 17 5 11 45.4723264 9.2270928
6 11 23.0 56.0 102036 202 630 0.01 0.0 28.0 30.0 30.0 1 2 2.0 2.0 11/11/2022 17 5 27 45.4723133 9.2271216
6 12 23.0 56.0 102037 188 655 0.01 0.0 28.0 30.0 30.0 1 2 2.0 2.0 11/11/2022 17 5 53 45.4721412 9.2271815
6 14 23.0 56.0 102037 190 616 0.01 0.0 0.0 0.0 0.0 0 2 2.0 0.0 11/11/2022 17 6 31 45.4721433 9.2271411
6 14 23.0 55.0 102038 195 595 0.01 0.0 26.0 29.0 31.0 1 2 1.0 2.0 11/11/2022 17 6 55 45.4720592 9.227014
6 15 23.0 55.0 102038 178 592 0.01 0.0 30.0 31.0 31.0 1 2 1.0 2.0 11/11/2022 17 7 21 45.4720741 9.2268996
6 16 23.0 54.0 102038 132 628 0.01 0.0 34.0 36.0 36.0 1 1 1.0 1.0 11/11/2022 17 7 55 45.4721171 9.2269403
6 17 23.0 54.0 102038 146 631 0.01 0.0 19.0 20.0 20.0 1 2 2.0 2.0 11/11/2022 17 8 7 45.4720751 9.2269217
6 18 23.0 54.0 102034 181 780 0.01 0.0 19.0 20.0 20.0 1 2 2.0 2.0 11/11/2022 17 8 31 45.472313 9.2271871
6 6 0 0 0 226 799 0.01 0.0 0.0 0.0 0.0 0 0 1.0 0.0 11/11/2022 17 8 55 45.472223 9.2272478
