31.58
28.57
30.00
30.79
33.33
30.00
31.58
6.56
9.27
8.45
8.22
9.04
10.91
18.75
31.58
31.58
35.29
28.57
18.47
12.24
17.65
18.18
16.67
9.68
18.75
18.75
18.75
18.75
8.76
9.45
10.71
12.00
11.54
12.00
10.17
10.34
10.17
7.06
9.52
11.54
10.71
10.91
7.79
10.34
8.22
17.65
12.00
10.71
15.79
17.65
18.75
10.44
9.84
9.68
8.96
18.75
19.35
35.29
18.75
18.75
19.35
19.35
16.22
10.17
10.53
10.53
11.54
17.65
17.14
8.45
9.84
10.17
17.65
18.75
10.71
10.71
10.34
10.91
11.32
11.11
10.91
18.75
10.00
17.14
18.75
18.18
10.53
10.17
35.29
18.75
18.75
18.75
18.75
35.29
10.17
18.75
8.82
10.53
10.00
11.32
10.71
10.34
10.17
10.00
