0.0 104.0
1.0 93.2
2.0 81.9
3.0 88.2
4.0 87.4
5.0 89.4
6.0 94.4
7.0 111.4
8.0 109.0
9.0 118.2
10.0 130.3
11.0 134.9
12.0 127.8
13.0 126.3
14.0 141.1
15.0 138.3
16.0 140.4
17.0 125.7
18.0 120.1
19.0 117.7
20.0 115.3
21.0 118.2
22.0 106.0
23.0 106.5
24.0 102.4
25.0 98.6
26.0 101.6
27.0 105.5
28.0 101.6
29.0 102.2
30.0 106.5
31.0 107.4
32.0 113.4
33.0 111.0
34.0 107.0
35.0 108.1
36.0 113.2
37.0 111.8
38.0 118.9
39.0 125.6
40.0 126.3
41.0 112.3
42.0 111.3
43.0 110.1
44.0 104.6
45.0 101.4
46.0 103.4
47.0 109.4
48.0 116.6
49.0 128.1
50.0 126.0
51.0 126.4
52.0 131.5
53.0 134.6
54.0 136.4
55.0 141.8
56.0 140.9
57.0 133.8
58.0 128.7
59.0 123.2
60.0 118.6
61.0 109.3
62.0 97.8
63.0 103.4
64.0 102.3
65.0 101.2
66.0 101.8
67.0 102.1
68.0 96.2
69.0 92.2
70.0 94.6
71.0 100.3
72.0 93.1
73.0 88.9
74.0 93.9
75.0 93.3
76.0 99.1
77.0 99.7
78.0 93.2
79.0 90.0
80.0 89.2
81.0 89.8
82.0 91.6
83.0 92.0
84.0 98.6
85.0 104.2
86.0 112.8
87.0 103.3
88.0 96.7
89.0 92.7
90.0 96.9
91.0 103.6
92.0 105.4
93.0 106.0
94.0 114.9
95.0 118.1
96.0 120.7
97.0 129.7
98.0 117.2
99.0 108.9
100.0 100.3
101.0 98.0
102.0 97.6
103.0 100.4
104.0 1.0
