0.00 588.30 823.57 0.00 0.01 17.23 16.73 17.23
1.00 721.72 832.32 0.00 0.01 16.37 16.37 16.37
2.00 728.85 841.88 0.00 0.01 12.10 12.10 12.10
3.00 659.00 871.95 0.00 0.01 17.18 17.18 17.18
4.00 645.27 903.65 0.00 0.01 14.98 14.98 14.98
5.00 590.97 947.88 0.00 0.01 14.73 14.25 14.73
6.00 295.30 921.78 0.00 0.01 15.50 14.75 15.50
7.00 98.48 781.30 0.00 0.01 14.13 14.13 14.13
8.00 22.35 654.93 0.00 0.01 35.10 34.30 35.10
9.00 8.55 597.07 0.00 0.01 26.42 26.10 26.42
10.00 21.15 605.23 0.00 0.01 28.68 28.23 28.68
11.00 12.97 625.28 0.00 0.01 29.82 29.82 29.82
12.00 38.21 640.68 0.00 0.01 28.38 28.12 28.38
13.00 0.00 556.36 0.00 0.01 35.00 33.17 35.00
14.00 43.53 585.52 0.00 0.01 34.57 32.93 34.57
15.00 15.42 653.70 0.00 0.01 27.10 27.10 27.10
16.00 3.52 605.30 0.00 0.01 24.47 24.47 24.47
17.00 45.50 622.45 0.00 0.01 34.73 34.50 34.73
18.00 83.63 588.52 0.00 0.01 33.43 32.33 33.43
19.00 124.16 609.63 0.00 0.01 28.67 28.40 28.67
20.00 95.65 620.78 0.00 0.01 31.47 30.85 31.47
21.00 98.05 594.52 0.00 0.01 31.52 31.48 31.52
22.00 72.12 593.58 0.00 0.01 32.28 31.25 32.28
23.00 15.30 542.60 0.00 0.01 28.72 28.72 28.72
24.00 3.88 603.80 0.00 0.01 28.12 28.12 28.12
25.00 0.00 580.57 0.00 0.01 22.41 22.41 22.41
26.00 4.84 603.75 0.00 0.01 35.16 34.19 35.16
27.00 9.48 592.87 0.00 0.01 29.28 29.18 29.28
28.00 26.37 575.37 0.00 0.01 24.66 23.98 24.66
29.00 38.25 606.22 0.00 0.01 29.72 29.13 29.72
30.00 29.55 616.15 0.00 0.01 26.62 25.87 26.62
31.00 9.32 606.53 0.00 0.01 23.60 23.60 23.60
32.00 9.35 586.10 0.00 0.01 20.80 19.73 20.80
33.00 2.40 577.32 0.00 0.01 24.28 23.75 24.28
34.00 0.00 594.84 0.00 0.01 22.32 22.32 22.32
35.00 4.04 600.93 0.00 0.01 24.67 23.90 24.67
36.00 0.95 570.63 0.00 0.01 21.63 21.63 21.63
37.00 40.73 564.83 0.00 0.01 20.47 20.18 20.47
38.00 20.95 524.20 0.00 0.01 23.80 23.62 23.80
39.00 0.00 568.10 0.00 0.01 27.38 26.40 27.38
40.00 0.00 521.28 0.00 0.01 19.61 19.61 19.61
41.00 44.07 602.52 0.00 0.01 24.67 24.67 24.67
42.00 154.53 593.65 0.00 0.01 20.57 20.57 20.57
43.00 384.20 585.84 0.00 0.01 35.77 33.22 35.77
44.00 711.02 615.58 0.00 0.01 28.50 26.75 28.50
45.00 513.27 618.47 0.00 0.01 18.85 18.85 18.85
46.00 361.37 595.50 0.00 0.01 23.62 22.52 23.62
47.00 516.23 592.72 0.00 0.01 20.36 19.73 20.36
48.00 396.67 554.82 0.00 0.01 19.41 18.64 19.41
49.00 251.52 593.15 0.00 0.01 20.27 19.97 20.27
50.00 205.38 637.52 0.00 0.01 21.80 21.80 21.80
51.00 160.80 590.18 0.00 0.01 19.85 19.85 19.85
52.00 78.50 599.22 0.00 0.01 18.65 18.44 18.65
53.00 70.38 567.89 0.00 0.01 23.77 23.57 23.77
54.00 75.67 609.27 0.00 0.01 23.19 23.19 23.19
55.00 117.95 560.32 0.00 0.01 47.56 47.56 47.56
56.00 104.58 577.96 0.00 0.01 37.53 37.20 37.53
57.00 138.22 575.11 0.00 0.01 19.84 19.45 19.84
58.00 425.70 573.09 0.00 0.01 19.48 19.48 19.48
59.00 509.78 590.30 0.00 0.01 18.10 18.10 18.10
60.00 570.18 595.38 0.00 0.01 22.41 22.41 22.41
61.00 504.00 408.00 0.00 0.01 22.03 21.95 22.03
62.00 312.72 600.30 0.00 0.01 20.13 20.02 20.13
63.00 231.60 556.22 0.00 0.01 15.24 15.24 15.24
64.00 130.92 572.12 0.00 0.01 18.14 17.05 18.14
65.00 116.13 558.39 0.00 0.01 17.25 16.42 17.25
66.00 25.16 566.13 0.00 0.01 17.35 17.35 17.35
67.00 50.21 603.37 0.00 0.01 19.25 19.12 19.25
68.00 64.73 601.28 0.00 0.01 18.42 18.42 18.42
69.00 36.33 580.98 0.00 0.01 18.45 18.45 18.45
70.00 47.77 616.35 0.00 0.01 16.55 16.38 16.55
71.00 55.95 577.23 0.00 0.01 17.93 17.30 17.93
72.00 8.25 576.67 0.00 0.01 18.68 18.68 18.68
73.00 3.57 558.08 0.00 0.01 17.25 17.25 17.25
74.00 1.67 579.87 0.00 0.01 19.02 19.02 19.02
75.00 142.60 591.22 0.00 0.01 17.80 17.80 17.80
76.00 331.10 603.05 0.00 0.01 22.83 22.83 22.83
77.00 281.64 578.43 0.00 0.01 15.88 15.62 15.88
78.00 246.37 581.38 0.00 0.01 17.75 16.95 17.75
79.00 450.34 578.59 0.00 0.01 21.13 20.63 21.13
80.00 629.68 587.90 0.00 0.01 19.67 18.67 19.67
81.00 350.57 539.52 0.00 0.01 25.58 20.92 25.58
82.00 187.77 532.52 0.00 0.01 23.83 22.23 23.83
83.00 155.68 569.63 0.00 0.01 23.50 22.00 23.50
84.00 172.55 555.23 0.00 0.01 21.28 20.40 21.28
85.00 181.98 632.97 0.00 0.01 23.67 23.60 23.67
86.00 169.25 607.53 0.00 0.01 22.23 21.77 22.23
87.00 85.72 640.20 0.00 0.01 16.08 16.08 16.08
88.00 41.45 579.30 0.00 0.01 18.35 18.35 18.35
89.00 32.92 693.40 0.00 0.01 14.75 14.75 14.75
90.00 32.55 564.03 0.00 0.01 18.52 18.52 18.52
91.00 10.18 568.57 0.00 0.01 22.12 21.65 22.12
92.00 14.62 565.83 0.00 0.01 19.68 19.35 19.68
93.00 23.08 583.38 0.00 0.01 27.28 27.12 27.28
94.00 45.25 593.95 0.00 0.01 29.85 28.52 29.85
95.00 77.89 599.56 0.00 0.01 23.77 22.87 23.77
96.00 256.64 621.55 0.00 0.01 25.27 25.27 25.27
97.00 404.58 636.80 0.00 0.01 24.57 24.57 24.57
98.00 508.35 599.43 0.00 0.01 24.43 22.97 24.43
99.00 778.22 591.68 0.00 0.01 21.31 19.38 21.31
100.00 698.32 616.62 0.00 0.01 20.43 19.80 20.43
101.00 4.14 4.06 0.00 0.00 0.08 0.07 0.08
