0.00 27.87 49.42 99682.13 588.30 823.57 0.00 0.01 17.23 16.73 17.23
1.00 28.52 49.17 99681.48 721.72 832.32 0.00 0.01 16.37 16.37 16.37
2.00 28.52 48.57 99681.48 728.85 841.88 0.00 0.01 12.10 12.10 12.10
3.00 28.73 47.20 99681.27 659.00 871.95 0.00 0.01 17.18 17.18 17.18
4.00 29.50 46.33 99680.07 645.27 903.65 0.00 0.01 14.98 14.98 14.98
5.00 29.50 46.10 99678.92 590.97 947.88 0.00 0.01 14.73 14.25 14.73
6.00 29.27 45.00 99677.32 295.30 921.78 0.00 0.01 15.50 14.75 15.50
7.00 28.52 43.63 99679.88 98.48 781.30 0.00 0.01 14.13 14.13 14.13
8.00 28.40 43.08 99269.10 22.35 654.93 0.00 0.01 35.10 34.30 35.10
9.00 27.36 43.00 99090.77 8.55 597.07 0.00 0.01 26.42 26.10 26.42
10.00 27.00 43.80 99714.57 21.15 605.23 0.00 0.01 28.68 28.23 28.68
11.00 25.67 43.33 97185.83 12.97 625.28 0.00 0.01 29.82 29.82 29.82
12.00 25.41 45.45 99114.09 38.21 640.68 0.00 0.01 28.38 28.12 28.38
13.00 25.57 46.22 99735.02 0.00 556.36 0.00 0.01 35.00 33.17 35.00
14.00 25.35 45.82 98894.82 43.53 585.52 0.00 0.01 34.57 32.93 34.57
15.00 25.57 46.22 99744.50 15.42 653.70 0.00 0.01 27.10 27.10 27.10
16.00 25.57 46.22 99748.47 3.52 605.30 0.00 0.01 24.47 24.47 24.47
17.00 26.18 46.10 99750.87 45.50 622.45 0.00 0.01 34.73 34.50 34.73
18.00 26.98 44.80 99752.17 83.63 588.52 0.00 0.01 33.43 32.33 33.43
19.00 26.67 43.93 99029.60 124.16 609.63 0.00 0.01 28.67 28.40 28.67
20.00 27.53 44.25 99754.62 95.65 620.78 0.00 0.01 31.47 30.85 31.47
21.00 27.52 44.25 99756.18 98.05 594.52 0.00 0.01 31.52 31.48 31.52
22.00 26.32 43.88 98910.82 72.12 593.58 0.00 0.01 32.28 31.25 32.28
23.00 26.55 44.25 99756.22 15.30 542.60 0.00 0.01 28.72 28.72 28.72
24.00 26.12 44.68 99756.22 3.88 603.80 0.00 0.01 28.12 28.12 28.12
25.00 26.22 44.93 99755.57 0.00 580.57 0.00 0.01 22.41 22.41 22.41
26.00 26.05 45.23 99754.73 4.84 603.75 0.00 0.01 35.16 34.19 35.16
27.00 25.57 45.63 99753.77 9.48 592.87 0.00 0.01 29.28 29.18 29.28
28.00 26.21 44.50 99632.29 26.37 575.37 0.00 0.01 24.66 23.98 24.66
29.00 26.55 44.25 99750.13 38.25 606.22 0.00 0.01 29.72 29.13 29.72
30.00 26.55 43.28 99747.70 29.55 616.15 0.00 0.01 26.62 25.87 26.62
31.00 26.55 43.27 99745.57 9.32 606.53 0.00 0.01 23.60 23.60 23.60
32.00 26.55 43.27 99744.33 9.35 586.10 0.00 0.01 20.80 19.73 20.80
33.00 26.55 42.87 99741.88 2.40 577.32 0.00 0.01 24.28 23.75 24.28
34.00 26.55 43.27 99739.88 0.00 594.84 0.00 0.01 22.32 22.32 22.32
35.00 25.97 43.85 99738.52 4.04 600.93 0.00 0.01 24.67 23.90 24.67
36.00 25.57 44.25 99738.52 0.95 570.63 0.00 0.01 21.63 21.63 21.63
37.00 25.57 44.25 99737.80 40.73 564.83 0.00 0.01 20.47 20.18 20.47
38.00 25.53 44.25 99737.50 20.95 524.20 0.00 0.01 23.80 23.62 23.80
39.00 24.83 44.25 99736.30 0.00 568.10 0.00 0.01 27.38 26.40 27.38
40.00 25.24 43.68 98442.18 0.00 521.28 0.00 0.01 19.61 19.61 19.61
41.00 25.24 43.68 98439.91 44.07 602.52 0.00 0.01 24.67 24.67 24.67
42.00 26.80 43.02 99729.85 154.53 593.65 0.00 0.01 20.57 20.57 20.57
43.00 27.96 42.00 99607.95 384.20 585.84 0.00 0.01 35.77 33.22 35.77
44.00 29.50 40.30 99728.32 711.02 615.58 0.00 0.01 28.50 26.75 28.50
45.00 29.98 38.85 99727.48 513.27 618.47 0.00 0.01 18.85 18.85 18.85
46.00 29.95 38.32 99726.15 361.37 595.50 0.00 0.01 23.62 22.52 23.62
47.00 30.48 37.37 99724.87 516.23 592.72 0.00 0.01 20.36 19.73 20.36
48.00 29.55 37.93 99722.37 396.67 554.82 0.00 0.01 19.41 18.64 19.41
49.00 28.45 38.91 99497.92 251.52 593.15 0.00 0.01 20.27 19.97 20.27
50.00 27.15 39.03 98334.79 205.38 637.52 0.00 0.01 21.80 21.80 21.80
51.00 27.20 39.83 98509.66 160.80 590.18 0.00 0.01 19.85 19.85 19.85
52.00 25.92 41.21 99489.58 78.50 599.22 0.00 0.01 18.65 18.44 18.65
53.00 26.55 41.30 99709.82 70.38 567.89 0.00 0.01 23.77 23.57 23.77
54.00 25.75 42.10 99706.98 75.67 609.27 0.00 0.01 23.19 23.19 23.19
55.00 25.57 42.28 99703.88 117.95 560.32 0.00 0.01 47.56 47.56 47.56
56.00 25.90 42.28 99701.88 104.58 577.96 0.00 0.01 37.53 37.20 37.53
57.00 27.11 41.64 99579.27 138.22 575.11 0.00 0.01 19.84 19.45 19.84
58.00 26.92 39.77 97488.81 425.70 573.09 0.00 0.01 19.48 19.48 19.48
59.00 28.15 39.79 98404.06 509.78 590.30 0.00 0.01 18.10 18.10 18.10
60.00 28.52 39.42 99695.33 570.18 595.38 0.00 0.01 22.41 22.41 22.41
61.00 28.43 39.33 99694.30 504.00 408.00 0.00 0.01 22.03 21.95 22.03
62.00 27.50 40.14 99572.71 312.72 600.30 0.00 0.01 20.13 20.02 20.13
63.00 26.32 39.98 98848.42 231.60 556.22 0.00 0.01 15.24 15.24 15.24
64.00 26.32 39.98 98847.82 130.92 572.12 0.00 0.01 18.14 17.05 18.14
65.00 26.10 40.65 98847.68 116.13 558.39 0.00 0.01 17.25 16.42 17.25
66.00 25.07 43.27 99693.28 25.16 566.13 0.00 0.01 17.35 17.35 17.35
67.00 25.50 43.15 99434.04 50.21 603.37 0.00 0.01 19.25 19.12 19.25
68.00 25.10 43.73 99695.40 64.73 601.28 0.00 0.01 18.42 18.42 18.42
69.00 25.57 43.82 99696.23 36.33 580.98 0.00 0.01 18.45 18.45 18.45
70.00 24.80 44.42 99697.17 47.77 616.35 0.00 0.01 16.55 16.38 16.55
71.00 24.58 44.88 99698.55 55.95 577.23 0.00 0.01 17.93 17.30 17.93
72.00 25.52 44.25 99699.18 8.25 576.67 0.00 0.01 18.68 18.68 18.68
73.00 25.57 44.25 99699.90 3.57 558.08 0.00 0.01 17.25 17.25 17.25
74.00 25.57 44.25 99700.17 1.67 579.87 0.00 0.01 19.02 19.02 19.02
75.00 26.25 43.27 99701.20 142.60 591.22 0.00 0.01 17.80 17.80 17.80
76.00 27.18 42.63 99702.77 331.10 603.05 0.00 0.01 22.83 22.83 22.83
77.00 28.22 40.63 99704.22 281.64 578.43 0.00 0.01 15.88 15.62 15.88
78.00 28.52 39.33 99705.68 246.37 581.38 0.00 0.01 17.75 16.95 17.75
79.00 29.03 38.82 99706.83 450.34 578.59 0.00 0.01 21.13 20.63 21.13
80.00 29.50 38.35 99708.03 629.68 587.90 0.00 0.01 19.67 18.67 19.67
81.00 29.21 38.25 99448.73 350.57 539.52 0.00 0.01 25.58 20.92 25.58
82.00 27.78 39.08 99706.93 187.77 532.52 0.00 0.01 23.83 22.23 23.83
83.00 27.02 39.85 99704.60 155.68 569.63 0.00 0.01 23.50 22.00 23.50
84.00 26.46 40.94 99364.16 172.55 555.23 0.00 0.01 21.28 20.40 21.28
85.00 26.55 41.30 99700.67 181.98 632.97 0.00 0.01 23.67 23.60 23.67
86.00 26.48 41.19 99439.58 169.25 607.53 0.00 0.01 22.23 21.77 22.23
87.00 26.55 41.52 99697.33 85.72 640.20 0.00 0.01 16.08 16.08 16.08
88.00 25.75 42.28 99694.03 41.45 579.30 0.00 0.01 18.35 18.35 18.35
89.00 25.57 42.47 99692.40 32.92 693.40 0.00 0.01 14.75 14.75 14.75
90.00 25.57 43.97 99692.37 32.55 564.03 0.00 0.01 18.52 18.52 18.52
91.00 25.57 43.27 99693.28 10.18 568.57 0.00 0.01 22.12 21.65 22.12
92.00 26.37 42.93 99694.08 14.62 565.83 0.00 0.01 19.68 19.35 19.68
93.00 25.50 42.91 99079.89 23.08 583.38 0.00 0.01 27.28 27.12 27.28
94.00 25.57 43.90 99695.55 45.25 593.95 0.00 0.01 29.85 28.52 29.85
95.00 25.65 44.17 99696.32 77.89 599.56 0.00 0.01 23.77 22.87 23.77
96.00 26.58 43.23 99697.68 256.64 621.55 0.00 0.01 25.27 25.27 25.27
97.00 27.38 42.04 99134.93 404.58 636.80 0.00 0.01 24.57 24.57 24.57
98.00 27.51 41.26 99610.39 508.35 599.43 0.00 0.01 24.43 22.97 24.43
99.00 27.53 41.30 99700.17 778.22 591.68 0.00 0.01 21.31 19.38 21.31
100.00 27.53 41.57 99700.57 698.32 616.62 0.00 0.01 20.43 19.80 20.43
101.00 0.18 0.27 642.44 4.14 4.06 0.00 0.00 0.08 0.07 0.08
