6 6 0 0 0 0 0 0 0.0 0.0 0.0 0.0 0 0 0.0 0.0 28/10/2022 14 18 41 0.0 0.0
6 21 0 0 0 0 0 0 0.0 0.0 0.0 0.0 0 0 0.0 0.0 28/10/2022 14 27 0 45.4721204 9.2273004
6 21 28.0 51.0 101372 638 830 0.01 0.0 17.0 20.0 22.0 1 1 2.0 1.0 28/10/2022 14 27 8 45.4721244 9.2273044
6 22 28.0 50.0 101372 532 841 0.01 0.0 15.0 16.0 16.0 1 2 2.0 2.0 28/10/2022 14 27 24 45.4721335 9.2272994
6 23 29.0 50.0 101371 648 839 0.01 0.0 15.0 16.0 16.0 1 2 1.0 2.0 28/10/2022 14 27 48 45.4721778 9.2273661
6 24 29.0 50.0 101371 779 859 0.01 0.0 15.0 16.0 16.0 1 1 2.0 1.0 28/10/2022 14 28 28 45.4721759 9.2273689
6 25 29.0 50.0 101371 777 841 0.01 0.0 17.0 18.0 18.0 1 2 2.0 2.0 28/10/2022 14 28 48 45.4720727 9.2273753
6 26 29.0 50.0 101371 773 858 0.01 0.0 10.0 10.0 10.0 1 2 2.0 2.0 28/10/2022 14 29 12 45.4720982 9.2273333
6 27 29.0 49.0 101371 721 853 0.01 0.0 11.0 12.0 12.0 1 2 2.0 2.0 28/10/2022 14 29 36 45.4721047 9.2272984
6 28 29.0 48.0 101371 665 874 0.01 0.0 16.0 18.0 18.0 1 2 1.0 2.0 28/10/2022 14 30 0 45.47207 9.2273353
6 29 29.0 48.0 101371 700 889 0.01 0.0 16.0 17.0 17.0 1 1 2.0 1.0 28/10/2022 14 30 34 45.4720654 9.227329
6 30 30.0 48.0 101370 640 911 0.01 0.0 16.0 17.0 17.0 1 2 1.0 2.0 28/10/2022 14 30 52 45.4721064 9.2273059
6 31 30.0 47.0 101370 671 914 0.01 0.0 15.0 16.0 16.0 1 2 2.0 2.0 28/10/2022 14 31 12 45.4720438 9.227283
6 32 30.0 47.0 101369 646 926 0.01 0.0 14.0 14.0 14.0 1 2 2.0 2.0 28/10/2022 14 31 38 45.4720114 9.2271966
6 33 30.0 47.0 101369 643 927 0.01 0.0 14.0 14.0 14.0 1 2 2.0 2.0 28/10/2022 14 32 2 45.4719856 9.227213
6 34 30.0 47.0 101368 607 1007 0.01 0.0 13.0 15.0 16.0 1 1 1.0 1.0 28/10/2022 14 32 34 45.4717673 9.2271679
6 35 30.0 46.0 101367 402 987 0.01 0.0 13.0 15.0 16.0 1 1 2.0 1.0 28/10/2022 14 32 56 45.4720697 9.2273245
6 36 30.0 46.0 101367 345 966 0.01 0.0 13.0 15.0 16.0 1 3 3.0 3.0 28/10/2022 14 33 12 45.4720997 9.2273259
6 37 29.0 45.0 101366 120 832 0.01 0.0 14.0 15.0 15.0 1 2 2.0 2.0 28/10/2022 14 33 48 45.4720796 9.2274331
6 38 29.0 44.0 101368 62 802 0.01 0.0 13.0 14.0 14.0 1 1 1.0 1.0 28/10/2022 14 34 24 45.472458 9.2273195
6 39 29.0 44.0 101373 101 758 0.01 0.0 13.0 14.0 14.0 1 2 1.0 2.0 28/10/2022 14 34 36 45.4723721 9.2273833
6 40 29.0 44.0 101379 20 716 0.01 0.0 33.0 37.0 39.0 1 2 2.0 2.0 28/10/2022 14 35 2 45.4725669 9.227361
6 41 29.0 44.0 101384 0 645 0.01 0.0 32.0 34.0 34.0 1 1 1.0 2.0 28/10/2022 14 35 26 45.4727069 9.2276656
6 43 0 0 0 0 597 0.01 0.0 32.0 34.0 34.0 1 0 2.0 1.0 28/10/2022 14 35 48 45.4728002 9.2280577
6 43 28.0 44.0 101393 0 607 0.01 0.0 21.0 22.0 22.0 1 1 1.0 1.0 28/10/2022 14 36 16 45.4727785 9.2283956
6 44 28.0 44.0 101398 9 616 0.01 0.0 24.0 26.0 27.0 1 2 1.0 2.0 28/10/2022 14 36 40 45.4728221 9.2286882
6 45 28.0 44.0 101402 18 629 0.01 0.0 25.0 26.0 27.0 1 1 2.0 2.0 28/10/2022 14 37 0 45.4726922 9.2290835
6 46 27.0 45.0 101406 32 595 0.01 0.0 29.0 31.0 31.0 1 2 1.0 2.0 28/10/2022 14 37 26 45.4727405 9.2295295
6 47 27.0 45.0 101410 3 633 0.01 0.0 29.0 31.0 31.0 1 2 2.0 2.0 28/10/2022 14 37 50 45.4724496 9.2298454
6 49 0 0 0 14 633 0.01 0.0 29.0 31.0 31.0 1 0 2.0 1.0 28/10/2022 14 38 16 45.4725081 9.2303229
6 49 26.0 46.0 101416 44 667 0.01 0.0 22.0 23.0 23.0 1 2 1.0 1.0 28/10/2022 14 38 52 45.4727456 9.2307202
6 51 0 0 0 33 599 0.01 0.0 32.0 34.0 35.0 1 0 2.0 1.0 28/10/2022 14 39 18 45.4727578 9.2309828
6 51 26.0 47.0 101422 0 675 0.01 0.0 29.0 30.0 30.0 1 1 2.0 1.0 28/10/2022 14 39 34 45.4727393 9.2313937
6 53 26.0 47.0 101424 0 0 0 0.0 31.0 34.0 36.0 1 2 0.0 1.0 28/10/2022 14 40 0 45.472761 9.2317748
6 53 26.0 47.0 101427 0 559 0.01 0.0 31.0 34.0 36.0 1 2 2.0 1.0 28/10/2022 14 40 24 45.4727256 9.2324865
6 55 0 0 0 2 579 0.01 0.0 31.0 34.0 36.0 1 0 1.0 1.0 28/10/2022 14 41 4 45.4727639 9.2327906
6 55 26.0 47.0 101431 94 622 0.01 0.0 31.0 34.0 36.0 1 1 1.0 2.0 28/10/2022 14 41 24 45.4727159 9.233092
6 56 26.0 47.0 101433 30 608 0.01 0.0 29.0 31.0 31.0 1 2 1.0 2.0 28/10/2022 14 41 44 45.4726277 9.2334287
6 57 26.0 47.0 101435 4 604 0.01 0.0 29.0 31.0 31.0 1 1 2.0 1.0 28/10/2022 14 42 6 45.472766 9.2337155
6 58 26.0 47.0 101436 17 726 0.01 0.0 23.0 24.0 24.0 1 2 1.0 2.0 28/10/2022 14 42 24 45.4728244 9.2342423
6 59 26.0 47.0 101438 1 633 0.01 0.0 24.0 25.0 25.0 1 1 1.0 1.0 28/10/2022 14 43 0 45.4728221 9.2343319
6 60 26.0 47.0 101440 2 591 0.01 0.0 24.0 25.0 25.0 1 3 3.0 3.0 28/10/2022 14 43 12 45.472835 9.2344817
6 61 26.0 47.0 101441 26 622 0.01 0.0 35.0 37.0 37.0 1 1 1.0 2.0 28/10/2022 14 43 56 45.472835 9.2344817
6 62 27.0 47.0 101442 63 655 0.01 0.0 34.0 36.0 36.0 1 2 2.0 2.0 28/10/2022 14 44 14 45.472835 9.2344817
6 63 27.0 46.0 101442 52 591 0.01 0.0 30.0 32.0 34.0 1 1 1.0 1.0 28/10/2022 14 44 44 45.472835 9.2344817
6 2 28.0 45.0 101444 127 608 0.01 0.0 33.0 34.0 34.0 1 1 2.0 2.0 28/10/2022 14 45 24 45.4728717 9.2344083
6 4 0 0 0 159 626 0.01 0.0 0.0 0.0 0.0 0 0 1.0 0.0 28/10/2022 14 45 52 45.4728717 9.2344083
6 4 27.0 45.0 101445 106 621 0.01 0.0 27.0 28.0 28.0 1 2 1.0 2.0 28/10/2022 14 46 10 45.4728033 9.2344633
6 7 28.0 45.0 101445 0 0 0 0.0 28.0 31.0 32.0 1 2 0.0 1.0 28/10/2022 14 46 38 45.4728033 9.2344633
6 7 28.0 45.0 101446 100 649 0.01 0.0 30.0 32.0 32.0 1 1 1.0 1.0 28/10/2022 14 47 26 45.4728033 9.2344633
6 8 28.0 45.0 101447 97 600 0.01 0.0 30.0 32.0 32.0 1 1 1.0 2.0 28/10/2022 14 47 50 45.4728033 9.2344633
6 9 28.0 45.0 101447 103 605 0.01 0.0 30.0 32.0 32.0 1 2 2.0 2.0 28/10/2022 14 48 18 45.4728033 9.2344633
6 10 27.0 45.0 101447 83 633 0.01 0.0 30.0 33.0 35.0 1 1 1.0 1.0 28/10/2022 14 48 46 45.4730333 9.2345943
6 12 0 0 0 0 0 0 0.0 29.0 31.0 31.0 1 0 0.0 2.0 28/10/2022 14 49 18 45.473262 9.2346123
6 12 27.0 45.0 101447 39 515 0.01 0.0 27.0 29.0 29.0 1 1 2.0 2.0 28/10/2022 14 49 38 45.4734934 9.2344311
6 13 27.0 45.0 101447 6 561 0.01 0.0 24.0 26.0 26.0 1 2 1.0 2.0 28/10/2022 14 50 4 45.4737434 9.2344573
6 14 27.0 45.0 101447 4 580 0.01 0.0 33.0 35.0 35.0 1 2 1.0 2.0 28/10/2022 14 50 30 45.4743544 9.2344264
6 16 26.0 46.0 101447 0 670 0.01 0.0 19.0 20.0 20.0 1 1 1.0 2.0 28/10/2022 14 51 18 45.4745685 9.2344575
6 17 26.0 46.0 101447 0 587 0.01 0.0 21.0 23.0 23.0 1 2 2.0 2.0 28/10/2022 14 51 40 45.4748458 9.2344242
6 18 27.0 45.0 101446 0 618 0.01 0.0 21.0 23.0 23.0 1 1 1.0 1.0 28/10/2022 14 52 4 45.4750691 9.2344581
6 20 27.0 46.0 101446 0 570 0.01 0.0 0.0 0.0 0.0 0 2 2.0 0.0 28/10/2022 14 52 22 45.4754633 9.2344327
6 21 27.0 46.0 101446 0 0 0 0.0 32.0 35.0 36.0 2 1 0.0 1.0 28/10/2022 14 53 0 45.4756396 9.2344517
6 21 26.0 46.0 101445 5 643 0.01 0.0 32.0 35.0 36.0 2 2 2.0 2.0 28/10/2022 14 53 12 45.4759565 9.2346919
6 22 26.0 47.0 101445 11 623 0.01 0.0 32.0 34.0 34.0 1 2 2.0 2.0 28/10/2022 14 53 48 45.4759147 9.2350685
6 23 26.0 46.0 101444 0 578 0.01 0.0 24.0 25.0 25.0 1 2 2.0 2.0 28/10/2022 14 54 12 45.4759576 9.2356652
6 25 0 0 0 20 616 0.01 0.0 0.0 0.0 0.0 0 0 1.0 0.0 28/10/2022 14 54 58 45.4759363 9.2357651
6 25 27.0 45.0 101444 35 562 0.01 0.0 19.0 21.0 22.0 1 1 2.0 2.0 28/10/2022 14 55 2 45.4757192 9.2360097
6 26 27.0 45.0 101443 12 635 0.01 0.0 29.0 31.0 32.0 1 2 1.0 2.0 28/10/2022 14 55 28 45.4756933 9.2359884
6 27 27.0 45.0 101441 32 603 0.01 0.0 29.0 31.0 31.0 1 2 2.0 2.0 28/10/2022 14 55 48 45.4756933 9.2359883
6 28 27.0 45.0 101440 53 623 0.01 0.0 26.0 28.0 29.0 1 2 2.0 2.0 28/10/2022 14 56 12 45.4756933 9.2359883
6 29 27.0 44.0 101439 48 635 0.01 0.0 25.0 27.0 28.0 1 1 1.0 1.0 28/10/2022 14 56 40 45.4756933 9.2359883
6 30 27.0 44.0 101438 13 597 0.01 0.0 25.0 27.0 28.0 1 1 1.0 1.0 28/10/2022 14 57 12 45.4756933 9.2359883
6 31 27.0 44.0 101437 2 633 0.01 0.0 23.0 24.0 24.0 1 2 2.0 2.0 28/10/2022 14 57 24 45.4756933 9.2359883
6 32 27.0 44.0 101436 11 613 0.01 0.0 23.0 24.0 24.0 1 2 2.0 2.0 28/10/2022 14 57 48 45.4756933 9.2359883
6 33 27.0 44.0 101436 11 614 0.01 0.0 23.0 24.0 24.0 1 2 2.0 2.0 28/10/2022 14 58 12 45.4756933 9.2359883
6 34 27.0 44.0 101435 14 589 0.01 0.0 15.0 16.0 17.0 1 2 2.0 2.0 28/10/2022 14 58 52 45.4756933 9.2359883
6 35 27.0 44.0 101434 3 591 0.01 0.0 19.0 22.0 24.0 1 2 2.0 2.0 28/10/2022 14 59 16 45.4756933 9.2359883
6 36 27.0 44.0 101433 0 588 0.01 0.0 22.0 24.0 25.0 1 2 2.0 2.0 28/10/2022 14 59 40 45.4756933 9.2359883
6 37 27.0 43.0 101432 0 585 0.01 0.0 24.0 25.0 25.0 1 2 2.0 2.0 28/10/2022 15 0 4 45.4756933 9.2359883
6 38 27.0 44.0 101431 0 589 0.01 0.0 22.0 23.0 23.0 1 2 2.0 2.0 28/10/2022 15 0 28 45.4757068 9.2359716
6 39 27.0 44.0 101430 0 618 0.01 0.0 22.0 23.0 23.0 1 1 1.0 1.0 28/10/2022 15 1 0 45.4759259 9.235618
6 41 27.0 44.0 101429 0 0 0 0.0 13.0 14.0 14.0 1 1 0.0 1.0 28/10/2022 15 1 32 45.4759168 9.2355686
6 41 27.0 44.0 101429 9 689 0.01 0.0 24.0 26.0 27.0 1 1 2.0 1.0 28/10/2022 15 1 40 45.475948 9.2353062
6 42 26.0 45.0 101429 1 568 0.01 0.0 24.0 26.0 27.0 1 2 1.0 2.0 28/10/2022 15 1 58 45.4759152 9.2348514
6 43 26.0 45.0 101429 0 592 0.01 0.0 21.0 22.0 22.0 1 2 2.0 2.0 28/10/2022 15 2 26 45.4759238 9.2344999
6 44 26.0 45.0 101429 0 567 0.01 0.0 21.0 22.0 22.0 1 1 1.0 1.0 28/10/2022 15 2 50 45.4761711 9.234451
6 45 26.0 45.0 101429 1 585 0.01 0.0 21.0 22.0 22.0 1 2 2.0 2.0 28/10/2022 15 3 12 45.4765408 9.2344331
6 46 26.0 45.0 101428 62 576 0.01 0.0 17.0 18.0 18.0 2 2 1.0 1.0 28/10/2022 15 3 48 45.476873 9.2344481
6 47 26.0 45.0 101428 48 562 0.01 0.0 22.0 23.0 24.0 1 2 2.0 1.0 28/10/2022 15 4 14 45.4771744 9.2344391
6 48 26.0 45.0 101428 13 529 0.01 0.0 21.0 22.0 22.0 1 1 1.0 1.0 28/10/2022 15 4 40 45.4775452 9.2344603
6 50 26.0 45.0 101428 0 0 0 0.0 26.0 27.0 27.0 1 1 0.0 1.0 28/10/2022 15 5 8 45.4777298 9.2344668
6 50 25.0 45.0 101427 0 549 0.01 0.0 24.0 27.0 28.0 1 2 1.0 2.0 28/10/2022 15 5 28 45.47802 9.2344064
6 51 25.0 45.0 101427 0 591 0.01 0.0 24.0 27.0 28.0 1 2 1.0 1.0 28/10/2022 15 5 54 45.4782812 9.234463
6 53 26.0 45.0 101426 0 606 0.01 0.0 0.0 0.0 0.0 0 2 2.0 0.0 28/10/2022 15 6 14 45.4786253 9.234418
6 54 0 0 0 0 512 0.01 0.0 18.0 20.0 20.0 1 0 2.0 1.0 28/10/2022 15 6 38 45.4788877 9.2344501
6 55 26.0 45.0 101425 0 0 0 0.0 19.0 20.0 20.0 1 1 0.0 2.0 28/10/2022 15 7 4 45.4791219 9.2344311
6 56 0 0 0 22 655 0.01 0.0 25.0 26.0 26.0 2 0 2.0 2.0 28/10/2022 15 7 28 45.479421 9.2343976
6 56 26.0 45.0 101424 35 594 0.01 0.0 24.0 26.0 26.0 1 1 2.0 1.0 28/10/2022 15 7 54 45.4795892 9.2344012
6 57 26.0 45.0 101423 72 562 0.01 0.0 24.0 26.0 26.0 1 4 3.0 3.0 28/10/2022 15 8 10 45.4802963 9.234403
6 59 26.0 45.0 101421 104 569 0.01 0.0 19.0 20.0 20.0 1 1 2.0 1.0 28/10/2022 15 9 18 45.4802718 9.2344233
6 60 27.0 44.0 101420 139 616 0.01 0.0 25.0 26.0 26.0 1 1 1.0 1.0 28/10/2022 15 9 38 45.4802717 9.2344233
6 61 28.0 43.0 101420 195 608 0.01 0.0 16.0 17.0 17.0 1 1 2.0 2.0 28/10/2022 15 10 0 45.4802588 9.2343126
6 62 28.0 43.0 101419 273 592 0.01 0.0 31.0 34.0 36.0 1 1 1.0 1.0 28/10/2022 15 10 26 45.4802567 9.2342933
6 1 0 0 0 0 0 0 0.0 31.0 34.0 35.0 1 0 0.0 1.0 28/10/2022 15 11 8 45.4802567 9.2342933
6 1 30.0 42.0 101419 773 611 0.01 0.0 27.0 33.0 38.0 1 2 2.0 2.0 28/10/2022 15 11 12 45.4802771 9.2342528
6 2 30.0 41.0 101419 791 643 0.01 0.0 23.0 24.0 24.0 1 1 1.0 2.0 28/10/2022 15 11 46 45.4802534 9.2341506
6 3 30.0 40.0 101418 626 628 0.01 0.0 23.0 24.0 24.0 1 1 2.0 1.0 28/10/2022 15 12 2 45.4802255 9.2341577
6 4 30.0 40.0 101418 568 638 0.01 0.0 18.0 19.0 19.0 1 1 2.0 1.0 28/10/2022 15 12 26 45.4802013 9.2341881
6 5 31.0 39.0 101418 521 601 0.01 0.0 18.0 19.0 19.0 1 1 1.0 1.0 28/10/2022 15 12 54 45.4801833 9.23417
6 6 31.0 39.0 101417 408 644 0.01 0.0 18.0 19.0 19.0 1 3 1.0 3.0 28/10/2022 15 13 10 45.4801833 9.23417
6 7 30.0 39.0 101416 334 578 0.01 0.0 23.0 26.0 28.0 1 1 1.0 2.0 28/10/2022 15 13 48 45.4801783 9.2343163
6 8 31.0 38.0 101416 397 567 0.01 0.0 21.0 22.0 23.0 1 1 2.0 1.0 28/10/2022 15 14 20 45.4802903 9.2342792
6 10 31.0 38.0 101415 569 603 0.01 0.0 0.0 0.0 0.0 0 1 1.0 0.0 28/10/2022 15 14 36 45.4807557 9.2344143
6 10 31.0 38.0 101414 542 673 0.01 0.0 17.0 18.0 18.0 2 1 1.0 1.0 28/10/2022 15 15 14 45.4809446 9.2343718
6 12 30.0 38.0 101413 439 570 0.01 0.0 0.0 0.0 0.0 0 1 2.0 0.0 28/10/2022 15 15 30 45.4809701 9.2343867
6 12 30.0 39.0 101412 357 523 0.01 0.0 17.0 19.0 20.0 1 2 2.0 2.0 28/10/2022 15 15 46 45.4812363 9.2342903
6 13 29.0 39.0 101412 317 578 0.01 0.0 20.0 21.0 22.0 1 1 2.0 2.0 28/10/2022 15 16 14 45.4814827 9.2343791
6 14 29.0 40.0 101411 233 617 0.01 0.0 19.0 20.0 20.0 2 2 1.0 1.0 28/10/2022 15 16 38 45.48188 9.234226
6 17 0 0 0 209 601 0.01 0.0 19.0 20.0 20.0 1 0 1.0 1.0 28/10/2022 15 17 12 45.482257 9.2342576
6 17 28.0 40.0 101408 221 708 0.01 0.0 23.0 24.0 24.0 2 2 1.0 2.0 28/10/2022 15 17 46 45.4826557 9.2342097
6 18 28.0 41.0 101407 172 629 0.01 0.0 23.0 24.0 24.0 2 3 2.0 2.0 28/10/2022 15 18 10 45.4830607 9.2341884
6 20 0 0 0 152 561 0.01 0.0 14.0 15.0 15.0 1 0 1.0 1.0 28/10/2022 15 18 52 45.4834829 9.2341424
6 21 27.0 42.0 101404 108 673 0.01 0.0 0.0 0.0 0.0 0 1 1.0 0.0 28/10/2022 15 19 24 45.4836112 9.2341558
6 21 26.0 42.0 101403 60 606 0.01 0.0 18.0 20.0 20.0 1 1 2.0 2.0 28/10/2022 15 19 36 45.4838748 9.2345009
6 22 27.0 42.0 101401 55 577 0.01 0.0 16.0 18.0 19.0 2 1 2.0 1.0 28/10/2022 15 20 6 45.4842561 9.234862
6 23 27.0 42.0 101400 81 587 0.01 0.0 23.0 25.0 25.0 2 1 2.0 2.0 28/10/2022 15 20 28 45.4844386 9.2351935
6 25 27.0 42.0 101399 0 0 0 0.0 24.0 26.0 26.0 2 1 0.0 1.0 28/10/2022 15 20 52 45.4846449 9.2356595
6 25 26.0 43.0 101398 100 595 0.01 0.0 13.0 13.0 13.0 1 1 1.0 1.0 28/10/2022 15 21 26 45.4845258 9.235875
6 26 26.0 43.0 101396 58 632 0.01 0.0 26.0 28.0 28.0 2 2 1.0 1.0 28/10/2022 15 21 40 45.484473 9.2362749
6 28 26.0 43.0 101395 114 638 0.01 0.0 0.0 0.0 0.0 0 1 1.0 0.0 28/10/2022 15 22 8 45.4845808 9.2362603
6 28 26.0 43.0 101394 124 552 0.01 0.0 46.0 49.0 49.0 1 2 2.0 2.0 28/10/2022 15 22 24 45.484868 9.2361632
6 30 26.0 43.0 101393 0 0 0 0.0 45.0 48.0 48.0 1 1 0.0 1.0 28/10/2022 15 22 50 45.4848952 9.236165
6 30 26.0 43.0 101392 88 582 0.01 0.0 45.0 48.0 48.0 1 3 1.0 3.0 28/10/2022 15 23 18 45.484895 9.236165
6 31 27.0 43.0 101391 138 600 0.01 0.0 16.0 18.0 19.0 1 2 1.0 1.0 28/10/2022 15 23 52 45.484895 9.236165
6 33 0 0 0 174 582 0.01 0.0 0.0 0.0 0.0 0 0 1.0 0.0 28/10/2022 15 24 34 45.484895 9.236165
6 34 28.0 42.0 101389 0 0 0 0.0 20.0 21.0 21.0 1 2 0.0 2.0 28/10/2022 15 24 38 45.484895 9.236165
6 35 0 0 0 0 0 0 0.0 13.0 14.0 14.0 1 0 0.0 1.0 28/10/2022 15 25 20 45.484895 9.236165
6 35 28.0 41.0 101388 394 599 0.01 0.0 24.0 26.0 26.0 1 1 1.0 1.0 28/10/2022 15 25 38 45.484895 9.236165
6 37 0 0 0 484 583 0.01 0.0 0.0 0.0 0.0 0 0 2.0 0.0 28/10/2022 15 25 54 45.484895 9.236165
6 38 0 0 0 543 622 0.01 0.0 18.0 19.0 19.0 1 0 1.0 1.0 28/10/2022 15 26 16 45.484895 9.236165
6 39 29.0 41.0 101386 0 0 0 0.0 0.0 0.0 0.0 0 1 0.0 0.0 28/10/2022 15 26 36 45.484895 9.236165
6 40 29.0 40.0 101385 489 611 0.01 0.0 0.0 0.0 0.0 0 1 1.0 0.0 28/10/2022 15 27 14 45.484895 9.236165
6 40 29.0 40.0 101385 520 599 0.01 0.0 22.0 23.0 23.0 1 1 1.0 2.0 28/10/2022 15 27 30 45.484895 9.236165
6 41 29.0 40.0 101385 756 612 0.01 0.0 21.0 23.0 23.0 1 1 1.0 1.0 28/10/2022 15 27 52 45.484895 9.236165
6 43 29.0 40.0 101384 0 0 0 0.0 21.0 23.0 23.0 1 2 0.0 2.0 28/10/2022 15 28 10 45.4845981 9.235623
6 44 28.0 40.0 101384 0 0 0 0.0 13.0 15.0 16.0 1 1 0.0 1.0 28/10/2022 15 29 2 45.4845107 9.2355509
6 44 28.0 41.0 101383 344 637 0.01 0.0 15.0 16.0 16.0 1 2 1.0 2.0 28/10/2022 15 29 14 45.4843916 9.2351462
6 45 28.0 41.0 101383 307 591 0.01 0.0 26.0 28.0 28.0 1 2 1.0 1.0 28/10/2022 15 29 40 45.4843143 9.2347635
6 47 0 0 0 219 563 0.01 0.0 15.0 16.0 16.0 1 0 1.0 1.0 28/10/2022 15 30 2 45.484183 9.2344892
6 48 27.0 41.0 101383 244 567 0.01 0.0 0.0 0.0 0.0 0 1 1.0 0.0 28/10/2022 15 30 26 45.4837489 9.2344297
6 49 27.0 41.0 101383 0 0 0 0.0 17.0 19.0 19.0 1 1 0.0 1.0 28/10/2022 15 31 6 45.4835716 9.2343377
6 50 27.0 41.0 101382 0 0 0 0.0 16.0 19.0 21.0 1 1 0.0 1.0 28/10/2022 15 31 20 45.4833749 9.2341294
6 51 0 0 0 134 600 0.01 0.0 14.0 15.0 16.0 1 0 1.0 1.0 28/10/2022 15 31 40 45.4831362 9.2341313
6 51 27.0 41.0 101382 120 577 0.01 0.0 14.0 15.0 16.0 1 1 2.0 2.0 28/10/2022 15 32 0 45.4820575 9.2341854
6 55 0 0 0 0 0 0 0.0 18.0 20.0 21.0 1 0 0.0 1.0 28/10/2022 15 33 34 45.4818458 9.2342375
6 56 26.0 44.0 101383 0 0 0 0.0 14.0 15.0 15.0 1 1 0.0 1.0 28/10/2022 15 33 54 45.4815385 9.2342258
6 56 25.0 44.0 101383 26 585 0.01 0.0 18.0 19.0 19.0 1 1 1.0 2.0 28/10/2022 15 34 20 45.4811816 9.234297
6 58 26.0 44.0 101383 0 0 0 0.0 17.0 18.0 18.0 1 1 0.0 1.0 28/10/2022 15 34 50 45.480905 9.2343755
6 59 0 0 0 0 594 0.01 0.0 22.0 24.0 25.0 1 0 1.0 1.0 28/10/2022 15 35 16 45.4808063 9.2343848
6 59 26.0 44.0 101384 47 608 0.01 0.0 18.0 19.0 19.0 1 2 2.0 1.0 28/10/2022 15 35 24 45.4805232 9.2344122
6 60 26.0 44.0 101384 60 647 0.01 0.0 18.0 19.0 19.0 1 1 1.0 2.0 28/10/2022 15 35 48 45.4803049 9.2343834
6 61 25.0 45.0 101385 63 635 0.01 0.0 16.0 17.0 17.0 2 1 1.0 1.0 28/10/2022 15 36 12 45.4802218 9.2343025
6 62 26.0 44.0 101386 73 559 0.01 0.0 20.0 21.0 21.0 1 1 1.0 1.0 28/10/2022 15 36 40 45.4799317 9.2342138
6 63 26.0 44.0 101386 66 573 0.01 0.0 20.0 21.0 21.0 1 2 2.0 2.0 28/10/2022 15 37 2 45.4796721 9.2342302
6 1 26.0 45.0 101386 15 597 0.01 0.0 16.0 17.0 17.0 1 1 1.0 1.0 28/10/2022 15 37 26 45.4793805 9.2343035
6 2 26.0 45.0 101386 10 629 0.01 0.0 16.0 17.0 17.0 1 2 1.0 2.0 28/10/2022 15 37 50 45.4791469 9.2342963
6 3 25.0 45.0 101387 56 629 0.01 0.0 16.0 17.0 17.0 1 2 1.0 2.0 28/10/2022 15 38 12 45.4787295 9.2342658
6 4 25.0 46.0 101388 72 616 0.01 0.0 14.0 15.0 16.0 1 2 2.0 2.0 28/10/2022 15 38 48 45.4785949 9.2340728
6 5 25.0 46.0 101388 62 592 0.01 0.0 16.0 17.0 18.0 1 1 2.0 1.0 28/10/2022 15 39 12 45.4785263 9.2336714
6 6 25.0 45.0 101389 41 562 0.01 0.0 19.0 20.0 20.0 1 2 2.0 2.0 28/10/2022 15 39 36 45.478458 9.2333721
6 7 26.0 45.0 101389 7 579 0.01 0.0 17.0 19.0 19.0 1 1 3.0 1.0 28/10/2022 15 40 0 45.4786343 9.2327077
6 10 26.0 45.0 101389 5 628 0.01 0.0 0.0 0.0 0.0 0 2 2.0 0.0 28/10/2022 15 40 46 45.4785432 9.2322927
6 10 26.0 45.0 101390 4 553 0.01 0.0 13.0 15.0 15.0 1 2 2.0 2.0 28/10/2022 15 41 12 45.4784955 9.2318853
6 11 26.0 45.0 101390 2 535 0.01 0.0 20.0 21.0 21.0 1 2 2.0 2.0 28/10/2022 15 41 36 45.478369 9.2316485
6 12 26.0 45.0 101390 0 605 0.01 0.0 19.0 20.0 20.0 1 2 2.0 2.0 28/10/2022 15 42 0 45.4782517 9.2316133
6 14 26.0 45.0 101390 0 0 0 0.0 17.0 18.0 18.0 1 1 0.0 1.0 28/10/2022 15 42 32 45.4782517 9.2316133
6 14 26.0 44.0 101391 58 590 0.01 0.0 17.0 18.0 18.0 1 1 2.0 1.0 28/10/2022 15 42 54 45.4782517 9.2316133
6 15 27.0 44.0 101391 168 605 0.01 0.0 17.0 18.0 18.0 1 3 3.0 3.0 28/10/2022 15 43 12 45.4782517 9.2316133
6 16 27.0 44.0 101392 376 621 0.01 0.0 19.0 20.0 20.0 1 2 2.0 2.0 28/10/2022 15 43 50 45.4782517 9.2316133
6 17 28.0 43.0 101393 315 609 0.01 0.0 24.0 25.0 25.0 1 2 2.0 2.0 28/10/2022 15 44 14 45.4782517 9.2316133
6 19 28.0 42.0 101393 0 0 0 0.0 18.0 19.0 19.0 1 1 0.0 1.0 28/10/2022 15 44 54 45.4782517 9.2316133
6 19 29.0 41.0 101394 354 613 0.01 0.0 12.0 13.0 14.0 1 1 2.0 1.0 28/10/2022 15 45 10 45.4782517 9.2316133
6 20 29.0 41.0 101395 245 577 0.01 0.0 14.0 15.0 15.0 1 2 2.0 2.0 28/10/2022 15 45 26 45.4782517 9.2316133
6 21 29.0 40.0 101395 218 577 0.01 0.0 14.0 15.0 15.0 1 2 2.0 2.0 28/10/2022 15 45 50 45.4782517 9.2316133
6 22 29.0 40.0 101396 212 605 0.01 0.0 14.0 17.0 19.0 1 2 2.0 2.0 28/10/2022 15 46 14 45.4782517 9.2316133
6 23 29.0 40.0 101396 390 591 0.01 0.0 21.0 22.0 22.0 1 2 2.0 2.0 28/10/2022 15 46 38 45.4782517 9.2316133
6 25 30.0 39.0 101397 0 0 0 0.0 21.0 22.0 22.0 1 1 0.0 1.0 28/10/2022 15 47 18 45.4782517 9.2316133
6 25 30.0 39.0 101398 593 594 0.01 0.0 16.0 18.0 20.0 1 1 2.0 1.0 28/10/2022 15 47 34 45.4782517 9.2316133
6 26 30.0 39.0 101398 657 595 0.01 0.0 17.0 19.0 20.0 1 2 2.0 2.0 28/10/2022 15 47 50 45.4782517 9.2316133
6 27 30.0 39.0 101398 630 600 0.01 0.0 17.0 19.0 20.0 1 3 3.0 3.0 28/10/2022 15 48 14 45.4783132 9.2315748
6 28 30.0 39.0 101399 381 534 0.01 0.0 17.0 22.0 28.0 1 2 1.0 2.0 28/10/2022 15 48 52 45.478453 9.2313642
6 30 0 0 0 289 528 0.01 0.0 0.0 0.0 0.0 0 0 1.0 0.0 28/10/2022 15 49 28 45.4784544 9.2312159
6 30 29.0 39.0 101398 226 593 0.01 0.0 18.0 20.0 22.0 1 2 2.0 2.0 28/10/2022 15 49 36 45.4784479 9.230768
6 31 28.0 40.0 101397 183 525 0.01 0.0 20.0 22.0 24.0 1 2 1.0 2.0 28/10/2022 15 50 2 45.4784988 9.2304774
6 32 28.0 40.0 101396 175 523 0.01 0.0 23.0 25.0 26.0 1 2 2.0 2.0 28/10/2022 15 50 24 45.4783919 9.2302273
6 33 28.0 40.0 101395 161 702 0.01 0.0 23.0 25.0 26.0 2 1 2.0 2.0 28/10/2022 15 50 48 45.4780951 9.2301994
6 34 27.0 41.0 101394 155 480 0.01 0.0 17.0 20.0 22.0 1 2 2.0 1.0 28/10/2022 15 51 14 45.4775618 9.2301673
6 36 0 0 0 130 530 0.01 0.0 0.0 0.0 0.0 0 0 1.0 0.0 28/10/2022 15 51 56 45.4774835 9.2301911
6 36 27.0 42.0 101392 176 600 0.01 0.0 16.0 17.0 17.0 1 1 1.0 1.0 28/10/2022 15 52 6 45.4773193 9.230104
6 37 27.0 42.0 101391 206 597 0.01 0.0 22.0 24.0 25.0 1 2 2.0 2.0 28/10/2022 15 52 22 45.4770044 9.2301176
6 38 27.0 42.0 101391 173 655 0.01 0.0 22.0 24.0 24.0 1 2 2.0 2.0 28/10/2022 15 52 48 45.4769213 9.2299299
6 39 27.0 42.0 101390 193 640 0.01 0.0 22.0 24.0 24.0 1 3 2.0 2.0 28/10/2022 15 53 14 45.4768317 9.2292907
6 41 0 0 0 208 624 0.01 0.0 0.0 0.0 0.0 0 0 1.0 0.0 28/10/2022 15 54 6 45.4768376 9.229119
6 41 27.0 42.0 101389 151 601 0.01 0.0 19.0 21.0 22.0 1 2 2.0 2.0 28/10/2022 15 54 14 45.4768328 9.2286994
6 42 27.0 42.0 101388 107 579 0.01 0.0 18.0 19.0 19.0 1 2 2.0 2.0 28/10/2022 15 54 38 45.4767765 9.228341
6 43 27.0 42.0 101387 78 710 0.01 0.0 13.0 14.0 14.0 1 2 2.0 1.0 28/10/2022 15 55 2 45.4768455 9.2278987
6 44 27.0 43.0 101386 75 644 0.01 0.0 16.0 17.0 17.0 1 2 1.0 2.0 28/10/2022 15 55 28 45.476853 9.2275862
6 45 27.0 43.0 101386 73 641 0.01 0.0 17.0 18.0 18.0 1 2 1.0 2.0 28/10/2022 15 55 48 45.4764731 9.2266743
6 47 26.0 43.0 101384 43 526 0.01 0.0 19.0 20.0 20.0 1 1 1.0 1.0 28/10/2022 15 56 52 45.4763315 9.2266814
6 48 26.0 43.0 101383 29 584 0.01 0.0 19.0 20.0 20.0 1 2 2.0 2.0 28/10/2022 15 57 4 45.4760216 9.2266574
6 49 26.0 43.0 101383 40 619 0.01 0.0 14.0 15.0 15.0 1 1 2.0 1.0 28/10/2022 15 57 30 45.4758258 9.2266323
6 50 26.0 43.0 101382 29 756 0.01 0.0 15.0 15.0 15.0 1 2 1.0 2.0 28/10/2022 15 57 46 45.4753773 9.2266815
6 51 26.0 44.0 101382 47 558 0.01 0.0 15.0 15.0 15.0 1 2 2.0 1.0 28/10/2022 15 58 28 45.4751053 9.2267152
6 52 26.0 45.0 101382 50 626 0.01 0.0 21.0 22.0 22.0 2 1 2.0 1.0 28/10/2022 15 58 52 45.4747863 9.2266261
6 53 26.0 45.0 101382 13 541 0.01 0.0 17.0 18.0 18.0 1 2 2.0 2.0 28/10/2022 15 59 10 45.4744569 9.2266439
6 54 26.0 44.0 101383 0 584 0.01 0.0 21.0 22.0 22.0 1 2 2.0 2.0 28/10/2022 15 59 34 45.4741271 9.2266688
6 55 26.0 44.0 101383 9 566 0.01 0.0 22.0 23.0 24.0 2 1 1.0 1.0 28/10/2022 16 0 0 45.473784 9.2266278
6 56 26.0 44.0 101383 15 602 0.01 0.0 18.0 19.0 19.0 1 2 1.0 2.0 28/10/2022 16 0 28 45.4736005 9.2269665
6 57 27.0 44.0 101384 9 556 0.01 0.0 18.0 19.0 19.0 1 2 1.0 2.0 28/10/2022 16 0 48 45.4733569 9.2271568
6 58 27.0 43.0 101384 23 588 0.01 0.0 19.0 21.0 22.0 1 2 2.0 2.0 28/10/2022 16 1 16 45.473043 9.2274287
6 59 26.0 44.0 101384 22 591 0.01 0.0 27.0 28.0 28.0 1 1 2.0 1.0 28/10/2022 16 1 40 45.4725397 9.227361
6 61 0 0 0 21 599 0.01 0.0 27.0 28.0 28.0 1 0 1.0 1.0 28/10/2022 16 2 16 45.4723557 9.2273794
6 61 26.0 44.0 101385 55 597 0.01 0.0 27.0 29.0 31.0 1 2 1.0 2.0 28/10/2022 16 2 32 45.4722091 9.2271564
6 62 26.0 45.0 101385 42 597 0.01 0.0 27.0 29.0 30.0 1 2 1.0 1.0 28/10/2022 16 2 56 45.4722008 9.2270588
6 63 26.0 45.0 101386 40 620 0.01 0.0 27.0 29.0 30.0 1 2 3.0 3.0 28/10/2022 16 3 16 45.472303 9.2271991
6 1 26.0 45.0 101386 99 606 0.01 0.0 18.0 20.0 21.0 1 1 2.0 1.0 28/10/2022 16 3 52 45.4723283 9.2271135
6 3 27.0 44.0 101387 0 0 0 0.0 25.0 26.0 26.0 1 1 0.0 1.0 28/10/2022 16 4 28 45.4723171 9.2271964
6 3 27.0 44.0 101387 223 614 0.01 0.0 20.0 22.0 22.0 1 2 2.0 1.0 28/10/2022 16 4 40 45.4722851 9.2274326
6 4 27.0 44.0 101388 290 652 0.01 0.0 27.0 29.0 29.0 1 2 2.0 1.0 28/10/2022 16 5 4 45.4722825 9.22738
6 5 28.0 43.0 101388 355 627 0.01 0.0 25.0 26.0 26.0 1 1 2.0 1.0 28/10/2022 16 5 30 45.4722783 9.22737
6 6 28.0 43.0 101388 392 648 0.01 0.0 25.0 26.0 26.0 1 2 1.0 2.0 28/10/2022 16 5 46 45.4722783 9.22737
6 8 0 0 0 503 666 0.01 0.0 20.0 22.0 22.0 1 0 2.0 1.0 28/10/2022 16 6 16 45.4723183 9.2272351
6 8 28.0 42.0 101389 503 606 0.01 0.0 22.0 24.0 25.0 1 2 2.0 2.0 28/10/2022 16 6 34 45.472275 9.2271867
6 9 28.0 42.0 101389 485 605 0.01 0.0 22.0 24.0 26.0 1 2 2.0 2.0 28/10/2022 16 6 58 45.4722733 9.22743
6 10 28.0 42.0 101390 660 613 0.01 0.0 17.0 20.0 22.0 1 2 2.0 2.0 28/10/2022 16 7 22 45.4722733 9.22743
6 12 28.0 42.0 101390 812 592 0.01 0.0 0.0 0.0 0.0 0 1 1.0 0.0 28/10/2022 16 7 48 45.4722833 9.2273017
6 12 28.0 42.0 101390 929 607 0.01 0.0 18.0 20.0 22.0 1 3 2.0 3.0 28/10/2022 16 8 16 45.4719743 9.2268651
6 13 28.0 42.0 101391 677 627 0.01 0.0 26.0 27.0 27.0 1 2 2.0 2.0 28/10/2022 16 8 48 45.4722365 9.2269344
6 14 28.0 43.0 101390 500 651 0.01 0.0 10.0 10.0 10.0 1 2 2.0 2.0 28/10/2022 16 9 12 45.4721471 9.2269249
6 15 28.0 43.0 101386 694 638 0.01 0.0 11.0 12.0 13.0 1 2 2.0 2.0 28/10/2022 16 9 36 45.4721552 9.2271306
6 6 0 0 0 695 657 0.01 0.0 0.0 0.0 0.0 0 0 1.0 0.0 28/10/2022 16 10 6 45.4720757 9.2272295
