6 17 24.0 62.0 100756 0 0 0 0.0 32.0 34.0 34.0 1 1 0.0 1.0 25/10/2022 10 48 28 45.4756724 9.2359018[02]
6 60 24.0 63.0 100760 33 673 0.01 0.0 37.0 39.0 39.0 1 1 2.0 1.0 25/10/2022 11 33 12 45.4781144 9.2315411
6 61 24.0 63.0 100761 47 628 0.01 0.0 31.0 32.0 32.0 2 2 1.0 2.0 25/10/2022 11 33 28 45.4781115 9.2315417
6 62 24.0 63.0 100762 91 857 0.01 0.0 36.0 38.0 38.0 1 2 2.0 2.0 25/10/2022 11 33 52 45.4781117 9.2315417
6 63 24.0 63.0 100764 212 948 0.01 0.0 36.0 38.0 38.0 1 1 1.0 1.0 25/10/2022 11 34 20 45.4781117 9.2315417
6 1 24.0 63.0 100765 161 796 0.01 0.0 47.0 52.0 54.0 1 2 2.0 2.0 25/10/2022 11 34 38 45.4781117 9.2315417
6 2 24.0 63.0 100766 109 847 0.01 0.0 47.0 52.0 54.0 1 1 2.0 2.0 25/10/2022 11 35 4 45.4781117 9.2315417
6 3 24.0 63.0 100767 91 772 0.01 0.0 47.0 52.0 54.0 1 2 3.0 2.0 25/10/2022 11 35 28 45.4781117 9.2315417
6 4 24.0 63.0 100769 71 680 0.01 0.0 32.0 34.0 34.0 1 1 1.0 1.0 25/10/2022 11 36 4 45.4781117 9.2315417
6 5 24.0 63.0 100770 155 670 0.01 0.0 36.0 38.0 39.0 1 2 1.0 2.0 25/10/2022 11 36 32 45.4781117 9.2315417
6 6 25.0 62.0 100771 241 726 0.01 0.0 41.0 44.0 44.0 1 2 2.0 2.0 25/10/2022 11 36 52 45.4781117 9.2315417
6 7 25.0 62.0 100772 297 725 0.01 0.0 47.0 49.0 49.0 1 2 2.0 2.0 25/10/2022 11 37 18 45.4781117 9.2315417
6 8 26.0 61.0 100774 361 701 0.01 0.0 33.0 35.0 35.0 1 1 1.0 1.0 25/10/2022 11 37 50 45.4781117 9.2315417
6 9 26.0 61.0 100775 366 707 0.01 0.0 33.0 35.0 35.0 1 1 2.0 1.0 25/10/2022 11 38 12 45.4781117 9.2315417
