4 2 115 99 03 25 10 11 33 27 348
4 2 115 99 03 25 10 11 33 28 148
4 1 115 99 03 25 10 11 33 29 347
4 0 114 99 03 25 10 11 33 30 147
4 0 114 99 03 25 10 11 33 31 346
4 0 115 99 03 25 10 11 33 32 147
4 0 115 99 03 25 10 11 33 33 345
4 0 115 99 03 25 10 11 33 34 146
4 0 115 99 03 25 10 11 33 35 346
4 0 115 99 03 25 10 11 33 36 145
4 0 114 99 03 25 10 11 33 37 345
4 0 113 99 03 25 10 11 33 38 144
4 0 113 99 03 25 10 11 33 39 344
4 0 113 99 03 25 10 11 33 40 144
4 0 112 99 03 25 10 11 33 41 344
4 0 112 99 03 25 10 11 33 42 143
4 0 111 99 03 25 10 11 33 43 343
4 0 111 99 03 25 10 11 33 44 143
4 0 110 99 03 25 10 11 33 45 343
4 0 110 99 03 25 10 11 33 46 143
4 0 110 99 03 25 10 11 33 47 342
4 0 109 99 03 25 10 11 33 48 142
4 0 108 99 03 25 10 11 33 49 342
4 0 107 99 03 25 10 11 33 50 142
4 0 106 99 03 25 10 11 33 51 341
4 0 104 99 03 25 10 11 33 52 141
4 0 103 99 03 25 10 11 33 53 341
4 0 102 99 03 25 10 11 33 54 140
4 0 101 99 03 25 10 11 33 55 340
4 0 101 99 03 25 10 11 33 56 140
4 0 100 99 03 25 10 11 33 57 340
4 0 99 99 03 25 10 11 33 58 140
4 0 98 99 03 25 10 11 33 59 339
4 0 98 99 03 25 10 11 34 0 439
4 0 97 99 03 25 10 11 34 1 238
4 0 97 99 03 25 10 11 34 2 437
4 0 97 98 03 25 10 11 34 3 237
4 0 97 98 03 25 10 11 34 4 336
4 0 97 98 03 25 10 11 34 5 136
4 0 97 98 03 25 10 11 34 6 235
4 0 96 98 03 25 10 11 34 7 435
4 0 96 98 03 25 10 11 34 8 134
4 0 96 98 03 25 10 11 34 9 333
4 0 96 98 03 25 10 11 34 10 433
4 0 96 98 03 25 10 11 34 11 232
4 0 95 98 03 25 10 11 34 12 332
4 0 94 98 03 25 10 11 34 13 132
4 0 94 98 03 25 10 11 34 14 231
4 0 94 98 03 25 10 11 34 15 430
4 0 95 98 03 25 10 11 34 17 432
4 0 96 98 03 25 10 11 34 18 229
4 0 96 98 03 25 10 11 34 19 428
4 0 97 98 03 25 10 11 34 20 128
4 0 98 98 03 25 10 11 34 21 328
4 0 98 98 03 25 10 11 34 22 127
4 0 98 98 03 25 10 11 34 23 327
4 0 98 98 03 25 10 11 34 24 127
4 0 97 98 03 25 10 11 34 25 326
4 0 96 98 03 25 10 11 34 26 426
4 0 95 98 03 25 10 11 34 27 225
4 0 94 98 03 25 10 11 34 28 425
4 0 93 98 03 25 10 11 34 29 225
4 0 93 98 03 25 10 11 34 30 424
4 0 93 98 03 25 10 11 34 31 224
4 0 93 98 03 25 10 11 34 32 423
4 0 93 98 03 25 10 11 34 33 223
4 0 93 98 03 25 10 11 34 34 423
4 0 93 98 03 25 10 11 34 35 222
4 0 95 98 03 25 10 11 34 36 422
4 0 96 98 03 25 10 11 34 37 222
4 0 97 98 03 25 10 11 34 38 422
4 0 97 98 03 25 10 11 34 39 221
4 0 98 98 03 25 10 11 34 40 421
4 0 98 98 03 25 10 11 34 41 220
4 0 100 98 03 25 10 11 34 42 420
4 0 101 98 03 25 10 11 34 43 219
4 0 102 98 03 25 10 11 34 44 418
4 0 102 98 03 25 10 11 34 45 218
4 0 102 98 03 25 10 11 34 46 417
4 0 102 98 03 25 10 11 34 47 217
4 0 102 98 03 25 10 11 34 48 416
4 0 102 98 03 25 10 11 34 49 216
4 0 102 98 03 25 10 11 34 50 415
4 0 101 98 03 25 10 11 34 51 215
4 0 101 98 03 25 10 11 34 52 415
4 0 101 98 03 25 10 11 34 53 214
4 0 101 98 03 25 10 11 34 54 413
4 0 101 98 03 25 10 11 34 55 213
4 0 100 98 03 25 10 11 34 56 412
4 0 100 98 03 25 10 11 34 57 212
4 0 101 98 03 25 10 11 34 58 411
4 0 102 98 03 25 10 11 34 59 211
4 0 103 98 03 25 10 11 35 0 411
4 0 103 98 03 25 10 11 35 1 210
4 0 104 98 03 25 10 11 35 2 410
4 0 104 98 03 25 10 11 35 3 209
4 0 104 98 03 25 10 11 35 4 409
4 0 104 98 03 25 10 11 35 5 208
4 0 102 98 03 25 10 11 35 6 408
4 0 102 98 03 25 10 11 35 7 208
4 0 101 98 03 25 10 11 35 8 407
4 0 101 98 03 25 10 11 35 9 207
4 0 102 98 03 25 10 11 35 10 406
4 0 102 98 03 25 10 11 35 11 206
4 0 103 98 03 25 10 11 35 12 406
4 0 103 98 03 25 10 11 35 13 205
4 0 102 98 03 25 10 11 35 14 405
4 0 102 98 03 25 10 11 35 15 205
4 0 102 98 03 25 10 11 35 16 404
4 0 102 98 03 25 10 11 35 17 204
4 0 103 98 03 25 10 11 35 18 403
4 0 103 98 03 25 10 11 35 19 202
4 0 103 98 03 25 10 11 35 20 403
4 0 103 98 03 25 10 11 35 21 201
4 0 103 98 03 25 10 11 35 22 401
4 0 102 98 03 25 10 11 35 23 200
4 0 102 98 03 25 10 11 35 24 300
4 0 102 98 03 25 10 11 35 25 499
4 0 103 98 03 25 10 11 35 26 299
4 0 103 98 03 25 10 11 35 27 499
4 0 103 98 03 25 10 11 35 28 198
4 0 103 98 03 25 10 11 35 29 398
4 0 104 98 03 25 10 11 35 30 198
4 0 105 98 03 25 10 11 35 31 397
4 0 105 98 03 25 10 11 35 32 496
4 0 106 98 03 25 10 11 35 33 296
4 0 107 98 03 25 10 11 35 34 396
4 0 109 98 03 25 10 11 35 35 195
4 0 110 98 03 25 10 11 35 36 295
4 0 110 98 03 25 10 11 35 37 495
4 0 110 98 03 25 10 11 35 38 194
4 0 109 98 03 25 10 11 35 39 394
4 0 109 98 03 25 10 11 35 40 494
4 0 108 98 03 25 10 11 35 41 293
4 0 108 98 03 25 10 11 35 42 393
4 0 108 98 03 25 10 11 35 43 193
4 0 107 98 03 25 10 11 35 44 293
4 0 106 98 03 25 10 11 35 45 493
4 0 105 98 03 25 10 11 35 46 192
4 0 105 98 03 25 10 11 35 47 392
4 0 104 98 03 25 10 11 35 48 492
4 0 104 98 03 25 10 11 35 49 291
4 0 104 98 03 25 10 11 35 50 391
4 0 104 98 03 25 10 11 35 51 191
4 0 103 98 03 25 10 11 35 52 290
4 0 103 98 03 25 10 11 35 53 490
4 0 102 98 03 25 10 11 35 54 290
4 0 101 98 03 25 10 11 35 55 490
4 0 101 98 03 25 10 11 35 56 289
4 0 100 98 03 25 10 11 35 57 489
4 0 100 98 03 25 10 11 35 58 189
4 0 99 98 03 25 10 11 35 59 388
4 0 97 98 03 25 10 11 36 0 188
4 0 96 98 03 25 10 11 36 1 588
4 0 95 98 03 25 10 11 36 2 388
4 0 95 98 03 25 10 11 36 3 587
4 0 94 98 03 25 10 11 36 4 287
4 0 93 98 03 25 10 11 36 5 487
4 0 93 98 03 25 10 11 36 6 286
4 0 93 98 03 25 10 11 36 7 487
4 0 94 98 03 25 10 11 36 8 287
4 0 94 98 03 25 10 11 36 9 486
4 0 94 98 03 25 10 11 36 10 585
4 0 94 98 03 25 10 11 36 11 385
4 0 94 98 03 25 10 11 36 12 585
4 0 94 98 03 25 10 11 36 13 385
4 0 94 98 03 25 10 11 36 14 584
4 0 94 98 03 25 10 11 36 15 384
4 0 94 98 03 25 10 11 36 16 484
4 0 94 98 03 25 10 11 36 17 284
4 0 95 98 03 25 10 11 36 18 483
4 0 95 98 03 25 10 11 36 19 283
4 0 95 98 03 25 10 11 36 20 483
4 0 95 98 03 25 10 11 36 21 283
4 0 96 98 03 25 10 11 36 22 383
4 0 96 98 03 25 10 11 36 23 582
4 0 96 98 03 25 10 11 36 24 382
4 0 96 98 03 25 10 11 36 25 581
4 0 96 98 03 25 10 11 36 26 381
4 0 95 98 03 25 10 11 36 27 580
4 0 95 98 03 25 10 11 36 28 380
4 0 94 98 03 25 10 11 36 29 579
4 0 94 98 03 25 10 11 36 30 379
4 0 95 98 03 25 10 11 36 31 578
4 0 96 98 03 25 10 11 36 32 377
4 0 96 98 03 25 10 11 36 33 577
4 0 96 98 03 25 10 11 36 34 377
4 0 96 98 03 25 10 11 36 35 576
4 0 96 98 03 25 10 11 36 36 376
4 0 96 98 03 25 10 11 36 37 575
4 0 97 98 03 25 10 11 36 38 374
4 0 98 98 03 25 10 11 36 39 574
4 0 99 98 03 25 10 11 36 40 373
4 0 99 98 03 25 10 11 36 41 573
4 0 98 98 03 25 10 11 36 42 372
4 0 98 98 03 25 10 11 36 43 572
4 0 98 98 03 25 10 11 36 44 371
4 0 99 98 03 25 10 11 36 45 571
4 0 99 98 03 25 10 11 36 46 371
4 0 100 98 03 25 10 11 36 47 571
4 0 100 98 03 25 10 11 36 48 370
4 0 100 98 03 25 10 11 36 49 570
4 0 99 98 03 25 10 11 36 50 370
4 0 99 98 03 25 10 11 36 51 570
4 0 99 98 03 25 10 11 36 52 370
4 0 98 98 03 25 10 11 36 53 569
4 0 98 98 03 25 10 11 36 54 369
4 0 98 98 03 25 10 11 36 55 568
4 0 98 98 03 25 10 11 36 56 368
4 0 97 98 03 25 10 11 36 57 567
4 0 97 98 03 25 10 11 36 58 367
4 0 96 98 03 25 10 11 36 59 567
4 0 96 98 03 25 10 11 37 0 366
4 0 95 98 03 25 10 11 37 1 566
4 0 95 98 03 25 10 11 37 2 365
4 0 95 98 03 25 10 11 37 3 565
4 0 96 98 03 25 10 11 37 4 365
4 0 96 98 03 25 10 11 37 5 564
4 0 97 98 03 25 10 11 37 6 364
4 0 97 98 03 25 10 11 37 7 564
4 0 98 98 03 25 10 11 37 8 364
4 0 98 98 03 25 10 11 37 9 563
4 0 97 98 03 25 10 11 37 10 362
4 0 96 98 03 25 10 11 37 11 562
4 0 96 98 03 25 10 11 37 12 362
4 0 95 98 03 25 10 11 37 13 562
4 0 95 98 03 25 10 11 37 14 261
4 0 94 98 03 25 10 11 37 15 460
4 0 93 98 03 25 10 11 37 16 260
4 0 93 98 03 25 10 11 37 17 460
4 0 92 98 03 25 10 11 37 18 559
4 0 92 98 03 25 10 11 37 19 359
4 0 91 98 03 25 10 11 37 20 559
4 0 91 98 03 25 10 11 37 21 358
4 0 91 98 03 25 10 11 37 22 458
4 0 91 98 03 25 10 11 37 23 258
4 0 92 98 03 25 10 11 37 24 457
4 0 92 98 03 25 10 11 37 25 257
4 0 92 98 03 25 10 11 37 26 357
4 0 92 98 03 25 10 11 37 27 556
4 0 92 98 03 25 10 11 37 28 256
4 0 92 98 03 25 10 11 37 29 456
4 0 91 98 03 25 10 11 37 30 555
4 0 91 98 03 25 10 11 37 31 354
4 0 91 98 03 25 10 11 37 32 455
4 0 91 98 03 25 10 11 37 33 253
4 0 91 98 03 25 10 11 37 34 353
4 0 90 98 03 25 10 11 37 35 552
4 0 90 98 03 25 10 11 37 36 251
4 0 90 98 03 25 10 11 37 37 451
4 0 90 98 03 25 10 11 37 38 550
4 0 90 98 03 25 10 11 37 39 350
4 0 90 98 03 25 10 11 37 40 549
4 0 90 98 03 25 10 11 37 41 349
4 0 90 98 03 25 10 11 37 42 548
4 0 89 98 03 25 10 11 37 43 348
4 0 89 98 03 25 10 11 37 44 449
4 0 89 98 03 25 10 11 37 45 247
4 0 89 98 03 25 10 11 37 46 447
4 0 88 98 03 25 10 11 37 47 246
4 0 88 98 03 25 10 11 37 48 446
4 0 87 98 03 25 10 11 37 49 245
4 0 87 98 03 25 10 11 37 50 345
4 0 87 98 03 25 10 11 37 51 545
4 0 86 98 03 25 10 11 37 52 344
4 0 85 98 03 25 10 11 37 53 545
4 0 85 98 03 25 10 11 37 54 344
4 0 85 98 03 25 10 11 37 55 544
4 0 85 98 03 25 10 11 37 56 243
4 0 86 98 03 25 10 11 37 57 443
4 0 86 98 03 25 10 11 37 58 243
4 0 86 98 03 25 10 11 37 59 443
4 0 86 98 03 25 10 11 38 0 242
4 0 86 98 03 25 10 11 38 1 442
4 0 86 98 03 25 10 11 38 2 542
4 0 87 98 03 25 10 11 38 3 341
4 0 87 98 03 25 10 11 38 4 541
4 0 87 98 03 25 10 11 38 5 341
4 0 86 98 03 25 10 11 38 6 540
4 0 86 98 03 25 10 11 38 7 340
4 0 86 98 03 25 10 11 38 8 540
4 0 85 98 03 25 10 11 38 9 340
4 0 85 98 03 25 10 11 38 10 540
4 0 85 98 03 25 10 11 38 11 339
4 0 85 98 03 25 10 11 38 12 538
4 0 85 98 03 25 10 11 38 13 338
4 0 86 98 03 25 10 11 38 14 537
4 0 86 98 03 25 10 11 38 15 337
4 0 86 98 03 25 10 11 38 16 537
4 0 86 98 03 25 10 11 38 17 336
4 0 86 98 03 25 10 11 38 18 636
4 0 86 98 03 25 10 11 38 19 436
4 0 86 98 03 25 10 11 38 20 235
4 0 86 98 03 25 10 11 38 21 434
4 0 86 98 03 25 10 11 38 22 234
4 0 87 98 03 25 10 11 38 23 433
4 0 86 98 03 25 10 11 38 24 232
4 0 86 98 03 25 10 11 38 25 432
4 0 86 98 03 25 10 11 38 26 231
4 0 87 98 03 25 10 11 38 27 430
4 0 88 98 03 25 10 11 38 28 230
4 0 89 98 03 25 10 11 38 29 431
4 0 89 98 03 25 10 11 38 30 229
