6 17 24.0 62.0 100756 0 0 0 0.0 32.0 34.0 34.0 1 1 0.0 1.0 25/10/2022 10 48 28 45.4756724 9.2359018
6 44 23.0 64.0 100779 23 618 0.01 0.0 34.0 36.0 36.0 1 2 2.0 2.0 25/10/2022 11 52 41 45.4722175 9.226964
6 45 24.0 64.0 100780 107 755 0.01 0.0 34.0 36.0 36.0 1 1 2.0 1.0 25/10/2022 11 53 5 45.4722167 9.226965
6 46 24.0 63.0 100781 182 781 0.01 0.0 35.0 37.0 38.0 1 1 1.0 1.0 25/10/2022 11 53 23 45.4721702 9.2270248
6 47 24.0 62.0 100782 199 704 0.01 0.0 33.0 35.0 35.0 2 2 2.0 1.0 25/10/2022 11 53 47 45.47217 9.227025
6 48 25.0 61.0 100783 192 691 0.01 0.0 33.0 35.0 35.0 1 2 1.0 1.0 25/10/2022 11 54 13 45.472165 9.2270317
6 49 25.0 61.0 100783 369 696 0.01 0.0 31.0 33.0 33.0 1 1 1.0 1.0 25/10/2022 11 54 47 45.472165 9.2270317
6 51 25.0 61.0 100785 0 0 0 0.0 31.0 33.0 33.0 1 1 0.0 1.0 25/10/2022 11 55 1 45.472165 9.2270317
6 51 25.0 61.0 100786 691 666 0.01 0.0 31.0 33.0 33.0 1 2 2.0 2.0 25/10/2022 11 55 41 45.47218 9.2270867
6 52 26.0 61.0 100787 605 675 0.01 0.0 31.0 34.0 35.0 1 2 2.0 1.0 25/10/2022 11 56 5 45.4721584 9.2271117
6 54 0 0 0 439 631 0.01 0.0 0.0 0.0 0.0 0 0 1.0 0.0 25/10/2022 11 56 41 45.4721581 9.2270929
6 54 26.0 59.0 100788 349 638 0.01 0.0 36.0 38.0 38.0 1 2 2.0 2.0 25/10/2022 11 56 49 45.4721583 9.2270917
6 55 26.0 59.0 100789 240 660 0.01 0.0 35.0 40.0 44.0 1 2 2.0 2.0 25/10/2022 11 57 13 45.4721583 9.2270917
