4 2 125 98 03 25 10 11 52 57 51
4 2 126 98 03 25 10 11 52 57 851
4 1 126 98 03 25 10 11 52 58 951
4 1 127 98 03 25 10 11 53 0 150
4 0 127 98 03 25 10 11 53 0 950
4 1 126 98 03 25 10 11 53 2 50
4 1 125 98 03 25 10 11 53 2 849
4 1 124 98 03 25 10 11 53 4 49
4 1 123 98 03 25 10 11 53 4 849
4 0 122 98 03 25 10 11 53 6 348
4 0 121 98 03 25 10 11 53 7 148
4 0 120 98 03 25 10 11 53 7 947
4 0 120 98 03 25 10 11 53 9 147
4 0 119 98 03 25 10 11 53 9 947
4 0 119 98 03 25 10 11 53 11 47
4 0 119 98 03 25 10 11 53 11 846
4 0 120 98 03 25 10 11 53 12 946
4 0 120 98 03 25 10 11 53 14 46
4 0 119 98 03 25 10 11 53 14 845
4 0 119 98 03 25 10 11 53 16 345
4 0 118 98 03 25 10 11 53 17 145
4 0 118 98 03 25 10 11 53 17 944
4 0 117 98 03 25 10 11 53 19 44
4 0 116 98 03 25 10 11 53 19 844
4 0 115 98 03 25 10 11 53 20 944
4 0 115 98 03 25 10 11 53 22 43
4 0 115 98 03 25 10 11 53 22 843
4 0 115 98 03 25 10 11 53 24 343
4 0 114 98 03 25 10 11 53 25 142
4 0 114 98 03 25 10 11 53 25 942
4 0 113 98 03 25 10 11 53 27 42
4 0 113 98 03 25 10 11 53 27 842
4 0 112 98 03 25 10 11 53 28 941
4 0 112 98 03 25 10 11 53 30 141
4 0 112 98 03 25 10 11 53 30 941
4 0 111 98 03 25 10 11 53 32 140
4 0 111 98 03 25 10 11 53 32 940
4 0 109 98 03 25 10 11 53 34 39
4 0 108 98 03 25 10 11 53 34 839
4 0 107 98 03 25 10 11 53 36 38
4 0 107 98 03 25 10 11 53 36 838
4 0 106 98 03 25 10 11 53 38 37
4 0 105 98 03 25 10 11 53 38 837
4 0 105 98 03 25 10 11 53 40 336
4 0 105 98 03 25 10 11 53 41 136
4 0 106 98 03 25 10 11 53 41 936
4 0 106 98 03 25 10 11 53 43 135
4 0 105 98 03 25 10 11 53 43 935
4 0 104 98 03 25 10 11 53 45 134
4 0 104 98 03 25 10 11 53 45 934
4 0 103 98 03 25 10 11 53 47 33
4 0 103 98 03 25 10 11 53 47 833
4 0 102 98 03 25 10 11 53 49 33
4 0 102 98 03 25 10 11 53 49 832
4 0 101 98 03 25 10 11 53 51 32
4 0 101 98 03 25 10 11 53 51 832
4 0 100 98 03 25 10 11 53 53 31
4 0 100 98 03 25 10 11 53 53 831
4 0 101 98 03 25 10 11 53 55 31
4 0 101 98 03 25 10 11 53 55 831
4 0 101 98 03 25 10 11 53 57 30
4 0 101 98 03 25 10 11 53 57 830
4 0 101 98 03 25 10 11 53 59 30
4 0 100 98 03 25 10 11 53 59 829
4 0 99 98 03 25 10 11 54 0 829
4 0 99 98 03 25 10 11 54 2 29
4 0 99 98 03 25 10 11 54 2 829
4 0 99 98 03 25 10 11 54 4 28
4 0 99 98 03 25 10 11 54 4 828
4 0 98 98 03 25 10 11 54 6 28
4 0 98 98 03 25 10 11 54 6 828
4 0 97 98 03 25 10 11 54 8 27
4 0 98 98 03 25 10 11 54 8 827
4 0 97 98 03 25 10 11 54 10 27
4 0 97 98 03 25 10 11 54 10 827
4 0 97 98 03 25 10 11 54 12 26
4 0 96 98 03 25 10 11 54 12 826
4 0 96 98 03 25 10 11 54 14 26
4 0 95 98 03 25 10 11 54 14 825
4 0 95 98 03 25 10 11 54 16 25
4 0 95 98 03 25 10 11 54 16 825
4 0 94 98 03 25 10 11 54 18 24
4 0 94 98 03 25 10 11 54 18 824
4 0 94 98 03 25 10 11 54 20 24
4 0 94 98 03 25 10 11 54 20 823
4 0 94 98 03 25 10 11 54 22 23
4 0 93 98 03 25 10 11 54 22 822
4 0 93 98 03 25 10 11 54 24 22
4 0 93 98 03 25 10 11 54 24 822
4 0 94 98 03 25 10 11 54 26 21
4 0 96 98 03 25 10 11 54 26 821
4 0 97 98 03 25 10 11 54 28 20
4 0 98 98 03 25 10 11 54 28 820
4 0 97 98 03 25 10 11 54 30 19
4 0 97 98 03 25 10 11 54 30 819
4 0 96 98 03 25 10 11 54 32 18
4 0 95 98 03 25 10 11 54 32 818
4 0 95 98 03 25 10 11 54 34 18
4 0 95 98 03 25 10 11 54 34 817
4 0 94 98 03 25 10 11 54 36 17
4 0 94 98 03 25 10 11 54 36 816
4 0 94 98 03 25 10 11 54 38 16
4 0 94 98 03 25 10 11 54 38 816
4 0 94 98 03 25 10 11 54 40 15
4 0 94 98 03 25 10 11 54 40 815
4 0 95 98 03 25 10 11 54 42 14
4 0 95 98 03 25 10 11 54 42 814
4 0 96 98 03 25 10 11 54 44 14
4 0 96 98 03 25 10 11 54 44 813
4 0 95 98 03 25 10 11 54 46 13
4 0 94 98 03 25 10 11 54 46 812
4 0 94 98 03 25 10 11 54 48 312
4 0 93 98 03 25 10 11 54 49 112
4 0 93 98 03 25 10 11 54 49 911
4 0 92 98 03 25 10 11 54 51 111
4 0 92 98 03 25 10 11 54 51 910
4 0 91 98 03 25 10 11 54 53 10
4 0 92 98 03 25 10 11 54 53 809
4 0 92 98 03 25 10 11 54 54 909
4 0 92 98 03 25 10 11 54 56 8
4 0 92 98 03 25 10 11 54 56 808
4 0 93 98 03 25 10 11 54 58 307
4 0 93 98 03 25 10 11 54 59 107
4 0 93 98 03 25 10 11 54 59 907
4 0 93 98 03 25 10 11 55 1 6
4 0 93 98 03 25 10 11 55 1 806
4 0 93 98 03 25 10 11 55 2 905
4 0 93 98 03 25 10 11 55 4 105
4 0 93 98 03 25 10 11 55 4 904
4 0 93 98 03 25 10 11 55 6 104
4 0 93 98 03 25 10 11 55 6 904
4 0 93 98 03 25 10 11 55 8 3
4 0 93 98 03 25 10 11 55 8 803
4 0 93 98 03 25 10 11 55 10 3
4 0 93 98 03 25 10 11 55 10 803
4 0 93 98 03 25 10 11 55 12 2
4 0 93 98 03 25 10 11 55 12 802
4 0 93 98 03 25 10 11 55 14 302
4 0 92 98 03 25 10 11 55 15 101
4 0 91 98 03 25 10 11 55 15 901
4 0 92 98 03 25 10 11 55 17 101
4 0 92 98 03 25 10 11 55 17 900
4 0 93 98 03 25 10 11 55 19 100
4 0 93 98 03 25 10 11 55 19 899
4 0 94 98 03 25 10 11 55 20 999
4 0 94 98 03 25 10 11 55 21 799
4 0 94 98 03 25 10 11 55 22 998
4 0 94 98 03 25 10 11 55 23 798
4 0 93 98 03 25 10 11 55 24 999
4 0 93 98 03 25 10 11 55 25 796
4 0 93 98 03 25 10 11 55 26 896
4 0 92 98 03 25 10 11 55 28 95
4 0 91 98 03 25 10 11 55 28 895
4 0 90 98 03 25 10 11 55 30 94
4 0 90 98 03 25 10 11 55 30 894
4 0 90 98 03 25 10 11 55 32 94
4 0 90 98 03 25 10 11 55 32 893
4 0 91 98 03 25 10 11 55 34 93
4 0 91 98 03 25 10 11 55 34 892
4 0 90 98 03 25 10 11 55 36 92
4 0 89 98 03 25 10 11 55 36 892
4 0 89 98 03 25 10 11 55 38 91
4 0 89 98 03 25 10 11 55 38 891
4 0 89 98 03 25 10 11 55 40 91
4 0 88 98 03 25 10 11 55 40 890
4 0 88 98 03 25 10 11 55 42 90
4 0 88 98 03 25 10 11 55 42 890
4 0 88 98 03 25 10 11 55 44 89
4 0 89 98 03 25 10 11 55 44 889
4 0 89 98 03 25 10 11 55 46 88
4 0 90 98 03 25 10 11 55 46 888
4 0 90 98 03 25 10 11 55 48 87
4 0 90 98 03 25 10 11 55 48 887
4 0 90 98 03 25 10 11 55 50 86
4 0 91 98 03 25 10 11 55 50 886
4 0 91 98 03 25 10 11 55 52 85
4 0 91 98 03 25 10 11 55 52 885
4 0 91 98 03 25 10 11 55 54 85
4 0 90 98 03 25 10 11 55 54 884
4 0 89 98 03 25 10 11 55 56 84
4 0 89 98 03 25 10 11 55 56 883
4 0 89 98 03 25 10 11 55 58 83
4 0 89 98 03 25 10 11 55 58 882
4 0 89 98 03 25 10 11 56 0 82
4 0 89 98 03 25 10 11 56 0 881
4 0 90 98 03 25 10 11 56 2 81
4 0 91 98 03 25 10 11 56 2 881
4 0 92 98 03 25 10 11 56 4 82
4 0 93 98 03 25 10 11 56 4 880
4 0 93 98 03 25 10 11 56 6 80
4 0 93 98 03 25 10 11 56 6 879
4 0 93 98 03 25 10 11 56 8 79
4 0 93 98 03 25 10 11 56 8 878
4 0 93 98 03 25 10 11 56 10 378
4 0 93 98 03 25 10 11 56 11 177
4 0 93 98 03 25 10 11 56 11 977
4 0 93 98 03 25 10 11 56 13 176
4 0 93 98 03 25 10 11 56 13 976
4 0 93 98 03 25 10 11 56 15 175
4 0 90 98 03 25 10 11 56 16 274
4 0 90 98 03 25 10 11 56 17 74
4 0 90 98 03 25 10 11 56 17 874
4 0 90 98 03 25 10 11 56 18 973
4 0 91 98 03 25 10 11 56 20 73
4 0 91 98 03 25 10 11 56 20 872
4 0 90 98 03 25 10 11 56 22 372
4 0 90 98 03 25 10 11 56 23 171
4 0 89 98 03 25 10 11 56 24 271
4 0 89 98 03 25 10 11 56 25 71
4 0 89 98 03 25 10 11 56 25 870
4 0 88 98 03 25 10 11 56 27 70
4 0 89 98 03 25 10 11 56 27 870
4 1 89 98 03 25 10 11 56 29 69
4 1 89 98 03 25 10 11 56 29 869
4 1 91 98 03 25 10 11 56 30 968
4 0 92 98 03 25 10 11 56 32 168
4 0 93 98 03 25 10 11 56 32 968
4 0 92 98 03 25 10 11 56 34 167
4 0 92 98 03 25 10 11 56 34 967
4 0 92 98 03 25 10 11 56 36 67
4 0 92 98 03 25 10 11 56 36 867
4 0 92 98 03 25 10 11 56 38 66
4 0 93 98 03 25 10 11 56 38 866
4 0 93 98 03 25 10 11 56 40 66
4 0 93 98 03 25 10 11 56 40 865
4 0 93 98 03 25 10 11 56 42 365
4 0 93 98 03 25 10 11 56 43 165
4 0 92 98 03 25 10 11 56 43 965
4 0 92 98 03 25 10 11 56 45 164
4 0 92 98 03 25 10 11 56 45 964
4 0 92 98 03 25 10 11 56 47 163
4 0 93 98 03 25 10 11 56 48 263
4 0 93 98 03 25 10 11 56 49 62
4 0 93 98 03 25 10 11 56 49 862
4 0 94 98 03 25 10 11 56 51 261
4 0 94 98 03 25 10 11 56 52 61
4 0 95 98 03 25 10 11 56 53 260
4 0 95 98 03 25 10 11 56 54 60
4 0 95 98 03 25 10 11 56 55 259
4 0 94 98 03 25 10 11 56 56 59
4 0 94 98 03 25 10 11 56 57 258
4 0 94 98 03 25 10 11 56 58 58
4 0 93 98 03 25 10 11 56 59 257
4 0 94 98 03 25 10 11 57 0 57
4 0 94 98 03 25 10 11 57 1 256
4 0 94 98 03 25 10 11 57 2 56
4 0 95 98 03 25 10 11 57 3 255
4 0 95 98 03 25 10 11 57 4 54
4 0 95 98 03 25 10 11 57 5 254
4 0 95 98 03 25 10 11 57 6 54
4 0 95 98 03 25 10 11 57 7 253
4 0 94 98 03 25 10 11 57 8 53
4 0 94 98 03 25 10 11 57 9 252
4 0 93 98 03 25 10 11 57 10 52
4 0 92 98 03 25 10 11 57 11 251
4 0 92 98 03 25 10 11 57 12 51
4 0 91 98 03 25 10 11 57 13 250
4 0 89 98 03 25 10 11 57 15 249
4 0 88 98 03 25 10 11 57 16 50
4 0 88 98 03 25 10 11 57 17 249
4 0 87 98 03 25 10 11 57 18 48
4 0 86 98 03 25 10 11 57 19 247
4 0 85 98 03 25 10 11 57 20 46
4 0 84 98 03 25 10 11 57 21 246
4 0 83 98 03 25 10 11 57 22 45
4 0 83 98 03 25 10 11 57 23 246
4 0 82 98 03 25 10 11 57 24 45
4 0 82 98 03 25 10 11 57 25 244
4 0 81 98 03 25 10 11 57 26 44
4 0 81 98 03 25 10 11 57 27 243
4 0 82 98 03 25 10 11 57 28 43
4 0 83 98 03 25 10 11 57 29 243
4 0 83 98 03 25 10 11 57 30 343
4 0 84 98 03 25 10 11 57 31 143
4 0 85 98 03 25 10 11 57 31 942
4 0 86 98 03 25 10 11 57 33 142
4 0 87 98 03 25 10 11 57 33 941
4 0 87 98 03 25 10 11 57 35 41
4 0 86 98 03 25 10 11 57 36 240
4 0 87 98 03 25 10 11 57 37 40
4 0 87 98 03 25 10 11 57 38 140
4 0 88 98 03 25 10 11 57 38 939
4 0 89 98 03 25 10 11 57 40 39
4 0 89 98 03 25 10 11 57 41 239
4 0 90 98 03 25 10 11 57 42 338
4 0 90 98 03 25 10 11 57 43 138
4 0 91 98 03 25 10 11 57 43 937
4 0 92 98 03 25 10 11 57 45 37
4 0 92 98 03 25 10 11 57 46 137
4 0 92 98 03 25 10 11 57 46 936
4 0 93 98 03 25 10 11 57 48 36
4 0 94 98 03 25 10 11 57 49 235
4 0 94 98 03 25 10 11 57 50 335
4 0 95 98 03 25 10 11 57 51 135
4 0 95 98 03 25 10 11 57 51 934
4 0 95 98 03 25 10 11 57 53 34
4 0 95 98 03 25 10 11 57 54 234
4 0 95 98 03 25 10 11 57 55 33
4 0 95 98 03 25 10 11 57 56 233
4 0 96 98 03 25 10 11 57 58 132
4 0 96 98 03 25 10 11 57 58 932
