6 17 24.0 62.0 100756 0 0 0 0.0 32.0 34.0 34.0 1 1 0.0 1.0 25/10/2022 10 48 28 45.4756724 9.2359018
6 15 23.0 64.0 100745 0 0 0 0.0 38.0 40.0 40.0 1 1 0.0 1.0 25/10/2022 11 13 48 45.4848619 9.2361283
6 16 23.0 64.0 100744 0 0 0 0.0 38.0 40.0 40.0 1 1 0.0 2.0 25/10/2022 11 14 22 45.4848617 9.2361283
6 16 24.0 63.0 100744 124 693 0.01 0.0 39.0 42.0 42.0 1 1 1.0 2.0 25/10/2022 11 14 38 45.4848617 9.2361283
6 18 24.0 63.0 100743 217 679 0.01 0.0 0.0 0.0 0.0 0 1 1.0 0.0 25/10/2022 11 15 8 45.4848617 9.2361283
6 19 24.0 63.0 100743 0 0 0 0.0 39.0 42.0 42.0 1 2 0.0 2.0 25/10/2022 11 15 38 45.4848617 9.2361283
6 20 24.0 64.0 100742 0 0 0 0.0 0.0 0.0 0.0 0 1 0.0 0.0 25/10/2022 11 16 6 45.484835 9.23614
6 21 0 0 0 90 698 0.01 0.0 35.0 37.0 37.0 1 0 2.0 1.0 25/10/2022 11 16 32 45.484835 9.23614
6 22 24.0 62.0 100741 0 0 0 0.0 38.0 40.0 40.0 1 1 0.0 1.0 25/10/2022 11 16 58 45.484835 9.23614
6 22 24.0 62.0 100741 65 505 0.01 0.0 30.0 33.0 34.0 1 2 1.0 2.0 25/10/2022 11 17 18 45.484835 9.23614
6 23 24.0 62.0 100741 66 658 0.01 0.0 34.0 36.0 36.0 1 2 2.0 2.0 25/10/2022 11 17 40 45.484835 9.23614
6 25 0 0 0 68 658 0.01 0.0 34.0 36.0 36.0 1 0 1.0 1.0 25/10/2022 11 18 6 45.484835 9.23614
6 26 25.0 61.0 100741 0 0 0 0.0 36.0 40.0 42.0 1 1 0.0 2.0 25/10/2022 11 18 38 45.484835 9.23614
