4 0 127 99 03 25 10 11 14 8 48
4 0 125 99 03 25 10 11 14 9 247
4 0 125 99 03 25 10 11 14 10 47
4 0 125 99 03 25 10 11 14 11 246
4 0 125 99 03 25 10 11 14 12 46
4 0 125 99 03 25 10 11 14 13 145
4 0 125 99 03 25 10 11 14 14 344
4 0 126 99 03 25 10 11 14 15 144
4 0 126 99 03 25 10 11 14 16 343
4 1 126 99 03 25 10 11 14 17 143
4 0 125 99 03 25 10 11 14 19 142
4 0 125 99 03 25 10 11 14 20 341
4 0 126 99 03 25 10 11 14 21 140
4 0 126 99 03 25 10 11 14 22 339
4 0 126 99 03 25 10 11 14 23 139
4 0 127 99 03 25 10 11 14 24 338
4 0 127 99 03 25 10 11 14 25 138
4 0 128 99 03 25 10 11 14 26 338
4 0 128 99 03 25 10 11 14 27 137
4 0 128 99 03 25 10 11 14 28 337
4 0 129 99 03 25 10 11 14 29 137
4 0 129 99 03 25 10 11 14 30 336
4 0 130 99 03 25 10 11 14 31 136
4 0 130 99 03 25 10 11 14 32 336
4 0 130 99 03 25 10 11 14 33 136
4 0 131 99 03 25 10 11 14 34 335
4 0 131 99 03 25 10 11 14 35 135
4 0 131 99 03 25 10 11 14 36 334
4 0 132 99 03 25 10 11 14 37 134
4 0 132 99 03 25 10 11 14 38 334
4 0 132 99 03 25 10 11 14 39 133
4 0 132 99 03 25 10 11 14 40 333
4 0 132 99 03 25 10 11 14 41 132
4 1 130 99 03 25 10 11 14 46 228
4 2 130 99 03 25 10 11 14 47 130
4 2 130 99 03 25 10 11 14 48 330
4 1 130 99 03 25 10 11 14 49 130
4 1 129 99 03 25 10 11 14 50 329
4 1 128 99 03 25 10 11 14 51 129
4 1 127 99 03 25 10 11 14 52 328
4 0 126 99 03 25 10 11 14 53 128
4 0 127 99 03 25 10 11 14 54 327
4 0 127 99 03 25 10 11 14 55 127
4 0 126 99 03 25 10 11 14 56 326
4 0 127 99 03 25 10 11 14 57 126
4 0 127 99 03 25 10 11 14 58 325
4 0 128 99 03 25 10 11 14 59 125
4 0 128 99 03 25 10 11 15 0 225
4 0 128 99 03 25 10 11 15 1 24
4 0 128 99 03 25 10 11 15 2 124
4 0 127 99 03 25 10 11 15 3 323
4 0 126 99 03 25 10 11 15 4 422
4 0 125 99 03 25 10 11 15 5 222
4 0 123 99 03 25 10 11 15 6 21
4 0 123 99 03 25 10 11 15 7 121
4 0 123 99 03 25 10 11 15 8 220
4 0 123 99 03 25 10 11 15 9 20
4 0 123 99 03 25 10 11 15 10 219
4 0 124 99 03 25 10 11 15 11 19
4 0 124 99 03 25 10 11 15 13 18
4 0 124 98 03 25 10 11 15 14 117
4 0 123 98 03 25 10 11 15 15 316
4 0 123 98 03 25 10 11 15 16 116
4 0 123 98 03 25 10 11 15 17 315
4 0 122 98 03 25 10 11 15 18 114
4 0 122 98 03 25 10 11 15 19 314
4 0 121 98 03 25 10 11 15 21 213
4 0 120 98 03 25 10 11 15 22 412
4 0 120 99 03 25 10 11 15 23 212
4 0 119 99 03 25 10 11 15 24 411
4 0 119 99 03 25 10 11 15 25 211
4 0 118 99 03 25 10 11 15 26 310
4 0 117 99 03 25 10 11 15 27 510
4 0 117 99 03 25 10 11 15 28 309
4 0 116 99 03 25 10 11 15 29 109
4 0 114 99 03 25 10 11 15 30 308
4 0 113 99 03 25 10 11 15 31 108
4 0 113 99 03 25 10 11 15 32 307
4 0 112 99 03 25 10 11 15 33 107
4 0 112 99 03 25 10 11 15 34 306
4 0 112 99 03 25 10 11 15 35 106
4 0 111 99 03 25 10 11 15 36 306
4 0 111 99 03 25 10 11 15 37 105
4 0 111 99 03 25 10 11 15 38 305
4 0 110 99 03 25 10 11 15 39 104
4 0 109 99 03 25 10 11 15 40 304
4 0 109 99 03 25 10 11 15 41 104
4 0 109 99 03 25 10 11 15 42 303
4 0 108 99 03 25 10 11 15 43 103
4 0 108 99 03 25 10 11 15 44 302
4 0 108 99 03 25 10 11 15 46 302
4 0 108 99 03 25 10 11 15 47 101
4 0 108 99 03 25 10 11 15 48 301
4 0 107 99 03 25 10 11 15 49 101
4 0 107 99 03 25 10 11 15 50 301
4 0 107 99 03 25 10 11 15 51 100
4 0 107 99 03 25 10 11 15 52 300
4 0 107 99 03 25 10 11 15 53 100
4 0 108 99 03 25 10 11 15 54 299
4 0 108 99 03 25 10 11 15 55 100
4 0 108 99 03 25 10 11 15 56 298
4 0 107 99 03 25 10 11 15 57 98
4 0 107 99 03 25 10 11 15 58 298
4 0 106 99 03 25 10 11 15 59 98
4 0 106 99 03 25 10 11 16 0 297
4 0 105 99 03 25 10 11 16 1 96
4 0 106 99 03 25 10 11 16 2 296
4 0 107 99 03 25 10 11 16 3 96
4 0 108 99 03 25 10 11 16 4 295
4 0 108 99 03 25 10 11 16 5 95
4 0 108 99 03 25 10 11 16 6 295
4 0 108 99 03 25 10 11 16 7 94
4 0 108 99 03 25 10 11 16 8 294
4 0 108 99 03 25 10 11 16 9 94
4 0 108 99 03 25 10 11 16 12 293
4 0 109 99 03 25 10 11 16 13 93
4 0 109 99 03 25 10 11 16 14 292
4 0 109 99 03 25 10 11 16 16 292
4 0 108 99 03 25 10 11 16 17 92
4 0 107 99 03 25 10 11 16 18 291
4 0 107 99 03 25 10 11 16 19 91
4 0 107 99 03 25 10 11 16 21 90
4 0 107 99 03 25 10 11 16 22 289
4 0 107 99 03 25 10 11 16 23 89
4 0 107 99 03 25 10 11 16 24 288
4 0 107 99 03 25 10 11 16 25 88
4 0 107 99 03 25 10 11 16 26 288
4 0 106 99 03 25 10 11 16 27 87
4 0 106 99 03 25 10 11 16 28 187
4 0 106 99 03 25 10 11 16 29 387
4 0 105 99 03 25 10 11 16 30 486
4 0 105 99 03 25 10 11 16 31 286
4 0 105 99 03 25 10 11 16 32 385
4 0 105 99 03 25 10 11 16 33 185
4 0 105 99 03 25 10 11 16 34 284
4 0 105 99 03 25 10 11 16 35 84
4 0 106 99 03 25 10 11 16 37 383
4 0 106 99 03 25 10 11 16 38 483
4 0 106 99 03 25 10 11 16 39 282
4 0 106 99 03 25 10 11 16 40 382
4 0 107 99 03 25 10 11 16 41 182
4 0 107 99 03 25 10 11 16 42 282
4 0 107 99 03 25 10 11 16 43 81
4 0 107 99 03 25 10 11 16 44 181
4 0 107 99 03 25 10 11 16 46 480
4 0 108 99 03 25 10 11 16 48 80
4 0 109 99 03 25 10 11 16 50 79
4 0 109 99 03 25 10 11 16 51 279
4 0 110 99 03 25 10 11 16 52 378
4 0 110 99 03 25 10 11 16 53 178
4 0 110 99 03 25 10 11 16 54 377
4 0 110 99 03 25 10 11 16 55 177
4 0 110 99 03 25 10 11 16 56 377
4 0 109 99 03 25 10 11 16 58 276
4 0 109 99 03 25 10 11 16 59 76
4 0 109 99 03 25 10 11 17 1 75
4 0 108 99 03 25 10 11 17 3 74
4 0 107 99 03 25 10 11 17 5 373
4 0 107 99 03 25 10 11 17 6 573
4 0 106 99 03 25 10 11 17 11 371
4 0 107 99 03 25 10 11 17 12 171
4 0 107 99 03 25 10 11 17 13 371
4 0 107 99 03 25 10 11 17 14 170
4 0 107 99 03 25 10 11 17 15 370
4 0 107 99 03 25 10 11 17 16 170
4 0 107 99 03 25 10 11 17 19 368
4 0 106 99 03 25 10 11 17 22 567
4 0 105 99 03 25 10 11 17 23 367
4 0 105 99 03 25 10 11 17 24 566
4 0 105 99 03 25 10 11 17 25 366
4 0 106 99 03 25 10 11 17 27 365
4 0 105 99 03 25 10 11 17 28 165
4 0 105 99 03 25 10 11 17 29 365
4 0 106 99 03 25 10 11 17 30 164
4 0 104 99 03 25 10 11 17 31 364
4 0 103 99 03 25 10 11 17 32 164
4 0 102 99 03 25 10 11 17 33 363
4 0 102 99 03 25 10 11 17 34 163
4 0 102 99 03 25 10 11 17 35 362
4 0 102 99 03 25 10 11 17 36 162
4 0 101 99 03 25 10 11 17 37 362
4 0 101 99 03 25 10 11 17 38 161
4 0 102 99 03 25 10 11 17 39 361
4 0 102 99 03 25 10 11 17 40 161
4 0 102 99 03 25 10 11 17 41 360
4 0 102 99 03 25 10 11 17 42 160
4 0 103 99 03 25 10 11 17 43 360
4 0 102 99 03 25 10 11 17 44 160
4 0 102 99 03 25 10 11 17 45 359
4 0 102 99 03 25 10 11 17 46 159
4 0 101 99 03 25 10 11 17 47 358
4 0 101 99 03 25 10 11 17 48 158
4 0 100 99 03 25 10 11 17 50 157
4 0 100 99 03 25 10 11 17 52 156
4 0 101 99 03 25 10 11 17 53 355
4 0 101 99 03 25 10 11 17 54 155
4 0 102 99 03 25 10 11 17 55 354
4 0 102 99 03 25 10 11 17 56 154
4 0 103 99 03 25 10 11 17 57 353
4 0 103 99 03 25 10 11 17 58 153
4 0 104 99 03 25 10 11 17 59 352
4 0 104 99 03 25 10 11 18 1 751
4 0 104 99 03 25 10 11 18 2 452
4 0 104 99 03 25 10 11 18 3 250
4 0 104 99 03 25 10 11 18 4 49
4 0 104 99 03 25 10 11 18 5 249
4 0 104 99 03 25 10 11 18 11 46
4 0 105 99 03 25 10 11 18 12 145
4 0 105 99 03 25 10 11 18 13 344
4 0 105 99 03 25 10 11 18 14 444
4 0 105 99 03 25 10 11 18 15 244
4 0 104 99 03 25 10 11 18 16 43
4 0 103 99 03 25 10 11 18 17 142
4 0 102 99 03 25 10 11 18 18 242
4 0 101 99 03 25 10 11 18 19 41
4 0 101 99 03 25 10 11 18 20 141
4 0 101 99 03 25 10 11 18 21 340
4 0 100 99 03 25 10 11 18 22 140
4 0 99 99 03 25 10 11 18 23 339
4 0 99 99 03 25 10 11 18 24 139
4 0 101 99 03 25 10 11 18 28 37
4 0 102 99 03 25 10 11 18 29 636
4 1 102 99 03 25 10 11 18 30 36
4 0 103 99 03 25 10 11 18 31 235
4 0 104 99 03 25 10 11 18 32 35
4 0 106 99 03 25 10 11 18 33 134
4 0 108 99 03 25 10 11 18 34 333
4 0 108 99 03 25 10 11 18 35 133
4 0 109 99 03 25 10 11 18 36 333
4 0 109 99 03 25 10 11 18 37 133
4 0 109 99 03 25 10 11 18 38 332
4 0 108 99 03 25 10 11 18 39 132
4 0 107 99 03 25 10 11 18 40 331
4 0 106 99 03 25 10 11 18 41 131
4 0 105 99 03 25 10 11 18 42 331
4 0 104 99 03 25 10 11 18 43 130
4 0 104 99 03 25 10 11 18 44 330
4 0 103 99 03 25 10 11 18 45 130
4 0 103 99 03 25 10 11 18 46 329
4 0 103 99 03 25 10 11 18 47 129
4 0 102 99 03 25 10 11 18 48 329
4 0 100 99 03 25 10 11 18 51 128
4 0 100 99 03 25 10 11 18 52 327
4 0 101 99 03 25 10 11 18 53 127
4 0 102 99 03 25 10 11 18 54 326
4 0 102 99 03 25 10 11 18 55 126
4 0 102 99 03 25 10 11 18 56 326
4 0 102 99 03 25 10 11 18 57 125
4 0 101 99 03 25 10 11 19 0 324
4 0 101 99 03 25 10 11 19 1 124
4 0 101 99 03 25 10 11 19 3 123
4 0 101 99 03 25 10 11 19 4 323
4 0 100 99 03 25 10 11 19 5 123
4 0 100 99 03 25 10 11 19 6 322
4 0 99 99 03 25 10 11 19 8 321
