4 0 129 97 01 25 10 15 25 55 274
4 0 129 97 01 25 10 15 25 56 473
4 0 129 97 03 25 10 15 25 57 273
4 0 129 97 03 25 10 15 25 59 174
4 0 129 97 03 25 10 15 26 0 371
4 1 129 97 03 25 10 15 26 1 171
4 1 129 97 03 25 10 15 26 2 370
4 1 129 97 03 25 10 15 26 3 469
4 1 129 97 03 25 10 15 26 5 368
4 1 129 97 03 25 10 15 26 6 168
4 1 129 97 03 25 10 15 26 7 268
4 1 129 97 03 25 10 15 26 8 467
4 0 129 97 03 25 10 15 26 9 166
4 0 129 97 03 25 10 15 26 10 366
4 0 129 97 03 25 10 15 26 11 465
4 0 129 97 03 25 10 15 26 12 264
4 0 129 97 03 25 10 15 26 13 464
4 0 128 97 03 25 10 15 26 14 263
4 0 128 97 03 25 10 15 26 15 462
4 0 128 97 03 25 10 15 26 16 262
4 0 128 97 03 25 10 15 26 17 362
4 0 128 97 03 25 10 15 26 18 161
4 0 127 97 03 25 10 15 26 19 361
4 0 127 97 03 25 10 15 26 20 161
4 0 126 97 03 25 10 15 26 21 360
4 0 126 97 03 25 10 15 26 23 260
4 0 126 97 03 25 10 15 26 24 460
4 0 126 97 03 25 10 15 26 25 259
4 0 126 97 03 25 10 15 26 26 459
4 0 125 97 03 25 10 15 26 27 259
4 0 125 97 03 25 10 15 26 28 458
4 0 125 97 03 25 10 15 26 29 258
4 0 124 97 03 25 10 15 26 30 457
4 0 124 97 03 25 10 15 26 31 257
4 0 123 97 03 25 10 15 26 32 457
4 0 122 97 03 25 10 15 26 33 256
4 0 121 97 03 25 10 15 26 34 456
4 0 120 97 03 25 10 15 26 35 255
4 0 118 97 03 25 10 15 26 36 455
4 0 116 97 03 25 10 15 26 37 254
4 0 115 97 03 25 10 15 26 38 453
4 0 112 97 03 25 10 15 26 39 253
4 0 110 97 03 25 10 15 26 40 452
4 0 108 97 03 25 10 15 26 41 252
4 0 106 97 03 25 10 15 26 42 451
4 0 105 97 03 25 10 15 26 43 250
4 0 103 97 03 25 10 15 26 44 450
4 0 102 97 03 25 10 15 26 45 249
4 0 101 97 03 25 10 15 26 46 449
4 0 100 97 03 25 10 15 26 47 248
4 0 99 97 03 25 10 15 26 48 448
4 0 97 97 03 25 10 15 26 49 247
4 0 96 97 03 25 10 15 26 50 446
4 0 94 97 03 25 10 15 26 51 246
4 0 93 97 03 25 10 15 26 52 445
4 0 91 97 03 25 10 15 26 53 245
4 0 90 97 03 25 10 15 26 54 444
4 0 89 97 03 25 10 15 26 55 243
4 0 88 97 03 25 10 15 26 56 443
4 0 86 97 03 25 10 15 26 57 243
4 0 85 97 03 25 10 15 26 58 442
4 0 84 97 03 25 10 15 26 59 241
4 0 83 97 03 25 10 15 27 0 440
4 0 83 97 03 25 10 15 27 1 240
4 0 83 97 03 25 10 15 27 2 439
4 0 85 97 03 25 10 15 27 3 238
4 0 86 97 03 25 10 15 27 4 438
4 0 86 97 03 25 10 15 27 5 237
4 0 86 97 03 25 10 15 27 6 436
4 0 86 97 03 25 10 15 27 7 236
4 0 86 97 03 25 10 15 27 9 235
4 0 86 97 03 25 10 15 27 10 434
4 0 86 97 03 25 10 15 27 11 234
4 0 86 97 03 25 10 15 27 12 434
4 0 86 97 03 25 10 15 27 13 234
4 0 86 97 03 25 10 15 27 14 433
4 0 86 97 03 25 10 15 27 15 533
4 0 86 97 03 25 10 15 27 16 332
4 0 86 97 03 25 10 15 27 17 532
4 0 86 97 03 25 10 15 27 18 332
4 0 86 97 03 25 10 15 27 19 432
4 0 86 97 03 25 10 15 27 20 231
4 0 86 97 03 25 10 15 27 21 431
4 0 86 97 03 25 10 15 27 22 231
4 0 86 97 03 25 10 15 27 23 330
4 0 86 97 03 25 10 15 27 24 530
4 0 86 97 03 25 10 15 27 25 230
4 0 85 97 03 25 10 15 27 26 429
4 0 85 97 03 25 10 15 27 27 528
4 0 85 97 03 25 10 15 27 28 328
4 0 85 97 03 25 10 15 27 30 227
4 0 85 97 03 25 10 15 27 31 326
4 0 85 97 03 25 10 15 27 32 526
4 0 85 97 03 25 10 15 27 33 225
4 0 85 97 03 25 10 15 27 34 425
4 0 85 97 03 25 10 15 27 35 524
4 0 85 97 03 25 10 15 27 36 324
4 0 85 97 03 25 10 15 27 37 524
4 0 85 97 03 25 10 15 27 38 322
4 0 85 97 03 25 10 15 27 39 522
4 0 85 97 03 25 10 15 27 40 321
4 0 85 97 03 25 10 15 27 41 421
4 0 85 97 03 25 10 15 27 42 220
4 0 85 97 03 25 10 15 27 43 420
4 0 85 97 03 25 10 15 27 44 219
4 0 85 97 03 25 10 15 27 45 419
4 0 85 97 03 25 10 15 27 46 219
4 0 85 97 03 25 10 15 27 47 318
4 0 85 97 03 25 10 15 27 48 518
4 0 85 97 03 25 10 15 27 49 317
4 0 86 97 03 25 10 15 27 50 517
4 0 86 97 03 25 10 15 27 51 317
4 0 87 97 03 25 10 15 27 52 516
4 0 86 97 03 25 10 15 27 53 316
4 0 86 97 03 25 10 15 27 54 515
4 0 86 97 03 25 10 15 27 55 215
4 0 86 97 03 25 10 15 27 56 414
4 0 85 97 03 25 10 15 27 57 214
4 0 85 97 03 25 10 15 27 58 414
4 0 86 97 03 25 10 15 27 59 213
4 0 85 97 03 25 10 15 28 0 413
4 0 85 97 03 25 10 15 28 1 612
4 0 86 97 03 25 10 15 28 2 412
4 0 86 97 03 25 10 15 28 3 212
4 0 86 97 03 25 10 15 28 4 412
4 0 87 97 03 25 10 15 28 5 210
4 0 87 97 03 25 10 15 28 6 410
4 0 88 97 03 25 10 15 28 7 210
4 0 87 97 03 25 10 15 28 8 409
4 0 87 97 03 25 10 15 28 9 208
4 0 87 97 03 25 10 15 28 10 407
4 0 90 97 03 25 10 15 28 11 207
4 0 92 97 03 25 10 15 28 12 406
4 0 91 97 03 25 10 15 28 13 206
4 0 92 97 03 25 10 15 28 14 405
4 0 92 97 03 25 10 15 28 15 205
4 0 92 97 03 25 10 15 28 16 404
4 0 92 97 03 25 10 15 28 17 204
4 0 92 97 03 25 10 15 28 18 403
4 0 92 97 03 25 10 15 28 19 202
4 0 92 97 03 25 10 15 28 20 402
4 0 91 97 03 25 10 15 28 21 201
4 0 91 97 03 25 10 15 28 22 401
4 0 91 97 03 25 10 15 28 23 200
4 0 91 97 03 25 10 15 28 24 400
4 0 91 97 03 25 10 15 28 25 200
4 0 91 97 03 25 10 15 28 26 399
4 0 91 97 03 25 10 15 28 27 199
4 0 91 97 03 25 10 15 28 28 398
4 0 91 97 03 25 10 15 28 29 198
4 0 91 97 03 25 10 15 28 30 398
4 0 91 97 03 25 10 15 28 31 197
4 0 91 97 03 25 10 15 28 33 496
4 0 91 97 03 25 10 15 28 34 696
4 0 91 97 03 25 10 15 28 35 496
4 0 91 97 03 25 10 15 28 36 295
4 0 91 97 03 25 10 15 28 37 395
4 0 91 97 03 25 10 15 28 38 195
4 0 91 97 03 25 10 15 28 39 394
4 0 91 97 03 25 10 15 28 40 194
4 0 91 97 03 25 10 15 28 42 493
4 0 91 97 03 25 10 15 28 43 193
4 0 91 97 03 25 10 15 28 44 392
4 0 91 97 03 25 10 15 28 45 492
4 0 91 97 03 25 10 15 28 46 292
4 0 91 97 03 25 10 15 28 47 391
4 0 91 97 03 25 10 15 28 48 191
4 0 91 97 03 25 10 15 28 49 291
4 0 91 97 03 25 10 15 28 50 490
4 0 91 97 03 25 10 15 28 51 190
4 0 91 97 03 25 10 15 28 52 390
4 0 91 97 03 25 10 15 28 53 489
4 0 91 97 03 25 10 15 28 54 289
4 0 91 97 03 25 10 15 28 55 489
4 0 91 97 03 25 10 15 28 56 288
4 0 91 97 03 25 10 15 28 57 888
4 0 91 97 03 25 10 15 28 58 288
4 0 91 97 03 25 10 15 28 59 387
4 0 91 97 03 25 10 15 29 0 187
4 0 91 97 03 25 10 15 29 1 387
4 0 91 97 03 25 10 15 29 2 186
4 0 91 97 03 25 10 15 29 3 386
4 0 91 97 03 25 10 15 29 4 186
4 0 91 97 03 25 10 15 29 5 285
4 0 91 97 03 25 10 15 29 6 485
4 0 91 97 03 25 10 15 29 7 285
4 0 91 97 03 25 10 15 29 8 484
4 0 91 97 03 25 10 15 29 9 284
4 0 91 97 03 25 10 15 29 10 483
4 0 91 97 03 25 10 15 29 11 183
4 0 91 97 03 25 10 15 29 12 383
4 0 91 97 03 25 10 15 29 13 182
4 0 91 97 03 25 10 15 29 14 382
4 0 91 97 03 25 10 15 29 15 182
4 0 91 97 03 25 10 15 29 16 381
4 0 91 97 03 25 10 15 29 17 481
4 0 91 97 03 25 10 15 29 18 281
4 0 91 97 03 25 10 15 29 19 480
4 0 91 97 03 25 10 15 29 20 280
4 0 91 97 03 25 10 15 29 21 479
4 0 91 97 03 25 10 15 29 22 279
4 0 91 97 03 25 10 15 29 23 479
4 0 91 97 03 25 10 15 29 24 278
4 0 91 97 03 25 10 15 29 25 478
4 0 91 97 03 25 10 15 29 26 277
4 0 91 97 03 25 10 15 29 27 477
4 0 91 97 03 25 10 15 29 28 277
4 0 91 97 03 25 10 15 29 29 476
4 0 92 97 03 25 10 15 29 30 276
4 0 92 97 03 25 10 15 29 31 476
4 0 92 97 03 25 10 15 29 32 275
4 0 92 97 03 25 10 15 29 33 475
4 0 92 97 03 25 10 15 29 34 274
4 0 93 97 03 25 10 15 29 36 274
4 0 93 97 03 25 10 15 29 37 473
4 0 93 97 03 25 10 15 29 38 273
4 0 93 97 03 25 10 15 29 39 472
4 0 94 97 03 25 10 15 29 40 272
4 0 94 97 03 25 10 15 29 41 472
4 0 94 97 03 25 10 15 29 42 271
4 0 94 97 03 25 10 15 29 43 470
4 0 93 97 03 25 10 15 29 44 270
4 0 93 97 03 25 10 15 29 46 268
4 0 93 97 03 25 10 15 29 47 467
4 0 93 97 03 25 10 15 29 48 267
4 0 93 97 03 25 10 15 29 49 466
4 0 93 97 03 25 10 15 29 50 266
4 0 93 97 03 25 10 15 29 51 465
4 0 93 97 03 25 10 15 29 52 264
4 0 93 97 03 25 10 15 29 53 463
4 0 93 97 03 25 10 15 29 54 263
4 0 93 97 03 25 10 15 29 55 462
4 0 92 97 03 25 10 15 29 56 262
4 0 92 97 03 25 10 15 29 57 461
4 0 92 97 03 25 10 15 29 58 261
4 0 92 97 03 25 10 15 29 59 461
4 0 92 97 03 25 10 15 30 0 260
4 0 92 97 03 25 10 15 30 1 460
4 0 92 97 03 25 10 15 30 2 259
4 0 92 97 03 25 10 15 30 3 459
4 0 92 97 03 25 10 15 30 4 258
4 0 91 97 03 25 10 15 30 5 458
4 0 92 97 03 25 10 15 30 6 258
4 0 92 97 03 25 10 15 30 7 357
4 0 92 97 03 25 10 15 30 8 157
4 0 92 97 03 25 10 15 30 9 357
4 0 92 97 03 25 10 15 30 10 156
4 0 93 97 03 25 10 15 30 11 256
4 0 93 97 03 25 10 15 30 12 455
4 0 93 97 03 25 10 15 30 14 454
4 0 93 97 03 25 10 15 30 15 154
4 0 93 97 03 25 10 15 30 16 354
4 0 93 97 03 25 10 15 30 17 454
4 0 93 97 03 25 10 15 30 18 253
4 0 92 97 03 25 10 15 30 19 353
4 0 92 97 03 25 10 15 30 20 152
4 0 92 97 03 25 10 15 30 21 252
4 0 92 97 03 25 10 15 30 22 451
4 0 91 97 03 25 10 15 30 23 152
4 0 91 97 03 25 10 15 30 24 350
4 0 90 97 03 25 10 15 30 25 449
4 0 90 97 03 25 10 15 30 26 649
4 0 89 97 03 25 10 15 30 27 348
4 0 88 97 03 25 10 15 30 28 148
4 0 88 97 03 25 10 15 30 29 347
4 0 88 97 03 25 10 15 30 30 147
4 0 88 97 03 25 10 15 30 31 346
4 0 89 97 03 25 10 15 30 32 545
4 0 89 97 03 25 10 15 30 33 245
4 0 89 97 03 25 10 15 30 34 444
4 0 89 97 03 25 10 15 30 35 244
4 0 90 97 03 25 10 15 30 36 443
4 0 90 97 03 25 10 15 30 37 243
4 0 90 97 03 25 10 15 30 38 442
4 0 90 97 03 25 10 15 30 39 142
4 0 90 97 03 25 10 15 30 40 341
4 0 90 97 03 25 10 15 30 41 141
4 0 90 97 03 25 10 15 30 42 340
4 0 90 97 03 25 10 15 30 43 140
4 0 90 97 03 25 10 15 30 44 340
4 0 90 97 03 25 10 15 30 46 339
4 0 90 97 03 25 10 15 30 47 139
4 0 90 97 03 25 10 15 30 48 338
4 0 90 97 03 25 10 15 30 49 138
4 0 90 97 03 25 10 15 30 50 338
4 0 90 97 03 25 10 15 30 51 138
4 0 90 97 03 25 10 15 30 52 337
4 0 89 97 03 25 10 15 30 53 136
4 0 89 97 03 25 10 15 30 54 336
4 0 90 97 03 25 10 15 30 55 136
4 0 90 97 03 25 10 15 30 56 335
4 0 90 97 03 25 10 15 30 58 334
4 0 89 97 03 25 10 15 30 59 134
4 0 89 97 03 25 10 15 31 0 333
4 0 89 97 03 25 10 15 31 1 133
4 0 90 97 03 25 10 15 31 2 332
4 0 91 97 03 25 10 15 31 3 131
4 0 91 97 03 25 10 15 31 4 331
