173.0 1030.0 0.01 0.0 10:22:38
354.0 1025.0 0.01 0.0 10:23:4
435.0 1305.0 0.01 0.0 10:23:28
527.0 1036.0 0.01 0.0 10:24:20
539.0 1087.0 0.01 0.0 10:24:36
546.0 1049.0 0.01 0.0 10:25:2
595.0 1091.0 0.01 0.0 10:25:26
590.0 956.0 0.01 0.0 10:26:8
579.0 931.0 0.01 0.0 10:26:28
564.0 910.0 0.01 0.0 10:26:52
592.0 947.0 0.01 0.0 10:27:16
595.0 992.0 0.01 0.0 10:27:40
511.0 1418.0 0.01 54.88 10:28:4
277.0 1151.0 0.01 0.0 10:28:30
157.0 891.0 0.01 0.0 10:28:54
92.0 771.0 0.01 0.0 10:29:30
13.0 641.0 0.01 0.0 10:29:46
0.0 704.0 0.01 0.0 10:30:12
0.0 599.0 0.01 0.0 10:30:24
10.0 691.0 0.01 0.0 10:31:6
17.0 718.0 0.01 0.0 10:31:30
16.0 634.0 0.01 0.0 10:31:52
9.0 726.0 0.01 0.0 10:32:14
5.0 606.0 0.01 0.0 10:32:40
7.0 634.0 0.01 0.0 10:33:4
2.0 739.0 0.01 0.0 10:33:28
4.0 543.0 0.01 0.0 10:33:52
12.0 650.0 0.01 0.0 10:35:0
24.0 628.0 0.01 0.0 10:35:8
27.0 656.0 0.01 0.0 10:35:32
6.0 617.0 0.01 0.0 10:36:6
0.0 652.0 0.01 0.0 10:36:38
0.0 605.0 0.01 0.0 10:37:2
12.0 625.0 0.01 0.0 10:37:18
138.0 728.0 0.01 0.0 10:37:42
232.0 713.0 0.01 0.0 10:38:6
219.0 671.0 0.01 0.0 10:38:26
383.0 667.0 0.01 0.0 10:39:16
344.0 641.0 0.01 0.0 10:41:2
377.0 667.0 0.01 0.0 10:41:6
357.0 634.0 0.01 0.0 10:41:32
352.0 606.0 0.01 0.0 10:42:12
252.0 670.0 0.01 0.0 10:42:50
178.0 666.0 0.01 0.0 10:43:2
122.0 621.0 0.01 0.0 10:43:28
86.0 596.0 0.01 0.0 10:43:58
66.0 642.0 0.01 0.0 10:44:18
63.0 536.0 0.01 0.0 10:44:38
35.0 623.0 0.01 0.0 10:45:2
31.0 733.0 0.01 0.0 10:45:30
30.0 559.0 0.01 0.0 10:46:6
16.0 649.0 0.01 54.88 10:46:26
27.0 569.0 0.01 0.0 10:46:50
11.0 650.0 0.01 0.0 10:47:14
0.0 603.0 0.01 0.0 10:47:38
0.0 737.0 0.01 0.0 10:48:2
33.0 905.0 0.01 0.0 10:48:48
158.0 933.0 0.01 0.0 10:49:18
312.0 1072.0 0.01 0.0 10:49:40
363.0 917.0 0.01 0.0 10:50:10
187.0 724.0 0.01 0.0 10:51:6
213.0 652.0 0.01 0.0 10:52:2
219.0 642.0 0.01 0.0 10:52:14
250.0 652.0 0.01 0.0 10:52:40
307.0 632.0 0.01 0.0 10:53:4
312.0 668.0 0.01 0.0 10:53:42
337.0 604.0 0.01 0.0 10:53:54
160.0 660.0 0.01 0.0 10:54:18
102.0 618.0 0.01 0.0 10:54:38
24.0 684.0 0.01 0.0 10:55:30
6.0 676.0 0.01 0.0 10:56:6
0.0 719.0 0.01 0.0 10:56:46
0.0 700.0 0.01 0.0 10:56:54
0.0 528.0 0.01 0.0 10:57:20
0.0 637.0 0.01 0.0 10:57:44
32.0 622.0 0.01 0.0 10:58:4
19.0 615.0 0.01 0.0 10:58:36
14.0 784.0 0.01 0.0 10:58:48
5.0 557.0 0.01 0.0 10:59:12
0.0 628.0 0.01 0.0 10:59:36
0.0 612.0 0.01 0.0 11:0:0
1.0 632.0 0.01 0.0 11:0:24
24.0 680.0 0.01 0.0 11:1:0
27.0 863.0 0.01 0.0 11:1:24
88.0 874.0 0.01 0.0 11:2:4
155.0 732.0 0.01 0.0 11:2:16
125.0 616.0 0.01 0.0 11:2:42
72.0 668.0 0.01 0.0 11:3:0
59.0 617.0 0.01 0.0 11:3:24
279.0 611.0 0.01 0.0 11:4:24
292.0 651.0 0.01 0.0 11:4:40
254.0 625.0 0.01 0.0 11:5:4
389.0 641.0 0.01 0.0 11:5:44
161.0 748.0 0.01 0.0 11:7:0
86.0 690.0 0.01 0.0 11:7:16
58.0 648.0 0.01 0.0 11:7:40
50.0 655.0 0.01 0.0 11:8:8
4.0 629.0 0.01 0.0 11:9:16
5.0 602.0 0.01 54.88 11:10:10
2.0 707.0 0.01 0.0 11:10:40
12.0 703.0 0.01 0.0 11:11:28
4.0 635.0 0.01 54.88 11:11:52
17.0 681.0 0.01 0.0 11:12:20
17.0 714.0 0.01 0.0 11:12:56
1.0 682.0 0.01 0.0 11:13:0
0.0 715.0 0.01 0.0 11:13:24
124.0 693.0 0.01 0.0 11:14:38
217.0 679.0 0.01 0.0 11:15:8
90.0 698.0 0.01 0.0 11:16:32
65.0 505.0 0.01 0.0 11:17:18
66.0 658.0 0.01 0.0 11:17:40
68.0 658.0 0.01 0.0 11:18:6
114.0 645.0 0.01 0.0 11:19:4
117.0 641.0 0.01 0.0 11:19:18
182.0 667.0 0.01 0.0 11:19:42
147.0 686.0 0.01 0.0 11:20:10
92.0 631.0 0.01 0.0 11:20:52
49.0 582.0 0.01 0.0 11:21:6
53.0 663.0 0.01 0.0 11:21:28
29.0 622.0 0.01 0.0 11:22:0
2.0 636.0 0.01 0.0 11:22:14
0.0 551.0 0.01 0.0 11:22:40
0.0 531.0 0.01 0.0 11:23:4
4.0 606.0 0.01 0.0 11:23:24
2.0 707.0 0.01 0.0 11:23:52
15.0 657.0 0.01 0.0 11:24:22
33.0 589.0 0.01 0.0 11:24:50
20.0 672.0 0.01 0.0 11:25:2
16.0 628.0 0.01 0.0 11:25:26
20.0 687.0 0.01 0.0 11:26:6
37.0 588.0 0.01 0.0 11:26:30
47.0 632.0 0.01 0.0 11:26:54
142.0 623.0 0.01 0.0 11:27:14
213.0 619.0 0.01 0.0 11:27:40
171.0 612.0 0.01 0.0 11:28:6
77.0 575.0 0.01 0.0 11:28:48
46.0 613.0 0.01 0.0 11:29:12
46.0 683.0 0.01 0.0 11:30:0
97.0 653.0 0.01 0.0 11:30:28
105.0 686.0 0.01 0.0 11:31:4
58.0 606.0 0.01 0.0 11:31:28
36.0 695.0 0.01 0.0 11:31:52
20.0 584.0 0.01 0.0 11:32:14
31.0 568.0 0.01 0.0 11:32:38
33.0 673.0 0.01 0.0 11:33:12
47.0 628.0 0.01 0.0 11:33:28
91.0 857.0 0.01 0.0 11:33:52
212.0 948.0 0.01 0.0 11:34:20
161.0 796.0 0.01 0.0 11:34:38
109.0 847.0 0.01 0.0 11:35:4
91.0 772.0 0.01 0.0 11:35:28
71.0 680.0 0.01 0.0 11:36:4
155.0 670.0 0.01 0.0 11:36:32
241.0 726.0 0.01 0.0 11:36:52
297.0 725.0 0.01 0.0 11:37:18
361.0 701.0 0.01 0.0 11:37:50
366.0 707.0 0.01 0.0 11:38:12
502.0 640.0 0.01 0.0 11:38:28
500.0 572.0 0.01 54.88 11:38:50
223.0 564.0 0.01 0.0 11:39:26
125.0 635.0 0.01 0.0 11:39:38
96.0 584.0 0.01 0.0 11:40:6
76.0 649.0 0.01 0.0 11:40:30
53.0 663.0 0.01 54.88 11:41:4
38.0 604.0 0.01 0.0 11:41:24
29.0 700.0 0.01 0.0 11:41:52
22.0 640.0 0.01 0.0 11:42:36
6.0 672.0 0.01 0.0 11:43:8
11.0 671.0 0.01 0.0 11:43:38
21.0 630.0 0.01 0.0 11:43:50
26.0 557.0 0.01 0.0 11:44:16
9.0 669.0 0.01 0.0 11:44:40
17.0 619.0 0.01 0.0 11:45:4
28.0 649.0 0.01 0.0 11:45:30
38.0 602.0 0.01 0.0 11:46:11
9.0 645.0 0.01 0.0 11:46:49
3.0 571.0 0.01 0.0 11:47:17
2.0 619.0 0.01 0.0 11:47:39
0.0 647.0 0.01 0.0 11:48:5
18.0 717.0 0.01 0.0 11:48:25
2.0 573.0 0.01 0.0 11:48:57
1.0 595.0 0.01 0.0 11:49:25
5.0 683.0 0.01 0.0 11:49:41
4.0 643.0 0.01 0.0 11:50:1
12.0 663.0 0.01 0.0 11:50:25
10.0 741.0 0.01 0.0 11:51:5
4.0 591.0 0.01 0.0 11:51:29
3.0 541.0 0.01 0.0 11:51:47
7.0 675.0 0.01 0.0 11:52:17
23.0 618.0 0.01 0.0 11:52:41
107.0 755.0 0.01 0.0 11:53:5
182.0 781.0 0.01 0.0 11:53:23
199.0 704.0 0.01 0.0 11:53:47
192.0 691.0 0.01 0.0 11:54:13
369.0 696.0 0.01 0.0 11:54:47
691.0 666.0 0.01 0.0 11:55:41
605.0 675.0 0.01 0.0 11:56:5
439.0 631.0 0.01 0.0 11:56:41
349.0 638.0 0.01 0.0 11:56:49
240.0 660.0 0.01 0.0 11:57:13
339.0 764.0 0.01 0.0 11:57:39
299.0 736.0 0.01 0.0 11:58:3
259.0 814.0 0.01 0.0 11:58:23
219.0 731.0 0.01 0.0 11:58:49
185.0 700.0 0.01 0.0 11:59:13
207.0 738.0 0.01 0.0 11:59:45
242.0 804.0 0.01 0.0 12:0:3