16.0 17.0 18.0 10:22:38
16.0 17.0 18.0 10:23:4
23.0 25.0 26.0 10:23:28
16.0 17.0 17.0 10:24:8
16.0 17.0 17.0 10:24:20
13.0 15.0 16.0 10:24:36
13.0 15.0 16.0 10:25:2
13.0 15.0 16.0 10:25:26
13.0 15.0 16.0 10:26:8
13.0 14.0 14.0 10:26:28
16.0 17.0 18.0 10:26:52
18.0 19.0 19.0 10:27:16
16.0 17.0 18.0 10:27:40
16.0 17.0 18.0 10:28:4
21.0 22.0 22.0 10:28:30
11.0 12.0 13.0 10:28:54
11.0 12.0 13.0 10:29:30
30.0 32.0 32.0 10:29:46
30.0 32.0 32.0 10:30:12
30.0 32.0 32.0 10:30:24
33.0 35.0 35.0 10:31:6
35.0 37.0 38.0 10:31:30
34.0 36.0 36.0 10:31:52
31.0 33.0 33.0 10:32:14
31.0 32.0 32.0 10:32:40
31.0 32.0 32.0 10:33:4
29.0 30.0 31.0 10:33:52
29.0 30.0 31.0 10:34:16
25.0 27.0 27.0 10:35:8
25.0 27.0 27.0 10:35:32
25.0 27.0 28.0 10:36:6
28.0 30.0 30.0 10:36:38
31.0 33.0 33.0 10:37:2
30.0 32.0 32.0 10:37:18
28.0 31.0 33.0 10:37:42
28.0 31.0 33.0 10:38:6
29.0 30.0 30.0 10:38:26
34.0 36.0 36.0 10:39:6
29.0 32.0 35.0 10:41:6
44.0 47.0 47.0 10:41:32
28.0 31.0 32.0 10:42:12
30.0 32.0 32.0 10:42:50
30.0 32.0 32.0 10:43:2
23.0 26.0 28.0 10:43:28
40.0 45.0 47.0 10:44:18
30.0 32.0 32.0 10:44:38
30.0 33.0 33.0 10:45:2
30.0 33.0 33.0 10:45:30
37.0 39.0 39.0 10:46:6
33.0 36.0 37.0 10:46:26
35.0 37.0 37.0 10:46:50
42.0 44.0 44.0 10:47:14
39.0 41.0 41.0 10:47:38
39.0 41.0 41.0 10:48:2
32.0 34.0 34.0 10:48:28
40.0 44.0 45.0 10:48:48
40.0 44.0 45.0 10:49:18
37.0 39.0 39.0 10:49:40
36.0 40.0 42.0 10:50:10
36.0 40.0 42.0 10:50:24
35.0 37.0 37.0 10:51:46
35.0 37.0 37.0 10:52:2
34.0 37.0 40.0 10:52:14
31.0 33.0 33.0 10:52:40
31.0 33.0 33.0 10:53:4
30.0 33.0 35.0 10:53:42
37.0 41.0 43.0 10:53:54
37.0 41.0 43.0 10:54:18
29.0 32.0 34.0 10:54:38
29.0 32.0 34.0 10:55:26
29.0 32.0 34.0 10:55:30
23.0 25.0 26.0 10:56:6
36.0 38.0 38.0 10:56:54
32.0 34.0 35.0 10:57:20
30.0 32.0 32.0 10:57:44
30.0 32.0 32.0 10:58:4
28.0 31.0 33.0 10:58:36
31.0 34.0 35.0 10:58:48
31.0 34.0 35.0 10:59:12
33.0 36.0 36.0 10:59:36
33.0 36.0 36.0 11:0:0
33.0 36.0 36.0 11:0:24
35.0 39.0 42.0 11:1:0
40.0 44.0 45.0 11:1:24
35.0 38.0 38.0 11:2:4
36.0 38.0 38.0 11:2:16
35.0 37.0 37.0 11:2:42
33.0 35.0 35.0 11:3:24
37.0 39.0 39.0 11:3:58
37.0 39.0 39.0 11:4:24
35.0 37.0 38.0 11:4:40
35.0 37.0 38.0 11:5:4
35.0 37.0 38.0 11:5:44
34.0 37.0 38.0 11:6:28
38.0 40.0 40.0 11:7:16
35.0 37.0 37.0 11:7:40
35.0 37.0 37.0 11:8:8
35.0 37.0 37.0 11:8:30
31.0 34.0 36.0 11:8:58
31.0 34.0 36.0 11:9:16
33.0 35.0 36.0 11:10:40
41.0 43.0 43.0 11:11:4
34.0 37.0 38.0 11:11:28
41.0 43.0 43.0 11:11:52
32.0 33.0 33.0 11:12:20
38.0 40.0 40.0 11:13:0
40.0 44.0 46.0 11:13:24
38.0 40.0 40.0 11:13:48
38.0 40.0 40.0 11:14:22
39.0 42.0 42.0 11:14:38
39.0 42.0 42.0 11:15:38
35.0 37.0 37.0 11:16:32
38.0 40.0 40.0 11:16:58
30.0 33.0 34.0 11:17:18
34.0 36.0 36.0 11:17:40
34.0 36.0 36.0 11:18:6
36.0 40.0 42.0 11:18:38
34.0 37.0 38.0 11:19:4
34.0 37.0 38.0 11:19:18
30.0 32.0 34.0 11:19:42
30.0 32.0 34.0 11:20:10
30.0 32.0 34.0 11:20:52
40.0 42.0 42.0 11:21:6
37.0 39.0 39.0 11:21:28
31.0 33.0 33.0 11:22:0
39.0 41.0 41.0 11:22:14
32.0 34.0 34.0 11:22:40
32.0 34.0 34.0 11:23:4
27.0 31.0 33.0 11:23:24
32.0 34.0 34.0 11:23:52
32.0 34.0 34.0 11:24:22
36.0 38.0 38.0 11:24:50
36.0 38.0 38.0 11:25:2
36.0 38.0 38.0 11:25:26
36.0 38.0 38.0 11:26:6
29.0 30.0 30.0 11:26:30
36.0 38.0 39.0 11:26:54
38.0 42.0 43.0 11:27:14
39.0 41.0 41.0 11:27:40
39.0 41.0 41.0 11:28:6
25.0 26.0 26.0 11:28:36
34.0 36.0 36.0 11:28:48
34.0 36.0 36.0 11:29:12
33.0 35.0 36.0 11:30:0
33.0 35.0 36.0 11:30:28
32.0 34.0 34.0 11:31:28
29.0 31.0 31.0 11:32:14
37.0 39.0 39.0 11:32:38
37.0 39.0 39.0 11:33:12
31.0 32.0 32.0 11:33:28
36.0 38.0 38.0 11:33:52
36.0 38.0 38.0 11:34:20
47.0 52.0 54.0 11:34:38
47.0 52.0 54.0 11:35:4
47.0 52.0 54.0 11:35:28
32.0 34.0 34.0 11:36:4
36.0 38.0 39.0 11:36:32
41.0 44.0 44.0 11:36:52
47.0 49.0 49.0 11:37:18
33.0 35.0 35.0 11:37:50
33.0 35.0 35.0 11:38:12
41.0 43.0 43.0 11:38:28
35.0 38.0 40.0 11:38:50
35.0 38.0 40.0 11:39:26
30.0 32.0 32.0 11:39:38
30.0 32.0 32.0 11:40:6
30.0 32.0 32.0 11:40:30
30.0 31.0 31.0 11:41:4
41.0 45.0 46.0 11:41:24
35.0 37.0 37.0 11:41:52
26.0 28.0 29.0 11:42:16
30.0 32.0 32.0 11:42:36
30.0 32.0 32.0 11:43:8
27.0 29.0 29.0 11:43:38
32.0 34.0 34.0 11:43:50
32.0 35.0 35.0 11:44:16
24.0 27.0 29.0 11:44:40
24.0 27.0 29.0 11:45:4
24.0 27.0 29.0 11:45:30
34.0 37.0 38.0 11:46:37
32.0 34.0 34.0 11:46:49
29.0 31.0 32.0 11:47:17
30.0 32.0 32.0 11:47:39
30.0 32.0 32.0 11:48:5
33.0 35.0 35.0 11:48:25
34.0 37.0 38.0 11:49:25
32.0 34.0 34.0 11:49:41
32.0 34.0 34.0 11:50:1
32.0 34.0 34.0 11:50:25
28.0 31.0 31.0 11:51:5
41.0 45.0 47.0 11:51:29
30.0 32.0 32.0 11:51:47
33.0 36.0 38.0 11:52:17
34.0 36.0 36.0 11:52:41
34.0 36.0 36.0 11:53:5
35.0 37.0 38.0 11:53:23
33.0 35.0 35.0 11:53:47
33.0 35.0 35.0 11:54:13
31.0 33.0 33.0 11:54:47
31.0 33.0 33.0 11:55:1
31.0 33.0 33.0 11:55:41
31.0 34.0 35.0 11:56:5
36.0 38.0 38.0 11:56:49
35.0 40.0 44.0 11:57:13
31.0 32.0 32.0 11:58:3
32.0 37.0 40.0 11:58:23
35.0 37.0 37.0 11:58:49
35.0 37.0 37.0 11:59:13
22.0 23.0 23.0 11:59:45
22.0 23.0 23.0 12:0:3
