27.0 59.0 100636.0 10:22:38
27.0 59.0 100636.0 10:23:4
27.0 59.0 100636.0 10:23:28
27.0 59.0 100636.0 10:24:8
27.0 59.0 100637.0 10:24:20
27.0 60.0 100637.0 10:24:36
27.0 60.0 100637.0 10:25:2
27.0 60.0 100637.0 10:25:26
28.0 60.0 100637.0 10:26:8
28.0 60.0 100637.0 10:26:28
28.0 59.0 100637.0 10:26:52
28.0 59.0 100637.0 10:27:16
28.0 58.0 100638.0 10:27:40
29.0 58.0 100637.0 10:28:4
29.0 56.0 100637.0 10:28:30
28.0 54.0 100638.0 10:28:54
27.0 54.0 100648.0 10:29:46
26.0 55.0 100654.0 10:30:12
26.0 57.0 100660.0 10:30:24
25.0 58.0 100666.0 10:31:6
25.0 58.0 100671.0 10:31:30
25.0 59.0 100677.0 10:31:52
25.0 59.0 100682.0 10:32:14
24.0 60.0 100686.0 10:32:40
24.0 60.0 100691.0 10:33:4
24.0 61.0 100695.0 10:33:28
24.0 61.0 100698.0 10:33:52
24.0 61.0 100702.0 10:34:16
24.0 62.0 100712.0 10:35:32
24.0 62.0 100714.0 10:36:6
24.0 62.0 100717.0 10:36:38
24.0 62.0 100719.0 10:37:2
24.0 62.0 100722.0 10:37:18
24.0 62.0 100724.0 10:37:42
25.0 62.0 100726.0 10:38:6
25.0 62.0 100731.0 10:39:6
26.0 62.0 100733.0 10:39:16
26.0 60.0 100740.0 10:41:6
27.0 59.0 100742.0 10:41:32
27.0 58.0 100743.0 10:41:58
27.0 57.0 100745.0 10:42:12
27.0 57.0 100746.0 10:42:50
27.0 57.0 100747.0 10:43:2
26.0 57.0 100749.0 10:43:28
26.0 58.0 100751.0 10:44:18
26.0 58.0 100752.0 10:44:38
25.0 59.0 100753.0 10:45:2
25.0 59.0 100754.0 10:45:30
25.0 60.0 100754.0 10:46:6
25.0 60.0 100755.0 10:46:26
25.0 60.0 100755.0 10:46:50
25.0 60.0 100756.0 10:47:14
24.0 61.0 100756.0 10:47:38
24.0 61.0 100756.0 10:48:2
24.0 62.0 100756.0 10:48:28
24.0 62.0 100756.0 10:48:48
25.0 61.0 100756.0 10:49:18
25.0 61.0 100755.0 10:50:10
25.0 61.0 100755.0 10:50:24
26.0 59.0 100755.0 10:52:2
26.0 59.0 100755.0 10:52:14
26.0 58.0 100755.0 10:52:40
26.0 58.0 100755.0 10:53:4
26.0 58.0 100754.0 10:53:54
26.0 59.0 100755.0 10:54:18
26.0 59.0 100755.0 10:54:38
25.0 60.0 100757.0 10:55:30
24.0 61.0 100758.0 10:56:6
24.0 62.0 100759.0 10:56:54
24.0 62.0 100759.0 10:57:20
24.0 62.0 100759.0 10:57:44
24.0 62.0 100760.0 10:58:4
23.0 63.0 100759.0 10:58:36
24.0 63.0 100759.0 10:58:48
23.0 63.0 100760.0 10:59:12
23.0 64.0 100759.0 10:59:36
23.0 64.0 100759.0 11:0:0
23.0 64.0 100758.0 11:0:24
23.0 65.0 100758.0 11:1:0
23.0 65.0 100758.0 11:1:24
24.0 64.0 100757.0 11:2:16
24.0 64.0 100757.0 11:2:42
24.0 63.0 100756.0 11:3:0
24.0 63.0 100756.0 11:3:24
24.0 63.0 100756.0 11:3:58
25.0 62.0 100756.0 11:4:24
25.0 62.0 100756.0 11:4:40
25.0 62.0 100756.0 11:5:4
26.0 61.0 100756.0 11:5:44
26.0 60.0 100756.0 11:6:28
26.0 60.0 100756.0 11:7:0
25.0 60.0 100757.0 11:7:16
25.0 60.0 100756.0 11:7:40
24.0 61.0 100756.0 11:8:8
24.0 61.0 100755.0 11:8:30
24.0 61.0 100755.0 11:8:58
24.0 62.0 100754.0 11:9:16
23.0 63.0 100752.0 11:10:10
23.0 63.0 100751.0 11:10:40
23.0 64.0 100750.0 11:11:4
23.0 64.0 100750.0 11:11:28
23.0 64.0 100749.0 11:11:52
23.0 64.0 100748.0 11:12:20
23.0 64.0 100746.0 11:13:0
23.0 65.0 100746.0 11:13:24
23.0 64.0 100745.0 11:13:48
23.0 64.0 100744.0 11:14:22
24.0 63.0 100744.0 11:14:38
24.0 63.0 100743.0 11:15:8
24.0 63.0 100743.0 11:15:38
24.0 64.0 100742.0 11:16:6
24.0 62.0 100741.0 11:16:58
24.0 62.0 100741.0 11:17:18
24.0 62.0 100741.0 11:17:40
25.0 61.0 100741.0 11:18:38
25.0 61.0 100741.0 11:19:4
25.0 61.0 100741.0 11:19:18
25.0 61.0 100741.0 11:19:42
25.0 60.0 100741.0 11:20:10
25.0 60.0 100741.0 11:20:52
24.0 61.0 100741.0 11:21:6
24.0 61.0 100741.0 11:21:28
24.0 62.0 100741.0 11:22:0
24.0 62.0 100742.0 11:22:14
23.0 62.0 100742.0 11:22:40
23.0 63.0 100742.0 11:23:4
23.0 63.0 100742.0 11:23:24
23.0 64.0 100742.0 11:23:52
23.0 64.0 100743.0 11:24:50
23.0 65.0 100744.0 11:25:2
23.0 65.0 100744.0 11:25:26
23.0 65.0 100745.0 11:26:6
23.0 64.0 100746.0 11:26:30
23.0 64.0 100747.0 11:26:54
24.0 63.0 100748.0 11:27:14
24.0 62.0 100749.0 11:27:40
24.0 62.0 100750.0 11:28:6
24.0 62.0 100751.0 11:28:36
24.0 62.0 100752.0 11:28:48
23.0 63.0 100752.0 11:29:12
23.0 64.0 100753.0 11:29:40
23.0 64.0 100754.0 11:30:0
23.0 64.0 100755.0 11:30:28
24.0 64.0 100756.0 11:31:4
24.0 63.0 100757.0 11:31:28
24.0 63.0 100758.0 11:31:52
23.0 63.0 100758.0 11:32:14
24.0 63.0 100759.0 11:32:38
24.0 63.0 100760.0 11:33:12
24.0 63.0 100761.0 11:33:28
24.0 63.0 100762.0 11:33:52
24.0 63.0 100764.0 11:34:20
24.0 63.0 100765.0 11:34:38
24.0 63.0 100766.0 11:35:4
24.0 63.0 100767.0 11:35:28
24.0 63.0 100769.0 11:36:4
24.0 63.0 100770.0 11:36:32
25.0 62.0 100771.0 11:36:52
25.0 62.0 100772.0 11:37:18
26.0 61.0 100774.0 11:37:50
26.0 61.0 100775.0 11:38:12
26.0 61.0 100776.0 11:38:28
26.0 60.0 100777.0 11:38:50
25.0 60.0 100778.0 11:39:26
25.0 60.0 100778.0 11:39:38
24.0 61.0 100778.0 11:40:6
24.0 61.0 100777.0 11:40:30
24.0 62.0 100777.0 11:41:4
24.0 61.0 100777.0 11:41:24
24.0 62.0 100777.0 11:42:16
24.0 62.0 100777.0 11:42:36
24.0 62.0 100778.0 11:43:8
24.0 62.0 100777.0 11:43:38
24.0 62.0 100777.0 11:43:50
24.0 61.0 100777.0 11:44:16
24.0 62.0 100778.0 11:44:40
24.0 62.0 100777.0 11:45:4
24.0 62.0 100777.0 11:45:30
24.0 62.0 100778.0 11:46:11
24.0 62.0 100777.0 11:46:37
24.0 62.0 100777.0 11:46:49
24.0 62.0 100777.0 11:47:17
24.0 62.0 100777.0 11:47:39
23.0 63.0 100777.0 11:48:5
23.0 63.0 100777.0 11:48:25
23.0 63.0 100777.0 11:48:57
23.0 63.0 100777.0 11:49:25
23.0 63.0 100777.0 11:49:41
23.0 63.0 100777.0 11:50:1
23.0 63.0 100777.0 11:50:25
23.0 64.0 100778.0 11:51:5
23.0 64.0 100778.0 11:51:29
23.0 64.0 100778.0 11:51:47
23.0 64.0 100779.0 11:52:17
23.0 64.0 100779.0 11:52:41
24.0 64.0 100780.0 11:53:5
24.0 63.0 100781.0 11:53:23
24.0 62.0 100782.0 11:53:47
25.0 61.0 100783.0 11:54:13
25.0 61.0 100783.0 11:54:47
25.0 61.0 100785.0 11:55:1
25.0 61.0 100786.0 11:55:41
26.0 61.0 100787.0 11:56:5
26.0 59.0 100788.0 11:56:49
26.0 59.0 100789.0 11:57:13
26.0 58.0 100790.0 11:57:39
26.0 58.0 100791.0 11:58:3
26.0 58.0 100791.0 11:58:23
26.0 58.0 100791.0 11:58:49
25.0 58.0 100791.0 11:59:13
25.0 59.0 100787.0 11:59:45
25.0 59.0 100780.0 12:0:3
