6 6 0 0 0 0 0 0 0.0 0.0 0.0 0.0 0 0 0.0 0.0 25/10/2022 10 22 27 0.0 0.0
6 17 0 0 0 0 0 0 0.0 0.0 0.0 0.0 0 0 0.0 0.0 25/10/2022 10 22 34 45.4720833 9.2272059
6 17 27.0 59.0 100636 173 1030 0.01 0.0 16.0 17.0 18.0 1 2 2.0 2.0 25/10/2022 10 22 38 45.4720603 9.2272607
6 18 27.0 59.0 100636 354 1025 0.01 0.0 16.0 17.0 18.0 1 2 2.0 2.0 25/10/2022 10 23 4 45.4720445 9.2272776
6 19 27.0 59.0 100636 435 1305 0.01 0.0 23.0 25.0 26.0 1 2 2.0 2.0 25/10/2022 10 23 28 45.4719923 9.2273603
6 21 27.0 59.0 100636 0 0 0 0.0 16.0 17.0 17.0 1 1 0.0 1.0 25/10/2022 10 24 8 45.4719953 9.2273391
6 21 27.0 59.0 100637 527 1036 0.01 0.0 16.0 17.0 17.0 1 1 2.0 1.0 25/10/2022 10 24 20 45.4720194 9.2273182
6 22 27.0 60.0 100637 539 1087 0.01 0.0 13.0 15.0 16.0 1 2 2.0 2.0 25/10/2022 10 24 36 45.4720727 9.2272374
6 23 27.0 60.0 100637 546 1049 0.01 0.0 13.0 15.0 16.0 1 2 2.0 2.0 25/10/2022 10 25 2 45.4720683 9.2272733
6 24 27.0 60.0 100637 595 1091 0.01 0.0 13.0 15.0 16.0 1 2 2.0 2.0 25/10/2022 10 25 26 45.4719629 9.2274011
6 25 28.0 60.0 100637 590 956 0.01 0.0 13.0 15.0 16.0 1 2 1.0 2.0 25/10/2022 10 26 8 45.4719834 9.2273318
6 26 28.0 60.0 100637 579 931 0.01 0.0 13.0 14.0 14.0 1 2 2.0 2.0 25/10/2022 10 26 28 45.4720033 9.2273333
6 27 28.0 59.0 100637 564 910 0.01 0.0 16.0 17.0 18.0 1 2 2.0 2.0 25/10/2022 10 26 52 45.471965 9.2272255
6 28 28.0 59.0 100637 592 947 0.01 0.0 18.0 19.0 19.0 1 1 2.0 1.0 25/10/2022 10 27 16 45.4719297 9.2272693
