4 1 112 96 03 25 10 10 22 29 351
4 2 112 96 03 25 10 10 22 29 751
4 2 113 96 03 25 10 10 22 30 950
4 1 113 96 03 25 10 10 22 31 750
4 1 114 96 03 25 10 10 22 32 950
4 1 114 96 03 25 10 10 22 33 749
4 1 113 96 03 25 10 10 22 34 949
4 0 113 96 03 25 10 10 22 35 749
4 0 113 96 03 25 10 10 22 36 949
4 0 113 96 03 25 10 10 22 37 748
4 0 113 96 03 25 10 10 22 38 948
4 0 113 96 03 25 10 10 22 39 748
4 0 113 96 03 25 10 10 22 40 947
4 0 113 96 03 25 10 10 22 41 747
4 0 113 96 03 25 10 10 22 42 947
4 0 113 96 03 25 10 10 22 43 746
4 0 114 96 03 25 10 10 22 44 946
4 0 114 96 03 25 10 10 22 45 745
4 0 114 96 03 25 10 10 22 46 945
4 0 115 96 03 25 10 10 22 47 744
4 0 115 96 03 25 10 10 22 48 944
4 0 116 96 03 25 10 10 22 49 744
4 0 116 96 03 25 10 10 22 50 943
4 0 117 96 03 25 10 10 22 51 742
4 0 117 96 03 25 10 10 22 52 942
4 0 118 96 03 25 10 10 22 53 741
4 0 119 96 03 25 10 10 22 54 941
4 0 119 96 03 25 10 10 22 55 740
4 0 120 96 03 25 10 10 22 56 940
4 0 121 96 03 25 10 10 22 57 740
4 0 121 96 03 25 10 10 22 58 939
4 0 122 96 03 25 10 10 22 59 739
4 0 122 96 03 25 10 10 23 0 938
4 0 123 96 03 25 10 10 23 1 738
4 0 123 96 03 25 10 10 23 2 937
4 0 124 96 03 25 10 10 23 3 738
4 0 126 96 03 25 10 10 23 4 938
4 0 127 96 03 25 10 10 23 5 737
4 0 127 96 03 25 10 10 23 6 937
4 0 126 96 03 25 10 10 23 7 736
4 0 125 96 03 25 10 10 23 8 936
4 0 125 96 03 25 10 10 23 9 736
4 0 124 96 03 25 10 10 23 10 935
4 0 124 96 03 25 10 10 23 11 735
4 0 124 96 03 25 10 10 23 12 934
4 0 124 96 03 25 10 10 23 13 734
4 0 124 96 03 25 10 10 23 14 934
4 0 124 96 03 25 10 10 23 15 733
4 0 124 96 03 25 10 10 23 16 933
4 0 124 96 03 25 10 10 23 18 932
4 0 124 96 03 25 10 10 23 19 732
4 0 124 96 03 25 10 10 23 20 931
4 0 124 96 03 25 10 10 23 21 731
4 0 124 96 03 25 10 10 23 22 931
4 0 124 96 03 25 10 10 23 23 731
4 0 124 96 03 25 10 10 23 24 830
4 0 124 96 03 25 10 10 23 25 630
4 0 124 96 03 25 10 10 23 26 829
4 0 124 96 03 25 10 10 23 27 629
4 0 123 96 03 25 10 10 23 28 729
4 0 123 96 03 25 10 10 23 29 929
4 0 123 96 03 25 10 10 23 30 728
4 0 123 96 03 25 10 10 23 31 928
4 0 123 96 03 25 10 10 23 32 627
4 0 123 96 03 25 10 10 23 33 827
4 0 123 96 03 25 10 10 23 34 927
4 0 122 96 03 25 10 10 23 35 726
4 0 123 96 03 25 10 10 23 36 826
4 0 123 96 03 25 10 10 23 37 625
4 0 123 96 03 25 10 10 23 38 725
4 0 123 96 03 25 10 10 23 39 924
4 0 123 96 03 25 10 10 23 40 624
4 0 123 96 03 25 10 10 23 42 923
4 0 123 96 03 25 10 10 23 43 723
4 0 123 96 03 25 10 10 23 44 822
4 0 123 96 03 25 10 10 23 45 622
4 0 123 96 03 25 10 10 23 46 822
4 0 123 96 03 25 10 10 23 47 622
4 0 122 96 03 25 10 10 23 48 821
4 0 122 96 03 25 10 10 23 49 621
4 0 122 96 03 25 10 10 23 50 720
4 0 122 96 03 25 10 10 23 51 920
4 0 122 96 03 25 10 10 23 52 720
4 0 122 96 03 25 10 10 23 53 919
4 0 121 96 03 25 10 10 23 54 719
4 0 121 96 03 25 10 10 23 55 919
4 0 121 96 03 25 10 10 23 56 618
4 0 120 96 03 25 10 10 23 57 818
4 0 120 96 03 25 10 10 23 58 618
4 0 120 96 03 25 10 10 23 59 817
4 0 120 96 03 25 10 10 24 0 617
4 0 120 96 03 25 10 10 24 1 817
4 0 120 96 03 25 10 10 24 2 916
4 0 120 96 03 25 10 10 24 3 716
4 0 120 96 03 25 10 10 24 4 916
4 0 120 96 03 25 10 10 24 5 716
4 0 120 96 03 25 10 10 24 6 915
4 0 120 96 03 25 10 10 24 7 715
4 0 121 96 03 25 10 10 24 8 814
4 0 121 96 03 25 10 10 24 9 614
4 0 121 96 03 25 10 10 24 10 814
4 0 121 96 03 25 10 10 24 12 13
4 0 120 96 03 25 10 10 24 12 813
4 0 120 96 03 25 10 10 24 13 613
4 0 120 96 03 25 10 10 24 14 713
4 0 120 96 03 25 10 10 24 15 912
4 0 120 96 03 25 10 10 24 16 712
4 0 120 96 03 25 10 10 24 17 911
4 0 120 96 03 25 10 10 24 18 711
4 0 120 96 03 25 10 10 24 19 911
4 0 120 96 03 25 10 10 24 20 710
4 0 119 96 03 25 10 10 24 21 910
4 0 119 96 03 25 10 10 24 22 710
4 0 119 96 03 25 10 10 24 23 909
4 0 118 96 03 25 10 10 24 24 709
4 0 118 96 03 25 10 10 24 25 909
4 0 117 96 03 25 10 10 24 26 708
4 0 116 96 03 25 10 10 24 27 908
4 0 115 96 03 25 10 10 24 28 708
4 0 115 96 03 25 10 10 24 29 908
4 0 112 96 03 25 10 10 24 31 907
4 0 111 96 03 25 10 10 24 32 707
4 0 109 96 03 25 10 10 24 33 906
4 0 108 96 03 25 10 10 24 34 706
4 0 107 96 03 25 10 10 24 35 906
4 0 106 96 03 25 10 10 24 36 705
4 0 105 96 03 25 10 10 24 37 905
4 0 104 96 03 25 10 10 24 38 704
4 0 103 96 03 25 10 10 24 39 904
4 0 101 96 03 25 10 10 24 40 704
4 0 101 96 03 25 10 10 24 41 904
4 0 100 96 03 25 10 10 24 42 703
4 0 98 96 03 25 10 10 24 43 903
4 0 97 96 03 25 10 10 24 44 702
4 0 96 96 03 25 10 10 24 45 902
4 0 95 96 03 25 10 10 24 46 701
4 0 95 96 03 25 10 10 24 47 901
4 0 95 96 03 25 10 10 24 48 701
4 0 95 96 03 25 10 10 24 49 900
4 0 96 96 03 25 10 10 24 50 700
4 0 95 96 03 25 10 10 24 51 900
4 0 95 96 03 25 10 10 24 52 699
4 0 95 96 03 25 10 10 24 53 899
4 0 95 96 03 25 10 10 24 54 699
4 0 96 96 03 25 10 10 24 55 898
4 0 96 96 03 25 10 10 24 56 698
4 0 96 96 03 25 10 10 24 57 897
4 0 97 96 03 25 10 10 24 58 697
4 0 97 96 03 25 10 10 24 59 897
4 0 97 96 03 25 10 10 25 0 696
4 0 97 96 03 25 10 10 25 1 896
4 0 96 96 03 25 10 10 25 2 696
4 0 96 96 03 25 10 10 25 3 895
4 0 96 96 03 25 10 10 25 4 695
4 0 96 96 03 25 10 10 25 5 895
4 0 96 96 03 25 10 10 25 6 694
4 0 96 96 03 25 10 10 25 7 894
4 0 96 96 03 25 10 10 25 8 694
4 0 96 96 03 25 10 10 25 9 893
4 0 96 96 03 25 10 10 25 10 993
4 0 96 96 03 25 10 10 25 11 792
4 0 96 96 03 25 10 10 25 12 992
4 0 96 96 03 25 10 10 25 13 792
4 0 96 96 03 25 10 10 25 14 891
4 0 96 96 03 25 10 10 25 15 691
4 0 96 96 03 25 10 10 25 16 891
4 0 96 96 03 25 10 10 25 17 691
4 0 96 96 03 25 10 10 25 18 790
4 0 96 96 03 25 10 10 25 19 990
4 0 96 96 03 25 10 10 25 21 989
4 0 96 96 03 25 10 10 25 22 688
4 0 96 96 03 25 10 10 25 23 889
4 0 96 96 03 25 10 10 25 24 988
4 0 95 96 03 25 10 10 25 25 787
4 0 95 96 03 25 10 10 25 26 887
4 0 95 96 03 25 10 10 25 27 686
4 0 95 96 03 25 10 10 25 28 787
4 0 95 96 03 25 10 10 25 29 986
4 0 95 96 03 25 10 10 25 30 686
4 0 95 96 03 25 10 10 25 31 885
4 0 95 96 03 25 10 10 25 33 785
4 0 95 96 03 25 10 10 25 34 884
4 0 95 96 03 25 10 10 25 35 684
4 0 95 96 03 25 10 10 25 36 784
4 0 94 96 03 25 10 10 25 37 984
4 0 94 96 03 25 10 10 25 38 683
4 0 94 96 03 25 10 10 25 39 883
4 0 94 96 03 25 10 10 25 40 983
4 0 94 96 03 25 10 10 25 41 782
4 0 93 96 03 25 10 10 25 42 882
4 0 93 96 03 25 10 10 25 43 682
4 0 92 96 03 25 10 10 25 44 881
4 0 92 96 03 25 10 10 25 45 681
4 0 91 96 03 25 10 10 25 46 880
4 0 90 96 03 25 10 10 25 47 680
4 0 90 96 03 25 10 10 25 48 780
4 0 90 96 03 25 10 10 25 49 979
4 0 89 96 03 25 10 10 25 50 780
4 0 89 96 03 25 10 10 25 51 979
4 0 88 96 03 25 10 10 25 52 778
4 0 87 96 03 25 10 10 25 53 978
4 0 87 96 03 25 10 10 25 54 677
4 0 86 96 03 25 10 10 25 55 877
4 0 86 96 03 25 10 10 25 56 677
4 0 86 96 03 25 10 10 25 57 876
4 0 87 96 03 25 10 10 25 58 676
4 0 88 96 03 25 10 10 25 59 876
4 0 88 96 03 25 10 10 26 0 975
4 0 89 96 03 25 10 10 26 1 774
4 0 88 96 03 25 10 10 26 2 974
4 0 88 96 03 25 10 10 26 3 773
4 0 88 96 03 25 10 10 26 4 973
4 0 88 96 03 25 10 10 26 5 772
4 0 88 96 03 25 10 10 26 6 872
4 0 88 96 03 25 10 10 26 7 671
4 0 88 96 03 25 10 10 26 8 871
4 0 88 96 03 25 10 10 26 9 670
4 0 88 96 03 25 10 10 26 10 870
4 0 89 96 03 25 10 10 26 11 669
4 0 89 96 03 25 10 10 26 12 868
4 0 89 96 03 25 10 10 26 13 668
4 0 89 96 03 25 10 10 26 15 668
4 0 90 96 03 25 10 10 26 16 866
4 0 90 96 03 25 10 10 26 17 666
4 0 90 96 03 25 10 10 26 18 865
4 0 91 96 03 25 10 10 26 19 665
4 0 91 96 03 25 10 10 26 20 864
4 0 91 96 03 25 10 10 26 21 664
4 0 91 96 03 25 10 10 26 22 864
4 0 91 96 03 25 10 10 26 23 663
4 0 90 96 03 25 10 10 26 24 863
4 0 90 96 03 25 10 10 26 25 663
4 0 90 96 03 25 10 10 26 26 862
4 0 90 96 03 25 10 10 26 27 662
4 0 90 96 03 25 10 10 26 28 862
4 0 90 96 03 25 10 10 26 29 661
4 0 90 96 03 25 10 10 26 30 861
4 0 90 96 03 25 10 10 26 31 661
4 0 90 96 03 25 10 10 26 32 860
4 0 90 96 03 25 10 10 26 33 660
4 0 90 96 03 25 10 10 26 34 860
4 0 90 96 03 25 10 10 26 35 659
4 0 90 96 03 25 10 10 26 36 859
4 0 90 96 03 25 10 10 26 37 659
4 0 90 96 03 25 10 10 26 38 858
4 0 90 96 03 25 10 10 26 39 658
4 0 89 96 03 25 10 10 26 40 857
4 0 89 96 03 25 10 10 26 41 657
4 0 89 96 03 25 10 10 26 42 857
4 0 89 96 03 25 10 10 26 43 657
4 0 89 96 03 25 10 10 26 44 856
4 0 89 96 03 25 10 10 26 45 656
4 0 89 96 03 25 10 10 26 46 855
4 0 89 96 03 25 10 10 26 47 655
4 0 89 96 03 25 10 10 26 48 855
4 0 90 96 03 25 10 10 26 49 654
4 0 90 96 03 25 10 10 26 50 854
4 0 90 96 03 25 10 10 26 51 654
4 0 90 96 03 25 10 10 26 52 853
4 0 90 96 03 25 10 10 26 53 653
4 0 91 96 03 25 10 10 26 54 853
4 0 91 96 03 25 10 10 26 55 653
4 0 91 96 03 25 10 10 26 56 752
4 0 91 96 03 25 10 10 26 57 952
4 0 91 96 03 25 10 10 26 58 752
4 0 91 96 03 25 10 10 26 59 951
4 0 91 96 03 25 10 10 27 0 651
4 0 91 96 03 25 10 10 27 1 851
4 0 91 96 03 25 10 10 27 2 650
4 0 91 96 03 25 10 10 27 3 850
4 0 90 96 03 25 10 10 27 4 950
4 0 90 96 03 25 10 10 27 5 751
4 0 90 96 03 25 10 10 27 6 949
4 0 90 96 03 25 10 10 27 7 749
4 0 90 96 03 25 10 10 27 8 849
4 0 90 96 03 25 10 10 27 9 648
4 0 90 96 03 25 10 10 27 10 748
4 0 90 96 03 25 10 10 27 11 947
4 0 90 96 03 25 10 10 27 12 647
4 0 90 96 03 25 10 10 27 13 847
4 0 90 96 03 25 10 10 27 14 946
4 0 89 96 03 25 10 10 27 16 846
4 0 89 96 03 25 10 10 27 17 645
4 0 89 96 03 25 10 10 27 18 745
4 0 89 96 03 25 10 10 27 19 944
4 0 89 96 03 25 10 10 27 20 644
4 0 89 96 03 25 10 10 27 21 844
4 0 89 96 03 25 10 10 27 22 944
4 0 89 96 03 25 10 10 27 23 743
4 0 89 96 03 25 10 10 27 24 843
4 0 89 96 03 25 10 10 27 25 643
4 0 88 96 03 25 10 10 27 26 742
4 0 88 96 03 25 10 10 27 27 942
4 0 88 96 03 25 10 10 27 28 642
4 0 89 96 03 25 10 10 27 29 841
4 0 90 96 03 25 10 10 27 30 641
4 0 90 96 03 25 10 10 27 31 841
4 1 90 96 03 25 10 10 27 32 640
4 0 90 96 03 25 10 10 27 33 840
4 0 90 96 03 25 10 10 27 34 939
4 0 91 96 03 25 10 10 27 35 739
4 0 91 96 03 25 10 10 27 37 738
4 0 91 96 03 25 10 10 27 39 737
4 0 91 96 03 25 10 10 27 40 837
4 0 91 96 03 25 10 10 27 41 636
4 0 91 96 03 25 10 10 27 42 836
4 0 92 96 03 25 10 10 27 43 636
4 0 92 96 03 25 10 10 27 44 836
4 0 92 96 03 25 10 10 27 45 636
4 0 92 96 03 25 10 10 27 46 735
