6 31 25,0 51,0 100661 0 586 0,01 0,0 15,0 16,0 16,0 1 2 2,0 2,0 25/10/2022 16 20 12 45,4848468 9,2361317
6 32 25,0 51,0 100660 0 602 0,01 0,0 11,0 12,0 12,0 1 1 1,0 1,0 25/10/2022 16 20 42 45,4848467 9,2361317
6 34 26,0 50,0 100659 0 564 0,01 0,0 0,0 0,0 0,0 0 2 1,0 0,0 25/10/2022 16 21 6 45,4848467 9,2361317
6 34 26,0 49,0 100659 21 582 0,01 0,0 17,0 19,0 20,0 1 2 2,0 2,0 25/10/2022 16 21 28 45,4848467 9,2361317
6 36 0 0 0 167 571 0,01 0,0 9,0 10,0 10,0 1 0 1,0 1,0 25/10/2022 16 21 52 45,4848467 9,2361317
6 36 27,0 48,0 100657 255 573 0,01 0,0 10,0 11,0 11,0 1 2 2,0 2,0 25/10/2022 16 22 16 45,4848467 9,2361317
6 37 28,0 48,0 100657 145 586 0,01 0,0 13,0 14,0 14,0 1 2 2,0 2,0 25/10/2022 16 22 40 45,4848467 9,2361317
6 38 28,0 48,0 100656 48 582 0,01 0,0 14,0 15,0 15,0 1 2 1,0 2,0 25/10/2022 16 23 8 45,4848467 9,2361317
6 39 28,0 47,0 100656 201 594 0,01 0,0 14,0 15,0 15,0 1 1 1,0 1,0 25/10/2022 16 23 38 45,4848467 9,2361317
6 40 28,0 47,0 100655 396 597 0,01 0,0 15,0 16,0 16,0 1 1 2,0 2,0 25/10/2022 16 23 50 45,4848464 9,236146
6 41 29,0 47,0 100655 670 599 0,01 0,0 16,0 17,0 17,0 1 1 2,0 1,0 25/10/2022 16 24 14 45,4848467 9,23615
6 42 29,0 47,0 100655 689 596 0,01 0,0 16,0 17,0 17,0 1 2 3,0 3,0 25/10/2022 16 24 36 45,4848467 9,23615
6 43 29,0 47,0 100655 472 561 0,01 0,0 21,0 22,0 22,0 1 2 2,0 2,0 25/10/2022 16 25 14 45,4848467 9,23615
