4 2 108 97 03 25 10 16 20 29 313
4 2 108 97 03 25 10 16 20 31 612
4 2 109 97 03 25 10 16 20 32 412
4 1 109 97 03 25 10 16 20 33 512
4 2 109 97 03 25 10 16 20 34 311
4 2 109 97 03 25 10 16 20 35 411
4 2 110 97 03 25 10 16 20 36 611
4 1 111 97 03 25 10 16 20 37 311
4 1 111 97 01 25 10 16 20 38 510
4 0 110 97 01 25 10 16 20 40 509
4 0 109 97 01 25 10 16 20 41 708
4 0 110 97 01 25 10 16 20 42 508
4 0 111 97 01 25 10 16 20 43 607
4 0 111 97 01 25 10 16 20 44 407
4 0 111 97 01 25 10 16 20 45 606
4 0 110 97 01 25 10 16 20 46 406
4 0 111 97 01 25 10 16 20 47 606
4 0 111 97 01 25 10 16 20 48 406
4 0 112 97 01 25 10 16 20 49 505
4 0 113 97 01 25 10 16 20 50 704
4 0 113 97 01 25 10 16 20 51 505
4 0 113 97 01 25 10 16 20 52 704
4 0 113 97 03 25 10 16 20 53 504
4 0 113 97 03 25 10 16 20 55 3
4 0 112 97 03 25 10 16 20 55 403
4 0 111 97 03 25 10 16 20 57 402
4 0 111 97 03 25 10 16 20 58 601
4 0 110 97 03 25 10 16 20 59 401
4 0 111 97 03 25 10 16 21 0 601
4 0 111 97 03 25 10 16 21 1 701
4 0 111 97 03 25 10 16 21 2 500
4 0 110 97 03 25 10 16 21 3 700
4 0 110 97 03 25 10 16 21 4 499
4 0 110 97 03 25 10 16 21 5 699
4 0 109 97 03 25 10 16 21 6 499
4 0 109 97 03 25 10 16 21 7 698
4 0 109 97 03 25 10 16 21 8 498
4 0 109 97 03 25 10 16 21 9 697
4 0 109 97 03 25 10 16 21 10 497
4 0 109 97 03 25 10 16 21 11 696
4 0 109 97 03 25 10 16 21 12 495
4 0 108 97 03 25 10 16 21 13 695
4 0 107 97 03 25 10 16 21 14 494
4 0 107 97 03 25 10 16 21 15 694
4 0 107 97 03 25 10 16 21 16 493
4 0 108 97 03 25 10 16 21 17 692
4 0 108 97 03 25 10 16 21 18 492
4 0 108 97 03 25 10 16 21 19 691
4 0 108 97 03 25 10 16 21 20 490
4 0 109 97 03 25 10 16 21 21 689
4 0 109 97 03 25 10 16 21 22 489
4 0 110 97 03 25 10 16 21 23 689
4 0 112 97 03 25 10 16 21 25 687
4 0 114 97 03 25 10 16 21 27 686
4 0 116 97 03 25 10 16 21 28 486
4 0 117 97 03 25 10 16 21 29 685
4 0 117 97 03 25 10 16 21 30 485
4 0 116 97 03 25 10 16 21 31 684
4 0 116 97 03 25 10 16 21 32 484
4 0 115 97 03 25 10 16 21 33 684
4 0 115 97 03 25 10 16 21 34 484
4 0 115 97 03 25 10 16 21 35 683
4 0 114 97 03 25 10 16 21 36 482
4 0 114 97 03 25 10 16 21 37 682
4 0 114 97 01 25 10 16 21 39 682
4 0 114 97 01 25 10 16 21 40 481
4 0 114 97 01 25 10 16 21 42 480
4 0 115 97 01 25 10 16 21 44 80
4 0 116 97 01 25 10 16 21 44 480
4 0 116 97 01 25 10 16 21 45 579
4 0 116 97 01 25 10 16 21 46 380
4 0 116 97 01 25 10 16 21 47 578
4 0 116 97 03 25 10 16 21 48 379
4 0 117 97 03 25 10 16 21 49 477
4 0 117 97 03 25 10 16 21 50 677
4 0 117 97 03 25 10 16 21 51 376
4 0 117 97 03 25 10 16 21 52 576
4 0 117 97 03 25 10 16 21 53 675
4 0 117 97 03 25 10 16 21 54 474
4 0 117 97 03 25 10 16 21 55 574
4 0 117 97 03 25 10 16 21 56 373
4 0 117 97 03 25 10 16 21 57 472
4 0 117 97 03 25 10 16 21 59 471
4 0 118 97 03 25 10 16 22 0 671
4 0 119 97 03 25 10 16 22 1 470
4 0 119 97 03 25 10 16 22 2 670
4 0 119 97 03 25 10 16 22 3 369
4 0 120 97 03 25 10 16 22 4 569
4 0 120 97 03 25 10 16 22 5 368
4 0 120 97 03 25 10 16 22 6 567
4 0 121 97 03 25 10 16 22 7 367
4 0 121 97 03 25 10 16 22 8 566
4 0 122 97 03 25 10 16 22 9 665
4 0 122 97 03 25 10 16 22 10 465
4 0 121 97 03 25 10 16 22 11 664
4 0 121 97 03 25 10 16 22 12 464
4 0 121 97 03 25 10 16 22 13 663
4 0 121 97 03 25 10 16 22 14 463
4 0 121 97 03 25 10 16 22 15 562
4 0 121 97 03 25 10 16 22 16 362
4 0 121 97 03 25 10 16 22 17 561
4 0 121 97 03 25 10 16 22 18 361
4 0 121 97 03 25 10 16 22 19 560
4 0 120 97 03 25 10 16 22 20 360
4 0 120 97 03 25 10 16 22 21 559
4 0 120 97 03 25 10 16 22 22 358
4 0 120 97 03 25 10 16 22 23 558
4 0 120 97 03 25 10 16 22 24 357
4 0 120 97 03 25 10 16 22 25 557
4 0 120 97 03 25 10 16 22 26 357
4 0 120 97 03 25 10 16 22 27 556
4 0 120 97 03 25 10 16 22 28 356
4 0 120 97 03 25 10 16 22 29 556
4 0 119 97 03 25 10 16 22 30 355
4 0 119 97 03 25 10 16 22 31 555
4 0 119 97 03 25 10 16 22 32 354
4 0 119 97 03 25 10 16 22 33 554
4 0 119 97 03 25 10 16 22 34 354
4 0 118 97 03 25 10 16 22 35 553
4 0 118 97 03 25 10 16 22 37 553
4 0 117 97 03 25 10 16 22 38 352
4 0 117 97 03 25 10 16 22 39 552
4 0 117 97 03 25 10 16 22 40 352
4 0 117 97 03 25 10 16 22 41 551
4 0 116 97 03 25 10 16 22 42 351
4 0 116 97 03 25 10 16 22 43 550
4 0 116 97 03 25 10 16 22 44 350
4 0 116 97 03 25 10 16 22 45 550
4 0 116 97 03 25 10 16 22 46 349
4 0 115 97 03 25 10 16 22 47 549
4 0 115 97 03 25 10 16 22 48 348
4 0 115 97 03 25 10 16 22 49 548
4 0 114 97 03 25 10 16 22 50 348
4 0 114 97 03 25 10 16 22 51 547
4 0 114 97 03 25 10 16 22 52 347
4 0 114 97 03 25 10 16 22 53 547
4 0 114 97 03 25 10 16 22 54 347
4 0 114 97 03 25 10 16 22 55 546
4 0 114 97 03 25 10 16 22 56 346
4 0 114 97 03 25 10 16 22 57 445
4 0 114 97 03 25 10 16 22 58 645
4 0 115 97 03 25 10 16 22 59 445
4 0 115 97 03 25 10 16 23 0 644
4 0 115 97 03 25 10 16 23 2 543
4 0 115 97 03 25 10 16 23 3 343
4 0 115 97 03 25 10 16 23 4 542
4 0 115 97 03 25 10 16 23 5 642
4 0 115 97 03 25 10 16 23 6 441
4 0 115 97 03 25 10 16 23 7 541
4 0 115 97 03 25 10 16 23 8 341
4 0 115 97 03 25 10 16 23 10 640
4 0 115 97 03 25 10 16 23 11 339
4 0 115 97 03 25 10 16 23 12 539
4 0 115 97 03 25 10 16 23 13 639
4 0 115 97 03 25 10 16 23 14 438
4 0 115 97 03 25 10 16 23 15 538
4 0 115 97 03 25 10 16 23 17 437
4 0 115 97 01 25 10 16 23 18 637
4 0 115 97 01 25 10 16 23 19 336
4 0 115 97 01 25 10 16 23 20 536
4 0 115 97 03 25 10 16 23 21 335
4 0 115 97 03 25 10 16 23 22 535
4 0 115 97 03 25 10 16 23 23 334
4 0 115 97 03 25 10 16 23 25 633
4 0 114 97 03 25 10 16 23 26 432
4 0 114 97 03 25 10 16 23 27 631
4 0 114 97 03 25 10 16 23 28 431
4 0 113 97 01 25 10 16 23 29 630
4 0 113 97 01 25 10 16 23 30 430
4 0 113 97 01 25 10 16 23 31 529
4 0 112 97 03 25 10 16 23 33 528
4 0 112 97 03 25 10 16 23 34 327
4 0 112 97 03 25 10 16 23 35 526
4 0 111 97 03 25 10 16 23 36 326
4 0 111 97 03 25 10 16 23 37 525
4 0 111 97 03 25 10 16 23 38 325
4 0 110 97 03 25 10 16 23 39 524
4 0 109 97 03 25 10 16 23 40 324
4 0 109 97 03 25 10 16 23 41 523
4 0 109 97 03 25 10 16 23 42 322
4 0 109 97 03 25 10 16 23 43 522
4 0 109 97 03 25 10 16 23 44 321
4 0 109 97 03 25 10 16 23 45 520
4 0 109 97 03 25 10 16 23 46 320
4 0 109 97 03 25 10 16 23 47 519
4 0 109 97 03 25 10 16 23 48 319
4 0 109 97 03 25 10 16 23 49 518
4 0 110 97 03 25 10 16 23 50 318
4 0 110 97 03 25 10 16 23 51 517
4 0 110 97 03 25 10 16 23 52 317
4 0 109 97 03 25 10 16 23 55 914
4 0 108 97 03 25 10 16 23 56 714
4 0 108 97 03 25 10 16 23 57 514
4 0 108 97 03 25 10 16 23 58 313
4 0 109 97 03 25 10 16 23 59 513
4 0 111 97 03 25 10 16 24 0 313
4 0 111 97 03 25 10 16 24 1 512
4 0 111 97 03 25 10 16 24 2 312
4 0 110 97 03 25 10 16 24 3 511
4 0 110 97 03 25 10 16 24 4 311
4 0 111 97 03 25 10 16 24 5 511
4 0 111 97 03 25 10 16 24 6 310
4 0 112 97 03 25 10 16 24 7 510
4 0 112 97 03 25 10 16 24 8 310
4 0 112 97 03 25 10 16 24 9 509
4 0 114 97 01 25 10 16 24 10 309
4 0 114 97 01 25 10 16 24 11 408
4 0 114 97 01 25 10 16 24 12 608
4 0 113 97 01 25 10 16 24 13 408
4 0 112 97 01 25 10 16 24 14 607
4 0 112 97 01 25 10 16 24 15 306
4 0 112 97 01 25 10 16 24 16 506
4 0 111 97 01 25 10 16 24 17 605
4 0 111 97 01 25 10 16 24 18 404
4 0 110 97 01 25 10 16 24 19 503
4 0 110 97 01 25 10 16 24 20 303
4 0 109 97 01 25 10 16 24 22 901
4 0 108 97 01 25 10 16 24 23 301
4 0 107 97 01 25 10 16 24 24 500
4 0 107 97 01 25 10 16 24 25 300
4 0 106 97 01 25 10 16 24 26 499
4 0 105 97 01 25 10 16 24 27 299
4 0 105 97 01 25 10 16 24 28 498
4 0 104 97 01 25 10 16 24 30 397
4 0 104 97 01 25 10 16 24 31 596
4 0 104 97 01 25 10 16 24 32 396
4 0 105 97 01 25 10 16 24 33 595
4 0 106 97 01 25 10 16 24 34 394
4 0 106 97 01 25 10 16 24 35 594
4 0 107 97 01 25 10 16 24 36 393
4 0 107 97 03 25 10 16 24 37 592
4 0 108 97 03 25 10 16 24 38 392
4 0 108 97 03 25 10 16 24 39 592
4 0 109 97 03 25 10 16 24 40 391
4 0 109 97 03 25 10 16 24 41 590
4 0 109 97 03 25 10 16 24 42 390
4 0 108 97 03 25 10 16 24 43 589
4 0 108 97 03 25 10 16 24 44 389
4 0 107 97 03 25 10 16 24 45 588
4 0 106 97 03 25 10 16 24 46 787
4 0 106 97 03 25 10 16 24 47 587
4 0 106 97 03 25 10 16 24 48 386
4 0 105 97 03 25 10 16 24 49 585
4 0 105 97 03 25 10 16 24 50 385
4 0 105 97 03 25 10 16 24 51 584
4 0 104 97 03 25 10 16 24 52 384
4 0 103 97 03 25 10 16 24 53 584
4 0 103 97 03 25 10 16 24 54 383
4 0 103 97 03 25 10 16 24 55 583
4 0 103 97 03 25 10 16 24 56 382
4 0 104 97 03 25 10 16 24 57 582
4 0 104 97 03 25 10 16 24 58 382
4 0 104 97 03 25 10 16 24 59 581
4 0 103 97 03 25 10 16 25 0 381
4 0 103 97 03 25 10 16 25 1 581
4 0 103 97 03 25 10 16 25 2 380
4 0 103 97 03 25 10 16 25 3 580
4 0 103 97 03 25 10 16 25 4 380
4 0 102 97 03 25 10 16 25 5 579
4 0 102 97 03 25 10 16 25 6 379
4 0 102 97 03 25 10 16 25 7 579
4 0 101 97 01 25 10 16 25 8 378
4 0 101 97 01 25 10 16 25 9 578
4 0 102 97 01 25 10 16 25 11 577
4 0 103 97 01 25 10 16 25 12 377
4 0 102 97 01 25 10 16 25 13 577
4 0 101 97 01 25 10 16 25 14 376
4 0 101 97 01 25 10 16 25 15 576
4 0 102 97 03 25 10 16 25 16 375
4 0 103 97 03 25 10 16 25 17 575
4 0 104 97 03 25 10 16 25 18 375
4 0 104 97 03 25 10 16 25 19 574
4 0 104 97 03 25 10 16 25 21 574
4 0 103 97 03 25 10 16 25 22 374
4 0 102 97 03 25 10 16 25 23 573
4 0 101 97 03 25 10 16 25 24 373
4 0 100 97 03 25 10 16 25 25 573
4 0 99 97 01 25 10 16 25 26 372
4 0 99 97 01 25 10 16 25 27 572
4 0 99 97 01 25 10 16 25 28 372
4 0 98 97 01 25 10 16 25 29 571
4 0 98 97 01 25 10 16 25 30 370
4 0 98 97 01 25 10 16 25 31 470
4 0 97 97 01 25 10 16 25 32 270
4 0 97 97 01 25 10 16 25 33 469
4 0 96 97 01 25 10 16 25 34 269
4 0 96 97 03 25 10 16 25 36 569
4 0 98 97 03 25 10 16 25 37 368
4 0 99 97 03 25 10 16 25 38 567
4 0 100 97 03 25 10 16 25 39 267
4 0 100 97 03 25 10 16 25 40 466
4 0 100 97 03 25 10 16 25 41 566
4 0 100 97 03 25 10 16 25 42 365
4 0 101 97 03 25 10 16 25 43 465
4 0 101 97 03 25 10 16 25 44 265
4 0 100 97 03 25 10 16 25 45 365
4 0 100 97 03 25 10 16 25 46 564
4 0 100 97 03 25 10 16 25 47 264
4 0 100 97 03 25 10 16 25 48 463
4 0 100 97 03 25 10 16 25 49 564
4 0 100 97 03 25 10 16 25 50 363
4 0 100 97 03 25 10 16 25 51 462
4 0 100 97 03 25 10 16 25 52 262
4 0 100 97 03 25 10 16 25 53 362
4 0 100 97 03 25 10 16 25 54 561
4 0 100 97 03 25 10 16 25 55 361
4 0 100 97 03 25 10 16 25 56 560
4 0 100 97 03 25 10 16 25 57 360
4 0 98 97 03 25 10 16 25 58 559
4 0 99 97 03 25 10 16 25 59 259
4 0 99 97 03 25 10 16 26 0 459
4 0 99 97 03 25 10 16 26 1 258
4 0 99 97 03 25 10 16 26 3 257
