6 6 0 0 0 0 0 0 0.0 0.0 0.0 0.0 0 0 0.0 0.0 25/10/2022 15 15 23 0.0 0.0
6 27 0 0 0 0 0 0 0.0 0.0 0.0 0.0 0 0 0.0 0.0 25/10/2022 15 25 59 45.4720798 9.2272111
6 27 29.0 51.0 100609 669 929 0.01 0.0 14.0 15.0 16.0 1 1 1.0 1.0 25/10/2022 15 26 3 45.4720991 9.2272233
6 28 29.0 51.0 100609 910 891 0.01 0.0 10.0 11.0 12.0 1 2 2.0 2.0 25/10/2022 15 26 27 45.4720466 9.2272993
6 29 29.0 51.0 100609 999 855 0.01 0.0 11.0 11.0 11.0 1 2 2.0 2.0 25/10/2022 15 26 50 45.4720281 9.2273093
6 30 29.0 51.0 100609 1038 855 0.01 0.0 11.0 11.0 11.0 1 2 1.0 2.0 25/10/2022 15 27 14 45.4719765 9.22738
6 32 29.0 51.0 100609 1072 834 0.01 0.0 0.0 0.0 0.0 0 1 1.0 0.0 25/10/2022 15 27 40 45.4719348 9.2273971
6 32 30.0 51.0 100610 1078 858 0.01 0.0 11.0 11.0 11.0 1 2 2.0 2.0 25/10/2022 15 28 0 45.4719882 9.2272024
6 33 30.0 51.0 100610 1078 875 0.01 0.0 11.0 11.0 11.0 1 2 2.0 2.0 25/10/2022 15 28 28 45.4719641 9.2273529
6 34 30.0 51.0 100610 1103 854 0.01 0.0 11.0 12.0 14.0 1 1 1.0 1.0 25/10/2022 15 28 52 45.4719617 9.2273667
6 35 30.0 50.0 100610 1110 858 0.01 0.0 11.0 12.0 13.0 1 1 1.0 1.0 25/10/2022 15 29 26 45.4719735 9.2273342
6 36 30.0 50.0 100610 1096 877 0.01 0.0 11.0 12.0 13.0 1 2 3.0 3.0 25/10/2022 15 29 42 45.4719833 9.2273624
6 37 30.0 50.0 100610 1106 831 0.01 0.0 7.0 8.0 8.0 1 2 1.0 2.0 25/10/2022 15 30 14 45.4719345 9.2273212
6 38 30.0 50.0 100610 1111 818 0.01 0.0 10.0 11.0 11.0 1 1 2.0 1.0 25/10/2022 15 30 44 45.4719344 9.2272419
6 39 30.0 50.0 100610 1118 824 0.01 0.0 10.0 10.0 10.0 1 2 2.0 1.0 25/10/2022 15 31 2 45.472057 9.2271186
6 40 30.0 49.0 100610 999 860 0.01 0.0 5.0 7.0 8.0 1 2 1.0 2.0 25/10/2022 15 31 26 45.4720695 9.2272304
6 41 31.0 48.0 100610 798 855 0.01 0.0 8.0 9.0 9.0 1 1 1.0 1.0 25/10/2022 15 31 48 45.4721282 9.2271536
6 42 30.0 47.0 100609 619 776 0.01 0.0 8.0 9.0 9.0 2 1 1.0 1.0 25/10/2022 15 32 16 45.4719774 9.2270748
6 43 30.0 47.0 100609 719 847 0.01 0.0 6.0 8.0 10.0 1 1 1.0 1.0 25/10/2022 15 32 50 45.4720403 9.2270571
6 44 30.0 47.0 100612 819 739 0.01 0.0 7.0 7.0 7.0 1 2 2.0 2.0 25/10/2022 15 33 4 45.4723366 9.2272931
6 46 29.0 47.0 100618 281 711 0.01 0.0 0.0 0.0 0.0 0 1 1.0 0.0 25/10/2022 15 33 30 45.4726469 9.2275561
6 46 28.0 47.0 100624 70 634 0.01 0.0 14.0 14.0 14.0 1 1 1.0 1.0 25/10/2022 15 34 0 45.4726595 9.2277288
6 47 28.0 47.0 100630 14 598 0.01 0.0 14.0 14.0 14.0 1 1 2.0 1.0 25/10/2022 15 34 14 45.472835 9.2282442
6 48 28.0 48.0 100635 0 619 0.01 0.0 14.0 14.0 14.0 1 2 1.0 2.0 25/10/2022 15 34 46 45.47274 9.2289608
6 50 0 0 0 27 588 0.01 0.0 0.0 0.0 0.0 0 0 1.0 0.0 25/10/2022 15 35 32 45.4727269 9.2290721
6 50 27.0 49.0 100645 4 570 0.01 0.0 17.0 18.0 18.0 1 2 2.0 2.0 25/10/2022 15 35 36 45.4727518 9.2295574
6 51 27.0 50.0 100650 0 597 0.01 0.0 17.0 18.0 18.0 1 2 1.0 2.0 25/10/2022 15 36 4 45.4723874 9.2298653
6 52 26.0 50.0 100655 0 623 0.01 0.0 13.0 15.0 16.0 2 1 2.0 1.0 25/10/2022 15 36 26 45.4725796 9.2301968
6 54 27.0 50.0 100659 0 516 0.01 0.0 0.0 0.0 0.0 0 1 1.0 0.0 25/10/2022 15 37 0 45.4727281 9.2303785
6 55 27.0 50.0 100662 0 0 0 0.0 14.0 14.0 14.0 1 2 0.0 2.0 25/10/2022 15 37 14 45.4728106 9.2309167
6 56 27.0 50.0 100666 0 0 0 0.0 12.0 13.0 13.0 1 2 0.0 2.0 25/10/2022 15 37 40 45.472849 9.231376
6 57 0 0 0 17 621 0.01 0.0 20.0 22.0 22.0 1 0 2.0 1.0 25/10/2022 15 38 8 45.4728305 9.2317741
6 57 27.0 50.0 100673 39 599 0.01 0.0 20.0 22.0 22.0 1 1 2.0 2.0 25/10/2022 15 38 28 45.4727131 9.2323391
6 58 27.0 50.0 100675 27 587 0.01 0.0 19.0 22.0 25.0 1 1 2.0 1.0 25/10/2022 15 38 58 45.4727579 9.2326811
6 60 27.0 50.0 100678 41 568 0.01 0.0 0.0 0.0 0.0 0 1 1.0 0.0 25/10/2022 15 39 18 45.47277 9.2331868
6 60 27.0 50.0 100680 35 630 0.01 0.0 19.0 22.0 24.0 2 2 1.0 2.0 25/10/2022 15 39 48 45.4728582 9.2336429
6 61 26.0 51.0 100683 9 490 0.01 0.0 11.0 12.0 12.0 2 1 2.0 1.0 25/10/2022 15 40 12 45.4727967 9.2341865
6 63 26.0 51.0 100685 0 603 0.01 0.0 0.0 0.0 0.0 0 1 1.0 0.0 25/10/2022 15 40 48 45.4727887 9.2342538
6 63 26.0 51.0 100687 17 589 0.01 0.0 16.0 17.0 17.0 1 1 1.0 1.0 25/10/2022 15 41 4 45.4729665 9.234418
6 3 26.0 52.0 100692 21 579 0.01 0.0 0.0 0.0 0.0 0 1 1.0 0.0 25/10/2022 15 41 46 45.4729667 9.2344167
6 5 27.0 51.0 100693 0 0 0 0.0 18.0 19.0 20.0 1 2 0.0 2.0 25/10/2022 15 42 14 45.472961 9.2344737
6 6 28.0 51.0 100696 0 0 0 0.0 19.0 20.0 20.0 1 2 0.0 2.0 25/10/2022 15 43 4 45.4729533 9.2344967
6 6 28.0 50.0 100698 586 619 0.01 0.0 19.0 20.0 20.0 1 1 1.0 1.0 25/10/2022 15 43 24 45.4729283 9.2343533
6 7 28.0 50.0 100699 533 596 0.01 0.0 37.0 39.0 39.0 1 2 1.0 1.0 25/10/2022 15 43 52 45.4729283 9.2343533
6 8 29.0 50.0 100700 604 592 0.01 0.0 37.0 39.0 39.0 1 1 2.0 2.0 25/10/2022 15 44 16 45.4729283 9.2343533
6 9 29.0 50.0 100701 695 625 0.01 0.0 37.0 39.0 39.0 1 1 2.0 1.0 25/10/2022 15 44 52 45.4729283 9.2343533
6 10 29.0 49.0 100703 708 624 0.01 0.0 15.0 15.0 15.0 1 1 2.0 2.0 25/10/2022 15 45 12 45.4729283 9.2343533
6 11 29.0 49.0 100704 745 607 0.01 0.0 21.0 23.0 24.0 1 2 1.0 2.0 25/10/2022 15 45 36 45.4729283 9.2343533
6 12 30.0 48.0 100705 684 604 0.01 0.0 17.0 18.0 18.0 1 1 2.0 1.0 25/10/2022 15 46 8 45.4730193 9.2343669
6 13 30.0 47.0 100706 656 572 0.01 0.0 20.0 21.0 21.0 1 2 2.0 2.0 25/10/2022 15 46 24 45.4730192 9.2343206
6 14 30.0 47.0 100707 755 596 0.01 0.0 22.0 24.0 24.0 1 1 1.0 1.0 25/10/2022 15 46 50 45.472945 9.23432
6 15 30.0 47.0 100708 713 592 0.01 0.0 22.0 24.0 24.0 1 1 1.0 2.0 25/10/2022 15 47 16 45.4731432 9.2344049
6 16 30.0 46.0 100709 563 540 0.01 0.0 16.0 18.0 19.0 1 2 2.0 1.0 25/10/2022 15 47 36 45.4734703 9.2344537
6 18 29.0 47.0 100709 0 0 0 0.0 13.0 14.0 14.0 1 1 0.0 1.0 25/10/2022 15 48 2 45.4736641 9.2345858
6 18 28.0 48.0 100709 70 595 0.01 0.0 14.0 14.0 14.0 1 2 1.0 2.0 25/10/2022 15 48 22 45.4740186 9.2344662
6 19 27.0 48.0 100709 34 607 0.01 0.0 10.0 11.0 11.0 1 2 2.0 2.0 25/10/2022 15 48 46 45.4743507 9.2344855
6 20 27.0 49.0 100709 3 686 0.01 0.0 11.0 11.0 11.0 2 1 2.0 2.0 25/10/2022 15 49 14 45.4746579 9.2344931
6 21 26.0 50.0 100709 0 618 0.01 0.0 11.0 11.0 11.0 2 2 2.0 1.0 25/10/2022 15 49 38 45.4750399 9.2344975
6 22 26.0 51.0 100709 0 482 0.01 0.0 18.0 20.0 21.0 1 2 2.0 1.0 25/10/2022 15 50 10 45.4753298 9.2344524
6 23 26.0 51.0 100709 0 592 0.01 0.0 17.0 18.0 18.0 2 2 1.0 2.0 25/10/2022 15 50 34 45.47582 9.2343424
6 24 26.0 51.0 100708 0 621 0.01 0.0 21.0 22.0 22.0 2 1 1.0 1.0 25/10/2022 15 51 12 45.4759843 9.2343611
6 25 26.0 51.0 100708 0 586 0.01 0.0 9.0 10.0 10.0 1 2 2.0 1.0 25/10/2022 15 51 24 45.4759228 9.2349149
6 26 26.0 52.0 100708 0 539 0.01 0.0 16.0 17.0 17.0 1 1 2.0 1.0 25/10/2022 15 51 50 45.4758791 9.2352619
6 28 26.0 52.0 100708 0 0 0 0.0 16.0 17.0 17.0 2 1 0.0 1.0 25/10/2022 15 52 10 45.4759245 9.2356388
6 28 26.0 52.0 100707 0 559 0.01 0.0 24.0 28.0 30.0 1 2 1.0 1.0 25/10/2022 15 52 34 45.4756665 9.2359742
6 29 26.0 52.0 100707 26 588 0.01 0.0 21.0 22.0 22.0 2 1 1.0 2.0 25/10/2022 15 53 6 45.4756633 9.2359974
6 30 26.0 51.0 100706 83 589 0.01 0.0 21.0 22.0 22.0 1 1 2.0 1.0 25/10/2022 15 53 32 45.47563 9.236015
6 31 27.0 51.0 100705 218 580 0.01 0.0 8.0 9.0 10.0 1 2 1.0 2.0 25/10/2022 15 53 52 45.47563 9.236015
6 32 27.0 50.0 100704 278 641 0.01 0.0 9.0 9.0 9.0 1 2 2.0 2.0 25/10/2022 15 54 12 45.4756167 9.236055
6 33 27.0 50.0 100703 334 649 0.01 0.0 9.0 9.0 9.0 1 2 2.0 2.0 25/10/2022 15 54 52 45.4756167 9.236055
6 34 27.0 50.0 100702 528 578 0.01 0.0 11.0 12.0 12.0 1 1 2.0 1.0 25/10/2022 15 55 16 45.4756167 9.236055
6 35 28.0 49.0 100701 525 583 0.01 0.0 22.0 23.0 23.0 1 1 1.0 1.0 25/10/2022 15 55 34 45.4756167 9.236055
6 36 28.0 48.0 100700 510 577 0.01 0.0 19.0 20.0 20.0 1 1 2.0 2.0 25/10/2022 15 56 0 45.4756167 9.236055
6 37 28.0 48.0 100699 342 563 0.01 0.0 11.0 12.0 12.0 1 2 1.0 2.0 25/10/2022 15 56 26 45.4756167 9.236055
6 38 28.0 48.0 100699 267 568 0.01 0.0 16.0 17.0 17.0 1 1 1.0 1.0 25/10/2022 15 56 48 45.4756167 9.236055
6 39 28.0 48.0 100698 276 568 0.01 0.0 17.0 18.0 18.0 1 2 2.0 2.0 25/10/2022 15 57 12 45.4756127 9.2360883
6 40 29.0 47.0 100698 445 570 0.01 0.0 18.0 19.0 19.0 1 1 1.0 2.0 25/10/2022 15 57 38 45.4757258 9.2359252
6 42 28.0 47.0 100697 266 586 0.01 0.0 18.0 20.0 21.0 1 1 1.0 1.0 25/10/2022 15 58 38 45.4758679 9.2358236
6 43 28.0 47.0 100697 263 559 0.01 0.0 16.0 17.0 17.0 1 1 1.0 2.0 25/10/2022 15 58 54 45.4759536 9.2355426
6 44 28.0 47.0 100697 189 590 0.01 0.0 16.0 17.0 17.0 1 2 2.0 2.0 25/10/2022 15 59 12 45.4759283 9.2346768
6 46 0 0 0 148 548 0.01 0.0 16.0 17.0 17.0 1 0 1.0 1.0 25/10/2022 16 0 4 45.4759062 9.2345413
6 46 27.0 49.0 100697 114 524 0.01 0.0 16.0 20.0 24.0 1 2 1.0 2.0 25/10/2022 16 0 12 45.4761423 9.2344374
6 48 27.0 49.0 100696 0 0 0 0.0 17.0 18.0 18.0 1 1 0.0 1.0 25/10/2022 16 0 38 45.4764122 9.2344411
6 48 27.0 49.0 100696 72 568 0.01 0.0 18.0 19.0 19.0 1 2 1.0 1.0 25/10/2022 16 1 4 45.4766372 9.2344218
6 49 27.0 49.0 100696 79 537 0.01 0.0 18.0 20.0 21.0 1 2 2.0 2.0 25/10/2022 16 1 28 45.4769545 9.2344474
6 50 27.0 49.0 100696 121 631 0.01 0.0 19.0 20.0 20.0 1 1 1.0 1.0 25/10/2022 16 1 58 45.477185 9.2344535
6 52 28.0 48.0 100696 132 627 0.01 0.0 0.0 0.0 0.0 0 1 2.0 0.0 25/10/2022 16 2 18 45.4773474 9.2344372
6 52 28.0 48.0 100695 84 590 0.01 0.0 12.0 13.0 13.0 1 2 2.0 2.0 25/10/2022 16 2 34 45.4776566 9.2344505
6 53 28.0 48.0 100695 151 567 0.01 0.0 20.0 21.0 21.0 1 2 1.0 1.0 25/10/2022 16 3 0 45.4784069 9.2344255
6 56 0 0 0 115 620 0.01 0.0 0.0 0.0 0.0 0 0 1.0 0.0 25/10/2022 16 4 4 45.4786178 9.23441
6 56 28.0 48.0 100693 57 634 0.01 0.0 19.0 20.0 20.0 1 1 2.0 1.0 25/10/2022 16 4 18 45.4788167 9.2344379
6 57 27.0 48.0 100692 88 586 0.01 0.0 19.0 20.0 20.0 1 3 2.0 3.0 25/10/2022 16 4 36 45.4794379 9.2343896
6 59 0 0 0 41 520 0.01 0.0 0.0 0.0 0.0 0 0 1.0 0.0 25/10/2022 16 5 30 45.4794783 9.2343965
6 59 27.0 48.0 100691 26 631 0.01 0.0 16.0 17.0 17.0 1 2 2.0 1.0 25/10/2022 16 5 34 45.4797707 9.2343929
6 60 27.0 48.0 100690 38 568 0.01 0.0 17.0 18.0 18.0 1 1 1.0 1.0 25/10/2022 16 6 2 45.4801733 9.2344492
6 61 27.0 48.0 100689 64 580 0.01 0.0 10.0 12.0 13.0 2 1 1.0 1.0 25/10/2022 16 6 34 45.4802328 9.234391
6 62 27.0 49.0 100687 27 591 0.01 0.0 14.0 15.0 16.0 1 1 2.0 1.0 25/10/2022 16 6 52 45.4802317 9.23439
6 63 28.0 48.0 100686 41 626 0.01 0.0 14.0 15.0 16.0 1 2 2.0 2.0 25/10/2022 16 7 10 45.4802317 9.23439
6 1 28.0 47.0 100685 155 586 0.01 0.0 16.0 17.0 18.0 1 1 1.0 1.0 25/10/2022 16 7 48 45.4802317 9.23439
6 2 28.0 47.0 100684 177 601 0.01 0.0 18.0 19.0 19.0 1 2 1.0 2.0 25/10/2022 16 8 2 45.4802606 9.2343315
6 3 29.0 46.0 100683 50 600 0.01 0.0 18.0 19.0 19.0 1 2 1.0 2.0 25/10/2022 16 8 26 45.4802617 9.2343283
6 5 0 0 0 55 598 0.01 0.0 0.0 0.0 0.0 0 0 1.0 0.0 25/10/2022 16 9 6 45.4802617 9.2343283
6 5 29.0 46.0 100682 127 535 0.01 0.0 16.0 17.0 17.0 1 1 1.0 1.0 25/10/2022 16 9 20 45.4802617 9.2343283
6 7 28.0 46.0 100681 0 0 0 0.0 16.0 17.0 17.0 1 2 0.0 1.0 25/10/2022 16 9 40 45.4802617 9.2343283
6 8 28.0 47.0 100680 0 0 0 0.0 16.0 18.0 18.0 1 1 0.0 1.0 25/10/2022 16 10 10 45.4802617 9.2343283
6 8 29.0 46.0 100679 199 529 0.01 0.0 20.0 21.0 21.0 1 2 1.0 2.0 25/10/2022 16 10 36 45.4802617 9.2343283
6 9 29.0 46.0 100678 225 619 0.01 0.0 27.0 28.0 28.0 1 2 2.0 2.0 25/10/2022 16 11 0 45.4802617 9.2343283
6 10 29.0 46.0 100678 472 615 0.01 0.0 23.0 24.0 24.0 1 2 1.0 2.0 25/10/2022 16 11 24 45.4802617 9.2343283
6 11 30.0 46.0 100677 780 606 0.01 0.0 17.0 17.0 17.0 1 1 1.0 1.0 25/10/2022 16 11 52 45.4803076 9.2343601
6 12 30.0 45.0 100677 881 688 0.01 0.0 17.0 17.0 17.0 1 2 2.0 2.0 25/10/2022 16 12 16 45.4804537 9.2344114
6 13 30.0 45.0 100676 544 646 0.01 0.0 12.0 13.0 14.0 1 1 2.0 1.0 25/10/2022 16 12 42 45.4806607 9.2343871
6 15 30.0 45.0 100676 184 663 0.01 0.0 0.0 0.0 0.0 0 1 1.0 0.0 25/10/2022 16 13 0 45.4809368 9.2344069
6 16 29.0 45.0 100675 76 572 0.01 0.0 0.0 0.0 0.0 0 1 1.0 0.0 25/10/2022 16 13 38 45.4809412 9.2343951
6 16 29.0 45.0 100674 87 583 0.01 0.0 15.0 18.0 21.0 1 2 1.0 2.0 25/10/2022 16 13 50 45.4812559 9.2340388
6 17 29.0 45.0 100674 92 475 0.01 0.0 15.0 18.0 20.0 2 2 1.0 2.0 25/10/2022 16 14 18 45.4815312 9.2341887
6 18 28.0 46.0 100674 90 574 0.01 0.0 15.0 18.0 20.0 1 1 1.0 2.0 25/10/2022 16 14 40 45.4819521 9.2342971
6 20 0 0 0 47 471 0.01 0.0 13.0 14.0 14.0 1 0 2.0 1.0 25/10/2022 16 15 18 45.4822267 9.2342465
6 20 28.0 47.0 100672 21 538 0.01 0.0 27.0 28.0 28.0 2 2 2.0 1.0 25/10/2022 16 15 36 45.4827017 9.2344008
6 22 27.0 47.0 100671 0 0 0 0.0 0.0 0.0 0.0 0 1 0.0 0.0 25/10/2022 16 16 12 45.4828111 9.2343299
6 23 27.0 47.0 100670 7 714 0.01 0.0 0.0 0.0 0.0 0 1 2.0 0.0 25/10/2022 16 16 24 45.4831216 9.2342218
6 23 27.0 47.0 100669 1 675 0.01 0.0 20.0 21.0 22.0 1 1 1.0 2.0 25/10/2022 16 16 52 45.4833717 9.2341934
6 24 27.0 47.0 100668 28 548 0.01 0.0 20.0 21.0 22.0 2 2 2.0 1.0 25/10/2022 16 17 12 45.4836933 9.2341541
6 25 27.0 48.0 100666 8 567 0.01 0.0 19.0 21.0 21.0 2 1 2.0 1.0 25/10/2022 16 17 36 45.4839561 9.2344423
6 26 27.0 48.0 100665 0 570 0.01 0.0 18.0 19.0 19.0 2 2 1.0 1.0 25/10/2022 16 18 0 45.4841356 9.2348475
6 27 27.0 48.0 100664 0 599 0.01 0.0 18.0 19.0 19.0 1 2 1.0 2.0 25/10/2022 16 18 26 45.4843106 9.2351788
6 28 27.0 48.0 100663 0 591 0.01 0.0 17.0 19.0 20.0 1 1 2.0 1.0 25/10/2022 16 18 48 45.4844472 9.2356893
6 29 26.0 49.0 100662 36 587 0.01 0.0 17.0 19.0 20.0 1 1 1.0 2.0 25/10/2022 16 19 20 45.4844177 9.2360291
6 30 26.0 50.0 100661 10 610 0.01 0.0 17.0 19.0 20.0 1 2 3.0 1.0 25/10/2022 16 19 38 45.4847197 9.2361494
6 31 25.0 51.0 100661 0 586 0.01 0.0 15.0 16.0 16.0 1 2 2.0 2.0 25/10/2022 16 20 12 45.4848468 9.2361317
6 32 25.0 51.0 100660 0 602 0.01 0.0 11.0 12.0 12.0 1 1 1.0 1.0 25/10/2022 16 20 42 45.4848467 9.2361317
6 34 26.0 50.0 100659 0 564 0.01 0.0 0.0 0.0 0.0 0 2 1.0 0.0 25/10/2022 16 21 6 45.4848467 9.2361317
6 34 26.0 49.0 100659 21 582 0.01 0.0 17.0 19.0 20.0 1 2 2.0 2.0 25/10/2022 16 21 28 45.4848467 9.2361317
6 36 0 0 0 167 571 0.01 0.0 9.0 10.0 10.0 1 0 1.0 1.0 25/10/2022 16 21 52 45.4848467 9.2361317
6 36 27.0 48.0 100657 255 573 0.01 0.0 10.0 11.0 11.0 1 2 2.0 2.0 25/10/2022 16 22 16 45.4848467 9.2361317
6 37 28.0 48.0 100657 145 586 0.01 0.0 13.0 14.0 14.0 1 2 2.0 2.0 25/10/2022 16 22 40 45.4848467 9.2361317
6 38 28.0 48.0 100656 48 582 0.01 0.0 14.0 15.0 15.0 1 2 1.0 2.0 25/10/2022 16 23 8 45.4848467 9.2361317
6 39 28.0 47.0 100656 201 594 0.01 0.0 14.0 15.0 15.0 1 1 1.0 1.0 25/10/2022 16 23 38 45.4848467 9.2361317
6 40 28.0 47.0 100655 396 597 0.01 0.0 15.0 16.0 16.0 1 1 2.0 2.0 25/10/2022 16 23 50 45.4848464 9.236146
6 41 29.0 47.0 100655 670 599 0.01 0.0 16.0 17.0 17.0 1 1 2.0 1.0 25/10/2022 16 24 14 45.4848467 9.23615
6 42 29.0 47.0 100655 689 596 0.01 0.0 16.0 17.0 17.0 1 2 3.0 3.0 25/10/2022 16 24 36 45.4848467 9.23615
6 43 29.0 47.0 100655 472 561 0.01 0.0 21.0 22.0 22.0 1 2 2.0 2.0 25/10/2022 16 25 14 45.4848467 9.23615
6 44 29.0 46.0 100655 427 594 0.01 0.0 19.0 20.0 20.0 1 1 1.0 2.0 25/10/2022 16 25 38 45.4848242 9.236121
6 45 29.0 46.0 100654 383 582 0.01 0.0 17.0 19.0 19.0 1 1 1.0 1.0 25/10/2022 16 26 14 45.4848233 9.23612
6 46 29.0 45.0 100654 463 583 0.01 0.0 9.0 10.0 10.0 1 2 2.0 2.0 25/10/2022 16 26 26 45.4847964 9.2358395
6 47 29.0 45.0 100654 410 571 0.01 0.0 19.0 21.0 21.0 1 1 1.0 2.0 25/10/2022 16 26 50 45.4847671 9.2355877
6 48 29.0 45.0 100654 264 501 0.01 0.0 19.0 21.0 21.0 1 1 1.0 1.0 25/10/2022 16 27 14 45.4847533 9.2355871
6 49 29.0 45.0 100654 225 564 0.01 0.0 19.0 20.0 20.0 1 2 2.0 2.0 25/10/2022 16 27 36 45.4846195 9.2355554
6 50 29.0 45.0 100653 277 507 0.01 0.0 16.0 17.0 17.0 1 2 2.0 2.0 25/10/2022 16 28 0 45.4844528 9.2352199
6 51 29.0 45.0 100653 184 562 0.01 0.0 16.0 17.0 17.0 1 1 1.0 1.0 25/10/2022 16 28 26 45.4842904 9.2348401
6 52 28.0 45.0 100652 151 507 0.01 0.0 7.0 8.0 9.0 1 1 1.0 1.0 25/10/2022 16 28 54 45.4842222 9.2346142
6 53 28.0 46.0 100652 120 579 0.01 0.0 8.0 9.0 9.0 1 1 2.0 1.0 25/10/2022 16 29 12 45.4841175 9.2342117
6 54 28.0 46.0 100652 80 566 0.01 0.0 8.0 9.0 9.0 1 1 1.0 1.0 25/10/2022 16 29 36 45.4829868 9.2341966
6 58 0 0 0 39 604 0.01 0.0 15.0 16.0 16.0 1 0 1.0 1.0 25/10/2022 16 31 16 45.4828994 9.2342981
6 58 26.0 49.0 100650 2 594 0.01 0.0 17.0 18.0 19.0 1 1 2.0 1.0 25/10/2022 16 31 24 45.4826089 9.2341646
6 60 26.0 49.0 100651 0 0 0 0.0 15.0 16.0 16.0 1 1 0.0 1.0 25/10/2022 16 31 48 45.4822912 9.2342932
6 61 26.0 49.0 100651 0 542 0.01 0.0 0.0 0.0 0.0 0 1 2.0 0.0 25/10/2022 16 32 18 45.4820787 9.2343185
6 61 26.0 50.0 100651 0 569 0.01 0.0 22.0 23.0 23.0 1 2 2.0 1.0 25/10/2022 16 32 34 45.4816186 9.2342576
6 63 0 0 0 0 0 0 0.0 10.0 11.0 12.0 1 0 0.0 1.0 25/10/2022 16 33 14 45.4815245 9.2341673
6 63 26.0 50.0 100651 1 676 0.01 0.0 11.0 11.0 11.0 1 1 2.0 1.0 25/10/2022 16 33 26 45.4813059 9.2341465
6 1 26.0 50.0 100652 4 598 0.01 0.0 12.0 12.0 12.0 2 2 2.0 1.0 25/10/2022 16 33 48 45.4809157 9.234226
6 3 0 0 0 34 610 0.01 0.0 12.0 12.0 12.0 1 0 1.0 1.0 25/10/2022 16 34 26 45.480915 9.2342208
6 3 25.0 51.0 100653 65 580 0.01 0.0 12.0 12.0 12.0 1 3 1.0 2.0 25/10/2022 16 34 36 45.480562 9.2342521
6 4 25.0 51.0 100654 13 556 0.01 0.0 10.0 11.0 12.0 2 1 1.0 1.0 25/10/2022 16 35 18 45.4804796 9.2341838
6 6 0 0 0 0 0 0 0.0 14.0 15.0 15.0 1 0 0.0 1.0 25/10/2022 16 35 48 45.4804767 9.2341868
6 6 26.0 50.0 100655 12 567 0.01 0.0 15.0 16.0 16.0 1 1 2.0 2.0 25/10/2022 16 36 0 45.4804117 9.2341626
6 7 26.0 50.0 100656 159 563 0.01 0.0 13.0 14.0 14.0 1 2 1.0 2.0 25/10/2022 16 36 26 45.4800092 9.2342015
6 8 26.0 50.0 100656 176 588 0.01 0.0 12.0 13.0 13.0 1 1 1.0 1.0 25/10/2022 16 36 58 45.4798183 9.2342171
6 9 26.0 50.0 100656 114 562 0.01 0.0 12.0 13.0 13.0 1 2 2.0 2.0 25/10/2022 16 37 14 45.4795011 9.2342172
6 10 26.0 51.0 100657 47 579 0.01 0.0 17.0 18.0 18.0 1 1 2.0 1.0 25/10/2022 16 37 40 45.4792141 9.2342255
6 11 26.0 51.0 100657 23 580 0.01 0.0 17.0 18.0 18.0 2 2 1.0 2.0 25/10/2022 16 38 4 45.4789551 9.2342324
6 12 25.0 51.0 100658 3 547 0.01 0.0 17.0 18.0 18.0 1 1 2.0 2.0 25/10/2022 16 38 26 45.4786605 9.2342385
6 13 25.0 52.0 100658 0 537 0.01 0.0 11.0 12.0 13.0 1 2 2.0 2.0 25/10/2022 16 38 50 45.4785693 9.2335744
6 15 25.0 52.0 100659 0 0 0 0.0 11.0 12.0 13.0 1 1 0.0 1.0 25/10/2022 16 39 34 45.4785551 9.2333021
6 15 25.0 52.0 100659 75 635 0.01 0.0 11.0 12.0 13.0 1 1 1.0 2.0 25/10/2022 16 39 50 45.4785623 9.2329611
6 16 25.0 52.0 100660 61 635 0.01 0.0 11.0 14.0 17.0 1 2 2.0 2.0 25/10/2022 16 40 10 45.4785458 9.2323457
6 17 25.0 52.0 100660 20 547 0.01 0.0 14.0 15.0 15.0 1 1 1.0 2.0 25/10/2022 16 40 46 45.4785046 9.2321145
6 18 25.0 52.0 100661 0 538 0.01 0.0 11.0 11.0 11.0 1 2 1.0 2.0 25/10/2022 16 41 6 45.4784966 9.2317372
6 19 26.0 52.0 100661 6 544 0.01 0.0 17.0 18.0 18.0 2 1 2.0 1.0 25/10/2022 16 41 28 45.4783162 9.2315673
6 20 25.0 52.0 100661 17 650 0.01 0.0 15.0 16.0 17.0 1 2 1.0 2.0 25/10/2022 16 41 46 45.4781539 9.2315501
6 22 26.0 52.0 100662 17 611 0.01 0.0 0.0 0.0 0.0 0 1 2.0 0.0 25/10/2022 16 42 18 45.4781549 9.23155
6 22 26.0 51.0 100663 162 609 0.01 0.0 16.0 16.0 16.0 1 2 2.0 2.0 25/10/2022 16 42 34 45.478155 9.23155
6 23 26.0 51.0 100664 379 579 0.01 0.0 20.0 21.0 21.0 1 2 1.0 2.0 25/10/2022 16 42 58 45.4782067 9.231575
6 24 27.0 51.0 100665 737 587 0.01 0.0 20.0 21.0 21.0 1 1 2.0 1.0 25/10/2022 16 43 30 45.4782067 9.231575
6 25 27.0 51.0 100666 969 578 0.01 0.0 13.0 14.0 15.0 1 2 2.0 2.0 25/10/2022 16 43 46 45.4782067 9.231575
6 26 28.0 50.0 100667 1098 572 0.01 0.0 13.0 14.0 15.0 1 1 1.0 2.0 25/10/2022 16 44 10 45.4782067 9.231575
6 27 28.0 50.0 100668 1446 593 0.01 0.0 13.0 14.0 15.0 1 2 2.0 2.0 25/10/2022 16 44 46 45.4782067 9.231575
6 28 28.0 50.0 100669 1445 576 0.01 0.0 14.0 16.0 17.0 1 2 1.0 2.0 25/10/2022 16 45 12 45.4782067 9.231575
6 29 28.0 49.0 100670 1430 571 0.01 0.0 13.0 14.0 15.0 1 1 1.0 1.0 25/10/2022 16 45 50 45.4782067 9.231575
6 30 29.0 49.0 100671 1213 567 0.01 0.0 15.0 16.0 16.0 1 2 2.0 2.0 25/10/2022 16 46 2 45.4782067 9.231575
6 31 29.0 48.0 100672 1381 583 0.01 0.0 12.0 13.0 13.0 1 1 2.0 1.0 25/10/2022 16 46 26 45.4782067 9.231575
6 32 29.0 48.0 100673 1600 555 0.01 0.0 13.0 14.0 14.0 1 2 2.0 2.0 25/10/2022 16 46 50 45.4782067 9.231575
6 33 29.0 47.0 100674 1465 587 0.01 0.0 13.0 14.0 14.0 1 2 2.0 2.0 25/10/2022 16 47 14 45.4782067 9.231575
6 34 29.0 47.0 100675 1376 572 0.01 0.0 13.0 13.0 13.0 1 1 1.0 1.0 25/10/2022 16 47 48 45.4782845 9.2315552
6 35 29.0 47.0 100675 1232 553 0.01 0.0 11.0 13.0 15.0 1 2 2.0 2.0 25/10/2022 16 48 0 45.4784812 9.231441
6 36 29.0 47.0 100675 536 579 0.01 0.0 11.0 13.0 15.0 2 1 1.0 2.0 25/10/2022 16 48 28 45.4784768 9.2309856
6 37 29.0 47.0 100675 469 510 0.01 0.0 10.0 11.0 11.0 1 1 2.0 1.0 25/10/2022 16 48 56 45.4784611 9.2306876
6 38 28.0 47.0 100674 416 639 0.01 0.0 11.0 11.0 11.0 1 2 2.0 2.0 25/10/2022 16 49 14 45.4784713 9.2302427
6 39 28.0 47.0 100674 325 590 0.01 0.0 11.0 11.0 11.0 2 2 1.0 1.0 25/10/2022 16 49 42 45.4780599 9.2302039
6 40 27.0 48.0 100673 219 513 0.01 0.0 19.0 21.0 21.0 2 1 1.0 2.0 25/10/2022 16 50 18 45.4777292 9.2301793
6 41 27.0 48.0 100673 172 578 0.01 0.0 10.0 11.0 12.0 1 1 2.0 1.0 25/10/2022 16 50 40 45.4774585 9.2301667
6 42 27.0 49.0 100672 145 517 0.01 0.0 14.0 15.0 15.0 1 2 1.0 2.0 25/10/2022 16 51 4 45.4771494 9.2301186
6 43 26.0 49.0 100672 149 552 0.01 0.0 16.0 16.0 16.0 2 2 2.0 2.0 25/10/2022 16 51 28 45.4768521 9.2301203
6 44 26.0 50.0 100671 134 621 0.01 0.0 18.0 19.0 19.0 2 1 1.0 1.0 25/10/2022 16 51 58 45.4768747 9.2299415
6 45 26.0 50.0 100671 128 564 0.01 0.0 18.0 19.0 19.0 1 1 1.0 1.0 25/10/2022 16 52 26 45.4768706 9.2297844
6 46 26.0 50.0 100671 180 584 0.01 0.0 16.0 17.0 17.0 1 1 2.0 1.0 25/10/2022 16 52 38 45.4768873 9.2294362
6 47 26.0 50.0 100670 204 590 0.01 0.0 20.0 21.0 22.0 2 2 1.0 2.0 25/10/2022 16 53 2 45.4768367 9.2289901
6 49 26.0 50.0 100670 195 575 0.01 0.0 0.0 0.0 0.0 0 1 2.0 0.0 25/10/2022 16 53 28 45.4768264 9.2286269
6 49 26.0 50.0 100670 192 622 0.01 0.0 12.0 13.0 14.0 1 1 1.0 1.0 25/10/2022 16 53 50 45.4768219 9.2282182
6 51 26.0 51.0 100670 186 617 0.01 0.0 0.0 0.0 0.0 0 1 2.0 0.0 25/10/2022 16 54 14 45.4768384 9.2277511
6 51 25.0 51.0 100669 118 536 0.01 0.0 12.0 13.0 14.0 2 2 2.0 2.0 25/10/2022 16 54 46 45.4768759 9.227334
6 53 25.0 52.0 100669 0 0 0 0.0 16.0 17.0 17.0 2 2 0.0 2.0 25/10/2022 16 55 14 45.4768365 9.2269477
6 53 25.0 52.0 100668 104 520 0.01 0.0 17.0 19.0 20.0 2 1 1.0 1.0 25/10/2022 16 55 38 45.4764697 9.2266589
6 55 25.0 52.0 100667 0 0 0 0.0 16.0 17.0 17.0 1 1 0.0 1.0 25/10/2022 16 56 10 45.4763303 9.2266567
6 55 25.0 52.0 100667 47 516 0.01 0.0 8.0 9.0 9.0 1 2 1.0 2.0 25/10/2022 16 56 24 45.4760037 9.2266011
6 56 25.0 52.0 100666 12 546 0.01 0.0 16.0 18.0 19.0 2 1 2.0 1.0 25/10/2022 16 56 52 45.4757628 9.2266176
6 57 25.0 52.0 100665 0 594 0.01 0.0 16.0 17.0 18.0 2 1 1.0 1.0 25/10/2022 16 57 14 45.4753781 9.2265965
6 58 25.0 53.0 100665 4 588 0.01 0.0 10.0 12.0 12.0 2 1 1.0 1.0 25/10/2022 16 57 50 45.4752121 9.2266898
6 59 25.0 52.0 100665 15 564 0.01 0.0 13.0 14.0 14.0 2 2 2.0 2.0 25/10/2022 16 58 2 45.4749228 9.2266469
6 60 25.0 52.0 100665 24 573 0.01 0.0 13.0 14.0 14.0 1 1 2.0 1.0 25/10/2022 16 58 28 45.4746624 9.2265824
6 61 25.0 52.0 100665 68 461 0.01 0.0 14.0 15.0 15.0 2 2 2.0 2.0 25/10/2022 16 58 50 45.4743431 9.2264737
6 62 25.0 53.0 100665 86 592 0.01 0.0 14.0 15.0 16.0 1 2 2.0 2.0 25/10/2022 16 59 14 45.4741114 9.2267105
6 63 25.0 53.0 100665 105 591 0.01 0.0 14.0 15.0 16.0 1 2 2.0 2.0 25/10/2022 16 59 38 45.4737094 9.2264936
6 1 25.0 53.0 100664 64 567 0.01 0.0 12.0 13.0 13.0 2 2 2.0 2.0 25/10/2022 17 0 14 45.4735293 9.2270644
6 2 25.0 53.0 100664 41 558 0.01 0.0 14.0 15.0 15.0 1 2 1.0 2.0 25/10/2022 17 0 44 45.4731903 9.2274362
6 4 25.0 52.0 100664 29 618 0.01 0.0 17.0 19.0 20.0 1 2 2.0 2.0 25/10/2022 17 1 24 45.4727911 9.2275696
6 5 25.0 52.0 100664 67 713 0.01 0.0 16.0 17.0 17.0 1 2 2.0 2.0 25/10/2022 17 1 48 45.47249 9.2273407
6 7 25.0 52.0 100664 42 574 0.01 0.0 0.0 0.0 0.0 0 1 1.0 0.0 25/10/2022 17 2 16 45.4722383 9.2272767
6 7 25.0 53.0 100663 22 568 0.01 0.0 14.0 15.0 15.0 2 1 1.0 1.0 25/10/2022 17 2 48 45.4722377 9.2270737
6 8 25.0 53.0 100663 22 558 0.01 0.0 15.0 16.0 16.0 2 2 2.0 2.0 25/10/2022 17 3 2 45.4722355 9.2270814
6 9 25.0 53.0 100663 31 624 0.01 0.0 15.0 16.0 16.0 1 1 2.0 1.0 25/10/2022 17 3 28 45.4722367 9.2270817
6 10 25.0 52.0 100663 46 549 0.01 0.0 13.0 14.0 14.0 1 1 1.0 1.0 25/10/2022 17 3 54 45.4722787 9.2272285
6 12 0 0 0 0 0 0 0.0 13.0 14.0 15.0 1 0 0.0 1.0 25/10/2022 17 4 30 45.4722684 9.2272118
6 13 26.0 52.0 100664 0 0 0 0.0 13.0 14.0 15.0 1 2 0.0 2.0 25/10/2022 17 4 38 45.4722067 9.2271333
6 14 26.0 52.0 100664 705 617 0.01 0.0 0.0 0.0 0.0 0 2 1.0 0.0 25/10/2022 17 5 14 45.4722067 9.2271333
6 14 26.0 52.0 100664 1006 594 0.01 0.0 17.0 18.0 18.0 1 1 2.0 1.0 25/10/2022 17 5 40 45.4722067 9.2271333
6 15 27.0 51.0 100664 993 580 0.01 0.0 14.0 15.0 15.0 1 2 1.0 2.0 25/10/2022 17 6 2 45.4721983 9.2271367
6 17 0 0 0 1009 585 0.01 0.0 17.0 18.0 18.0 1 0 1.0 1.0 25/10/2022 17 6 32 45.4721916 9.2271925
6 17 27.0 51.0 100664 1058 561 0.01 0.0 18.0 19.0 20.0 1 2 1.0 2.0 25/10/2022 17 6 50 45.4721917 9.2271933
6 18 28.0 50.0 100664 975 619 0.01 0.0 18.0 19.0 20.0 1 1 2.0 1.0 25/10/2022 17 7 14 45.4721917 9.2271933
6 19 28.0 50.0 100664 663 587 0.01 0.0 11.0 12.0 13.0 1 2 2.0 2.0 25/10/2022 17 7 38 45.472215 9.2271933
6 20 28.0 49.0 100664 538 572 0.01 0.0 16.0 17.0 17.0 1 1 1.0 1.0 25/10/2022 17 8 4 45.4721968 9.2272197
6 21 28.0 49.0 100664 463 604 0.01 0.0 16.0 17.0 17.0 1 2 1.0 1.0 25/10/2022 17 8 24 45.4721967 9.22722
6 22 27.0 49.0 100664 399 614 0.01 0.0 19.0 20.0 20.0 1 1 1.0 1.0 25/10/2022 17 9 4 45.4721967 9.22722
6 23 27.0 49.0 100665 414 586 0.01 0.0 18.0 20.0 21.0 1 2 1.0 2.0 25/10/2022 17 9 20 45.4722593 9.2271504
6 24 28.0 49.0 100665 634 632 0.01 0.0 18.0 20.0 21.0 1 3 3.0 2.0 25/10/2022 17 9 40 45.4723007 9.2271101
6 26 28.0 49.0 100665 0 0 0 0.0 16.0 17.0 17.0 1 1 0.0 1.0 25/10/2022 17 10 28 45.4722968 9.2271019
6 26 28.0 49.0 100665 1013 565 0.01 0.0 17.0 19.0 21.0 1 2 2.0 2.0 25/10/2022 17 10 36 45.4722967 9.2271017
6 27 28.0 48.0 100665 615 584 0.01 0.0 17.0 18.0 18.0 1 2 2.0 2.0 25/10/2022 17 11 2 45.4722967 9.2271017
6 28 28.0 48.0 100665 622 489 0.01 0.0 17.0 18.0 18.0 1 1 1.0 1.0 25/10/2022 17 11 30 45.471978 9.2270131
6 30 0 0 0 641 477 0.01 0.0 22.0 23.0 23.0 2 0 2.0 1.0 25/10/2022 17 11 58 45.4720528 9.2270082
6 30 27.0 48.0 100665 463 602 0.01 0.0 22.0 23.0 23.0 1 2 2.0 2.0 25/10/2022 17 12 14 45.4720804 9.2269756
6 31 27.0 49.0 100664 427 627 0.01 0.0 26.0 30.0 32.0 1 2 2.0 2.0 25/10/2022 17 12 38 45.4721138 9.2269444
6 32 27.0 49.0 100660 560 720 0.01 0.0 15.0 16.0 16.0 1 2 1.0 2.0 25/10/2022 17 13 2 45.4720744 9.2271546
