0.00 26.46 56.84 99484.70 523.33 1040.05 0.00 0.01 15.82 15.28 15.82
1.00 26.50 56.39 99635.09 653.42 1068.58 0.00 0.01 14.87 12.60 14.87
2.00 26.55 56.05 99823.08 641.56 1101.38 0.00 0.01 10.17 9.00 10.17
3.00 27.00 54.62 99824.07 588.67 1091.08 0.00 0.01 10.37 10.18 10.37
4.00 27.53 54.08 99824.87 583.60 1116.42 0.00 0.01 11.43 10.45 11.43
5.00 27.50 53.07 99704.32 596.22 1123.77 0.00 0.01 11.05 11.02 11.05
6.00 27.53 52.53 99826.03 509.35 1178.17 0.00 0.01 10.12 10.12 10.12
7.00 27.53 51.68 99826.03 256.92 1195.30 0.00 0.01 9.72 9.72 9.72
8.00 26.93 47.68 99832.53 28.43 794.27 0.00 0.01 10.98 10.98 10.98
9.00 25.28 46.22 99847.57 1.89 658.52 0.00 0.01 13.85 13.85 13.85
10.00 24.15 47.08 99860.57 4.67 625.58 0.00 0.01 16.42 16.42 16.42
11.00 23.60 47.85 99872.03 6.78 607.33 0.00 0.01 11.82 11.82 11.82
12.00 23.33 48.45 99881.70 8.25 617.53 0.00 0.01 10.28 10.28 10.28
13.00 23.00 48.26 99164.07 8.10 618.75 0.00 0.01 12.45 12.40 12.45
14.00 23.50 47.98 99474.31 54.30 612.90 0.00 0.01 14.12 13.57 14.12
15.00 22.88 49.18 99904.03 10.38 637.94 0.00 0.01 14.55 14.55 14.55
16.00 22.62 50.15 99911.03 1.98 633.00 0.00 0.01 23.40 22.60 23.40
17.00 22.77 50.15 99916.00 87.07 623.27 0.00 0.01 24.52 23.53 24.52
18.00 23.96 49.10 99581.52 287.50 644.10 0.00 0.01 19.06 18.08 19.06
19.00 24.58 48.18 99925.40 482.70 654.67 0.00 0.01 17.67 17.63 17.67
20.00 25.28 48.18 99928.97 547.83 643.60 0.00 0.01 19.03 19.03 19.03
21.00 25.57 48.18 99933.47 579.93 661.72 0.00 0.01 16.67 16.67 16.67
22.00 26.13 48.18 99936.93 575.57 659.35 0.00 0.01 15.93 15.93 15.93
23.00 24.88 47.50 99938.38 187.80 602.90 0.00 0.01 14.71 14.71 14.71
24.00 24.15 47.63 99939.55 62.90 618.67 0.00 0.01 18.90 18.90 18.90
25.00 22.58 49.55 99093.28 24.73 659.05 0.00 0.01 15.17 15.17 15.17
26.00 22.62 51.13 99941.08 3.55 649.47 0.00 0.01 14.77 14.77 14.77
27.00 22.62 50.18 99941.08 1.02 617.90 0.00 0.01 19.50 19.50 19.50
28.00 21.98 51.42 99941.48 14.72 656.03 0.00 0.01 15.63 15.23 15.63
29.00 23.00 51.13 99940.70 164.15 650.43 0.00 0.01 15.57 15.57 15.57
30.00 23.73 50.20 99939.03 476.42 633.97 0.00 0.01 14.30 14.30 14.30
31.00 24.58 49.43 99937.82 450.45 632.37 0.00 0.01 17.28 16.65 17.28
32.00 24.58 48.67 99936.65 296.18 625.47 0.00 0.01 21.92 19.95 21.92
33.00 24.70 47.75 99936.05 148.78 633.68 0.00 0.01 15.67 15.27 15.67
34.00 25.43 46.22 99935.05 66.32 627.45 0.00 0.01 13.35 13.35 13.35
35.00 24.13 47.07 99934.20 63.58 652.95 0.00 0.01 17.19 16.73 17.19
36.00 23.54 47.81 99673.15 37.72 618.52 0.00 0.01 17.23 17.23 17.23
37.00 23.15 48.63 99933.42 16.17 623.13 0.00 0.01 17.30 16.52 17.30
38.00 22.65 49.17 99932.05 14.29 612.80 0.00 0.01 26.43 25.82 26.43
39.00 23.65 48.58 99930.62 137.12 640.14 0.00 0.01 19.28 19.28 19.28
40.00 24.22 48.18 99928.88 299.59 632.57 0.00 0.01 14.92 14.88 14.92
41.00 23.60 48.18 99927.27 46.08 547.77 0.00 0.01 19.57 18.58 19.57
42.00 22.87 48.52 99926.00 16.83 668.77 0.00 0.01 16.97 16.72 16.97
43.00 22.62 49.17 99924.45 4.08 654.27 0.00 0.01 18.80 18.18 18.80
44.00 22.73 49.82 99802.12 62.48 616.23 0.00 0.01 16.46 16.34 16.46
45.00 24.28 48.48 99921.33 441.73 620.27 0.00 0.01 16.23 16.23 16.23
46.00 24.58 48.05 99919.57 497.73 625.33 0.00 0.01 17.57 17.57 17.57
47.00 25.03 47.20 99919.45 506.15 615.48 0.00 0.01 20.65 20.65 20.65
48.00 25.57 47.10 99919.45 522.52 625.03 0.00 0.01 18.95 18.95 18.95
49.00 25.57 45.83 99919.45 524.70 597.78 0.00 0.01 19.46 19.46 19.46
50.00 24.64 45.73 99303.61 186.53 628.55 0.00 0.01 21.18 21.18 21.18
51.00 23.87 46.98 99919.00 85.58 650.12 0.00 0.01 17.30 17.30 17.30
52.00 23.23 48.11 99302.41 73.72 672.02 0.00 0.01 18.13 18.13 18.13
53.00 22.62 49.17 99916.98 20.36 653.58 0.00 0.01 21.03 21.03 21.03
54.00 22.62 49.17 99914.45 3.87 654.13 0.00 0.01 17.67 16.90 17.67
55.00 22.39 49.73 99791.34 13.33 649.80 0.00 0.01 18.29 17.73 18.29
56.00 21.93 50.15 99910.52 13.23 630.80 0.00 0.01 18.90 18.68 18.90
57.00 21.77 50.15 99908.77 4.44 697.29 0.00 0.01 20.75 20.38 20.75
58.00 22.40 49.68 99907.47 11.30 683.92 0.00 0.01 19.77 19.77 19.77
59.00 24.25 47.15 99904.33 62.44 639.51 0.00 0.01 15.17 15.12 15.17
60.00 24.75 46.22 99902.73 320.24 625.37 0.00 0.01 19.70 19.38 19.70
61.00 25.57 45.77 99902.73 261.45 634.07 0.00 0.01 23.38 23.38 23.38
62.00 25.24 44.65 98607.88 99.68 625.00 0.00 0.01 20.25 20.25 20.25
63.00 24.03 46.72 99844.34 62.40 610.97 0.00 0.01 16.81 16.81 16.81
64.00 23.60 47.20 99902.73 127.47 612.73 0.00 0.01 15.13 15.13 15.13
65.00 22.65 48.15 99902.73 24.02 658.78 0.00 0.01 17.40 16.78 17.40
66.00 20.95 48.35 96516.20 2.15 704.95 0.00 0.01 15.97 15.48 15.97
67.00 21.63 50.15 99903.28 8.57 698.13 0.00 0.01 17.48 17.48 17.48
68.00 21.63 50.52 99904.18 20.70 673.30 0.00 0.01 22.38 21.28 22.38
69.00 22.22 50.15 99905.40 13.21 648.75 0.00 0.01 18.44 18.22 18.44
70.00 23.45 49.62 99906.70 259.43 680.10 0.00 0.01 23.27 23.12 23.27
71.00 23.60 49.17 99907.97 71.12 695.37 0.00 0.01 19.67 19.67 19.67
72.00 23.40 48.75 99062.30 191.72 660.77 0.00 0.01 19.43 19.43 19.43
73.00 23.58 49.12 99821.30 223.82 690.83 0.00 0.01 20.37 20.37 20.37
74.00 23.38 48.72 98999.74 63.58 662.90 0.00 0.01 24.60 24.17 24.60
75.00 23.60 49.85 99912.27 32.28 675.18 0.00 0.01 20.52 20.52 20.52
76.00 23.60 49.65 99914.10 112.28 679.68 0.00 0.01 20.12 20.12 20.12
77.00 24.42 49.17 99916.45 508.40 771.55 0.00 0.01 18.28 18.17 18.28
78.00 24.88 48.87 99918.48 511.83 691.92 0.00 0.01 24.72 24.43 24.72
79.00 25.57 48.07 99920.83 551.03 678.70 0.00 0.01 23.60 22.83 23.60
80.00 25.64 47.14 99801.64 586.97 672.40 0.00 0.01 24.00 23.12 24.00
81.00 26.55 47.20 99925.73 605.97 682.12 0.00 0.01 30.92 30.43 30.92
82.00 25.98 46.77 99926.33 397.53 636.35 0.00 0.01 34.55 33.63 34.55
83.00 24.58 47.20 99925.75 110.63 643.08 0.00 0.01 30.30 30.30 30.30
84.00 24.52 47.27 99924.98 68.90 653.60 0.00 0.01 23.97 23.97 23.97
85.00 23.60 48.83 99924.37 78.53 733.88 0.00 0.01 26.94 26.94 26.94
86.00 23.60 49.58 99923.95 87.89 715.49 0.00 0.01 31.77 31.77 31.77
87.00 22.67 50.22 99923.32 50.70 706.59 0.00 0.01 25.82 25.82 25.82
88.00 22.62 51.13 99922.22 46.95 665.60 0.00 0.01 28.37 28.37 28.37
89.00 22.62 51.13 99921.02 48.85 692.63 0.00 0.01 31.00 31.00 31.00
90.00 22.62 51.25 99919.88 39.47 628.77 0.00 0.01 32.02 31.90 32.02
91.00 22.25 52.48 99919.45 8.26 710.95 0.00 0.01 30.55 30.37 30.55
92.00 21.63 53.10 99919.45 6.80 738.73 0.00 0.01 28.52 28.52 28.52
93.00 21.59 53.85 99731.28 8.52 753.03 0.00 0.01 26.17 26.17 26.17
94.00 21.92 53.40 99920.13 25.12 747.91 0.00 0.01 29.17 29.17 29.17
95.00 22.62 53.10 99920.47 34.45 703.88 0.00 0.01 32.70 31.07 32.70
96.00 22.93 52.78 99921.73 83.55 721.22 0.00 0.01 33.72 33.72 33.72
97.00 23.60 51.65 99922.87 256.05 718.68 0.00 0.01 36.38 36.38 36.38
98.00 24.08 50.65 99923.87 381.32 715.73 0.00 0.01 31.63 30.57 31.63
99.00 24.58 49.98 99925.00 427.47 705.31 0.00 0.01 30.63 30.63 30.63
100.00 25.43 49.17 99926.20 551.72 696.12 0.00 0.01 26.55 26.55 26.55
101.00 25.57 49.17 99926.33 580.65 684.78 0.00 0.01 25.72 25.72 25.72
102.00 24.82 49.17 99925.07 212.00 716.17 0.00 0.01 22.38 22.38 22.38
103.00 0.05 0.11 216.91 0.37 1.56 0.00 0.00 0.05 0.05 0.05
