0.0 97.8
1.0 74.1
2.0 74.5
3.0 74.7
4.0 75.2
5.0 80.5
6.0 88.3
7.0 95.7
8.0 99.7
9.0 111.4
10.0 111.7
11.0 119.2
12.0 123.0
13.0 113.4
14.0 100.7
15.0 103.5
16.0 104.4
17.0 98.5
18.0 95.4
19.0 85.3
20.0 84.2
21.0 85.8
22.0 87.3
23.0 105.4
24.0 109.7
25.0 113.8
26.0 118.2
27.0 121.2
28.0 121.0
29.0 131.7
30.0 121.4
31.0 100.3
32.0 86.1
33.0 87.5
34.0 92.2
35.0 99.3
36.0 106.2
37.0 118.7
38.0 113.6
39.0 113.5
40.0 121.0
41.0 124.2
42.0 126.2
43.0 130.0
44.0 128.2
45.0 120.5
46.0 96.6
47.0 90.1
48.0 93.4
49.0 116.9
50.0 122.7
51.0 129.6
52.0 118.8
53.0 105.5
54.0 102.3
55.0 101.8
56.0 108.7
57.0 112.0
58.0 114.9
59.0 116.0
60.0 110.5
61.0 105.7
62.0 87.3
63.0 86.8
64.0 105.9
65.0 114.5
66.0 127.8
67.0 125.3
68.0 118.6
69.0 125.9
70.0 125.0
71.0 127.4
72.0 124.0
73.0 119.0
74.0 125.3
75.0 127.8
76.0 120.7
77.0 119.9
78.0 118.3
79.0 108.1
80.0 88.0
81.0 87.8
82.0 89.9
83.0 98.6
84.0 112.6
85.0 122.4
86.0 126.8
87.0 129.4
88.0 133.8
89.0 134.2
90.0 129.4
91.0 108.5
92.0 106.6
93.0 105.2
94.0 102.6
95.0 99.1
96.0 99.1
97.0 97.4
98.0 99.9
99.0 100.8
100.0 103.2
101.0 109.2
102.0 111.6
103.0 125.2
104.0 0.7
