11.32
11.11
21.83
40.00
20.00
20.00
20.69
19.35
18.18
16.67
18.75
17.14
13.95
9.09
9.84
18.75
18.75
17.65
18.75
20.69
17.65
18.75
19.35
18.75
19.35
17.14
19.35
20.00
20.00
26.09
20.00
20.00
37.50
20.00
19.35
18.75
19.35
18.18
18.75
33.33
17.65
18.75
18.75
31.58
11.11
14.63
18.75
20.00
16.67
19.35
18.18
35.29
18.75
16.67
9.52
18.18
16.67
18.75
35.29
31.58
10.71
20.00
19.35
16.22
16.67
18.18
17.14
18.75
18.18
8.82
18.18
18.75
18.75
18.75
17.65
18.75
19.35
20.00
20.00
19.35
19.35
18.75
10.53
18.75
18.75
18.75
9.23
10.34
19.35
18.18
16.67
9.09
35.29
16.67
8.45
18.18
18.75
19.05
37.50
19.35
19.35
18.18
19.35
