0.00 523.33 1040.05 0.00 0.01 15.82 15.28 15.82
1.00 653.42 1068.58 0.00 0.01 14.87 12.60 14.87
2.00 641.56 1101.38 0.00 0.01 10.17 9.00 10.17
3.00 588.67 1091.08 0.00 0.01 10.37 10.18 10.37
4.00 583.60 1116.42 0.00 0.01 11.43 10.45 11.43
5.00 596.22 1123.77 0.00 0.01 11.05 11.02 11.05
6.00 509.35 1178.17 0.00 0.01 10.12 10.12 10.12
7.00 256.92 1195.30 0.00 0.01 9.72 9.72 9.72
8.00 28.43 794.27 0.00 0.01 10.98 10.98 10.98
9.00 1.89 658.52 0.00 0.01 13.85 13.85 13.85
10.00 4.67 625.58 0.00 0.01 16.42 16.42 16.42
11.00 6.78 607.33 0.00 0.01 11.82 11.82 11.82
12.00 8.25 617.53 0.00 0.01 10.28 10.28 10.28
13.00 8.10 618.75 0.00 0.01 12.45 12.40 12.45
14.00 54.30 612.90 0.00 0.01 14.12 13.57 14.12
15.00 10.38 637.94 0.00 0.01 14.55 14.55 14.55
16.00 1.98 633.00 0.00 0.01 23.40 22.60 23.40
17.00 87.07 623.27 0.00 0.01 24.52 23.53 24.52
18.00 287.50 644.10 0.00 0.01 19.06 18.08 19.06
19.00 482.70 654.67 0.00 0.01 17.67 17.63 17.67
20.00 547.83 643.60 0.00 0.01 19.03 19.03 19.03
21.00 579.93 661.72 0.00 0.01 16.67 16.67 16.67
22.00 575.57 659.35 0.00 0.01 15.93 15.93 15.93
23.00 187.80 602.90 0.00 0.01 14.71 14.71 14.71
24.00 62.90 618.67 0.00 0.01 18.90 18.90 18.90
25.00 24.73 659.05 0.00 0.01 15.17 15.17 15.17
26.00 3.55 649.47 0.00 0.01 14.77 14.77 14.77
27.00 1.02 617.90 0.00 0.01 19.50 19.50 19.50
28.00 14.72 656.03 0.00 0.01 15.63 15.23 15.63
29.00 164.15 650.43 0.00 0.01 15.57 15.57 15.57
30.00 476.42 633.97 0.00 0.01 14.30 14.30 14.30
31.00 450.45 632.37 0.00 0.01 17.28 16.65 17.28
32.00 296.18 625.47 0.00 0.01 21.92 19.95 21.92
33.00 148.78 633.68 0.00 0.01 15.67 15.27 15.67
34.00 66.32 627.45 0.00 0.01 13.35 13.35 13.35
35.00 63.58 652.95 0.00 0.01 17.19 16.73 17.19
36.00 37.72 618.52 0.00 0.01 17.23 17.23 17.23
37.00 16.17 623.13 0.00 0.01 17.30 16.52 17.30
38.00 14.29 612.80 0.00 0.01 26.43 25.82 26.43
39.00 137.12 640.14 0.00 0.01 19.28 19.28 19.28
40.00 299.59 632.57 0.00 0.01 14.92 14.88 14.92
41.00 46.08 547.77 0.00 0.01 19.57 18.58 19.57
42.00 16.83 668.77 0.00 0.01 16.97 16.72 16.97
43.00 4.08 654.27 0.00 0.01 18.80 18.18 18.80
44.00 62.48 616.23 0.00 0.01 16.46 16.34 16.46
45.00 441.73 620.27 0.00 0.01 16.23 16.23 16.23
46.00 497.73 625.33 0.00 0.01 17.57 17.57 17.57
47.00 506.15 615.48 0.00 0.01 20.65 20.65 20.65
48.00 522.52 625.03 0.00 0.01 18.95 18.95 18.95
49.00 524.70 597.78 0.00 0.01 19.46 19.46 19.46
50.00 186.53 628.55 0.00 0.01 21.18 21.18 21.18
51.00 85.58 650.12 0.00 0.01 17.30 17.30 17.30
52.00 73.72 672.02 0.00 0.01 18.13 18.13 18.13
53.00 20.36 653.58 0.00 0.01 21.03 21.03 21.03
54.00 3.87 654.13 0.00 0.01 17.67 16.90 17.67
55.00 13.33 649.80 0.00 0.01 18.29 17.73 18.29
56.00 13.23 630.80 0.00 0.01 18.90 18.68 18.90
57.00 4.44 697.29 0.00 0.01 20.75 20.38 20.75
58.00 11.30 683.92 0.00 0.01 19.77 19.77 19.77
59.00 62.44 639.51 0.00 0.01 15.17 15.12 15.17
60.00 320.24 625.37 0.00 0.01 19.70 19.38 19.70
61.00 261.45 634.07 0.00 0.01 23.38 23.38 23.38
62.00 99.68 625.00 0.00 0.01 20.25 20.25 20.25
63.00 62.40 610.97 0.00 0.01 16.81 16.81 16.81
64.00 127.47 612.73 0.00 0.01 15.13 15.13 15.13
65.00 24.02 658.78 0.00 0.01 17.40 16.78 17.40
66.00 2.15 704.95 0.00 0.01 15.97 15.48 15.97
67.00 8.57 698.13 0.00 0.01 17.48 17.48 17.48
68.00 20.70 673.30 0.00 0.01 22.38 21.28 22.38
69.00 13.21 648.75 0.00 0.01 18.44 18.22 18.44
70.00 259.43 680.10 0.00 0.01 23.27 23.12 23.27
71.00 71.12 695.37 0.00 0.01 19.67 19.67 19.67
72.00 191.72 660.77 0.00 0.01 19.43 19.43 19.43
73.00 223.82 690.83 0.00 0.01 20.37 20.37 20.37
74.00 63.58 662.90 0.00 0.01 24.60 24.17 24.60
75.00 32.28 675.18 0.00 0.01 20.52 20.52 20.52
76.00 112.28 679.68 0.00 0.01 20.12 20.12 20.12
77.00 508.40 771.55 0.00 0.01 18.28 18.17 18.28
78.00 511.83 691.92 0.00 0.01 24.72 24.43 24.72
79.00 551.03 678.70 0.00 0.01 23.60 22.83 23.60
80.00 586.97 672.40 0.00 0.01 24.00 23.12 24.00
81.00 605.97 682.12 0.00 0.01 30.92 30.43 30.92
82.00 397.53 636.35 0.00 0.01 34.55 33.63 34.55
83.00 110.63 643.08 0.00 0.01 30.30 30.30 30.30
84.00 68.90 653.60 0.00 0.01 23.97 23.97 23.97
85.00 78.53 733.88 0.00 0.01 26.94 26.94 26.94
86.00 87.89 715.49 0.00 0.01 31.77 31.77 31.77
87.00 50.70 706.59 0.00 0.01 25.82 25.82 25.82
88.00 46.95 665.60 0.00 0.01 28.37 28.37 28.37
89.00 48.85 692.63 0.00 0.01 31.00 31.00 31.00
90.00 39.47 628.77 0.00 0.01 32.02 31.90 32.02
91.00 8.26 710.95 0.00 0.01 30.55 30.37 30.55
92.00 6.80 738.73 0.00 0.01 28.52 28.52 28.52
93.00 8.52 753.03 0.00 0.01 26.17 26.17 26.17
94.00 25.12 747.91 0.00 0.01 29.17 29.17 29.17
95.00 34.45 703.88 0.00 0.01 32.70 31.07 32.70
96.00 83.55 721.22 0.00 0.01 33.72 33.72 33.72
97.00 256.05 718.68 0.00 0.01 36.38 36.38 36.38
98.00 381.32 715.73 0.00 0.01 31.63 30.57 31.63
99.00 427.47 705.31 0.00 0.01 30.63 30.63 30.63
100.00 551.72 696.12 0.00 0.01 26.55 26.55 26.55
101.00 580.65 684.78 0.00 0.01 25.72 25.72 25.72
102.00 212.00 716.17 0.00 0.01 22.38 22.38 22.38
103.00 0.37 1.56 0.00 0.00 0.05 0.05 0.05
