6 19 0 0 0 0 0 0 0.0 0.0 0.0 0.0 0 0 0.0 0.0 28/10/2022 9 38 11 45.4720335 9.2273853
6 19 27.0 58.0 101515 460 1045 0.01 0.0 14.0 15.0 15.0 1 1 2.0 1.0 28/10/2022 9 38 19 45.4720457 9.2272853
6 20 27.0 58.0 101515 570 1059 0.01 0.0 15.0 16.0 17.0 1 2 1.0 2.0 28/10/2022 9 38 47 45.4720596 9.2273529
6 22 0 0 0 644 1089 0.01 0.0 15.0 16.0 17.0 1 0 2.0 1.0 28/10/2022 9 39 9 45.472025 9.2273968
6 22 27.0 58.0 101515 683 1108 0.01 0.0 10.0 13.0 16.0 1 2 2.0 2.0 28/10/2022 9 39 25 45.4719813 9.2274165
6 24 27.0 57.0 101515 0 0 0 0.0 10.0 12.0 14.0 1 2 0.0 2.0 28/10/2022 9 39 49 45.4718019 9.2276186
6 24 27.0 57.0 101515 661 1120 0.01 0.0 10.0 12.0 14.0 1 2 3.0 2.0 28/10/2022 9 40 23 45.4720653 9.2272866
6 25 27.0 57.0 101515 644 1124 0.01 0.0 4.0 5.0 5.0 1 2 2.0 2.0 28/10/2022 9 40 53 45.4720075 9.2272911
6 26 27.0 56.0 101516 600 1092 0.01 0.0 10.0 11.0 11.0 1 2 2.0 2.0 28/10/2022 9 41 17 45.4718823 9.2275097
6 27 28.0 55.0 101516 595 1108 0.01 0.0 9.0 10.0 10.0 1 1 1.0 1.0 28/10/2022 9 41 49 45.4720417 9.2273139
6 28 28.0 55.0 101516 600 1163 0.01 0.0 8.0 9.0 10.0 1 2 1.0 1.0 28/10/2022 9 42 5 45.4719054 9.2274924
6 29 28.0 55.0 101517 592 1129 0.01 0.0 10.0 11.0 12.0 1 2 2.0 2.0 28/10/2022 9 42 27 45.4719693 9.2273183
6 31 0 0 0 597 1170 0.01 0.0 0.0 0.0 0.0 0 0 1.0 0.0 28/10/2022 9 43 17 45.4719791 9.2273026
6 31 28.0 54.0 101517 604 1158 0.01 0.0 6.0 7.0 7.0 1 2 1.0 2.0 28/10/2022 9 43 21 45.4719862 9.227306
6 32 28.0 54.0 101517 604 1118 0.01 0.0 13.0 14.0 14.0 1 2 2.0 2.0 28/10/2022 9 43 41 45.4719209 9.2274322
6 33 28.0 54.0 101518 631 1180 0.01 0.0 13.0 13.0 13.0 1 1 2.0 1.0 28/10/2022 9 44 7 45.4717365 9.2274721
6 34 28.0 53.0 101518 552 1161 0.01 0.0 6.0 7.0 7.0 1 1 1.0 1.0 28/10/2022 9 44 39 45.4718523 9.227515
6 35 28.0 53.0 101518 371 1239 0.01 0.0 8.0 9.0 9.0 1 2 2.0 2.0 28/10/2022 9 44 51 45.4719746 9.2272568
6 36 28.0 53.0 101518 293 1290 0.01 0.0 8.0 9.0 9.0 1 3 1.0 2.0 28/10/2022 9 45 15 45.4717921 9.2272584
6 37 28.0 51.0 101518 137 960 0.01 0.0 12.0 13.0 13.0 1 1 2.0 1.0 28/10/2022 9 45 59 45.472071 9.2270897
6 38 28.0 49.0 101521 17 851 0.01 0.0 10.0 10.0 10.0 1 1 2.0 2.0 28/10/2022 9 46 15 45.4722602 9.2272862
6 39 27.0 48.0 101527 0 775 0.01 0.0 12.0 12.0 12.0 1 2 2.0 2.0 28/10/2022 9 46 41 45.4725092 9.2272603
6 40 26.0 47.0 101534 0 675 0.01 0.0 12.0 12.0 12.0 1 1 1.0 1.0 28/10/2022 9 47 5 45.4726706 9.2276252
6 41 26.0 47.0 101540 0 669 0.01 0.0 14.0 15.0 15.0 1 2 1.0 1.0 28/10/2022 9 47 29 45.4727605 9.2280303
6 42 25.0 47.0 101546 2 665 0.01 0.0 14.0 15.0 15.0 1 2 2.0 1.0 28/10/2022 9 47 53 45.4727658 9.2282998
6 43 25.0 48.0 101551 2 646 0.01 0.0 17.0 18.0 18.0 1 1 1.0 2.0 28/10/2022 9 48 17 45.4727537 9.2287045
6 45 24.0 48.0 101556 8 608 0.01 0.0 0.0 0.0 0.0 0 1 1.0 0.0 28/10/2022 9 48 43 45.4727216 9.2289204
6 45 24.0 48.0 101561 9 654 0.01 0.0 13.0 14.0 14.0 1 2 1.0 2.0 28/10/2022 9 49 3 45.4727356 9.2294956
6 46 24.0 49.0 101566 6 590 0.01 0.0 11.0 11.0 11.0 1 2 2.0 2.0 28/10/2022 9 49 29 45.4724496 9.2298623
6 47 24.0 49.0 101570 5 640 0.01 0.0 11.0 11.0 11.0 1 1 1.0 1.0 28/10/2022 9 50 1 45.4724441 9.2301136
6 48 24.0 49.0 101574 11 615 0.01 0.0 11.0 11.0 11.0 1 3 3.0 3.0 28/10/2022 9 50 15 45.4725806 9.2305107
6 49 23.0 50.0 101578 4 652 0.01 0.0 9.0 9.0 9.0 1 2 1.0 2.0 28/10/2022 9 50 51 45.4728067 9.2310883
6 51 0 0 0 2 625 0.01 0.0 12.0 13.0 13.0 1 0 1.0 1.0 28/10/2022 9 51 25 45.4728258 9.2313974
6 52 24.0 49.0 101586 0 0 0 0.0 14.0 15.0 15.0 1 1 0.0 2.0 28/10/2022 9 51 43 45.4728362 9.2317474
6 52 24.0 49.0 101589 72 588 0.01 0.0 15.0 16.0 17.0 1 2 2.0 1.0 28/10/2022 9 52 3 45.4727506 9.2324223
6 54 0 0 0 49 632 0.01 0.0 11.0 11.0 11.0 1 0 1.0 1.0 28/10/2022 9 52 39 45.4727246 9.2326134
6 54 24.0 49.0 101595 21 699 0.01 0.0 11.0 11.0 11.0 1 2 1.0 2.0 28/10/2022 9 52 51 45.4727651 9.2331019
6 56 23.0 50.0 101597 0 0 0 0.0 16.0 17.0 17.0 1 2 0.0 2.0 28/10/2022 9 53 21 45.4728138 9.233521
6 56 23.0 51.0 101600 1 618 0.01 0.0 14.0 15.0 15.0 1 1 1.0 1.0 28/10/2022 9 53 47 45.4727683 9.2340044
6 58 23.0 51.0 101603 0 673 0.01 0.0 0.0 0.0 0.0 0 1 1.0 0.0 28/10/2022 9 54 13 45.4727812 9.2342065
6 58 23.0 51.0 101605 1 657 0.01 0.0 23.0 25.0 26.0 1 2 1.0 2.0 28/10/2022 9 54 25 45.47279 9.2344433
6 59 23.0 51.0 101608 5 605 0.01 0.0 22.0 25.0 26.0 1 2 1.0 2.0 28/10/2022 9 54 51 45.4728267 9.2345367
6 60 23.0 51.0 101610 98 650 0.01 0.0 22.0 25.0 26.0 1 1 2.0 2.0 28/10/2022 9 55 27 45.4728267 9.2345367
6 61 24.0 51.0 101612 284 664 0.01 0.0 17.0 18.0 19.0 1 2 2.0 1.0 28/10/2022 9 55 53 45.4728267 9.2345367
6 63 0 0 0 252 622 0.01 0.0 0.0 0.0 0.0 0 0 1.0 0.0 28/10/2022 9 56 29 45.4728267 9.2345367
6 63 25.0 49.0 101616 321 659 0.01 0.0 17.0 19.0 20.0 1 2 1.0 2.0 28/10/2022 9 56 39 45.4728267 9.2345367
6 1 25.0 49.0 101618 443 666 0.01 0.0 25.0 26.0 26.0 1 2 2.0 2.0 28/10/2022 9 57 3 45.4728267 9.2345367
6 2 25.0 49.0 101620 536 666 0.01 0.0 12.0 12.0 12.0 1 1 1.0 2.0 28/10/2022 9 57 27 45.4728267 9.2345367
6 4 26.0 49.0 101623 563 659 0.01 0.0 24.0 25.0 25.0 1 1 2.0 2.0 28/10/2022 9 58 17 45.4728267 9.2345367
6 5 26.0 49.0 101625 570 635 0.01 0.0 17.0 18.0 18.0 1 1 1.0 1.0 28/10/2022 9 58 43 45.4728267 9.2345367
6 6 26.0 49.0 101626 583 660 0.01 0.0 17.0 18.0 18.0 1 1 1.0 1.0 28/10/2022 9 59 1 45.4728267 9.2345367
6 7 26.0 49.0 101628 594 693 0.01 0.0 15.0 16.0 16.0 1 2 1.0 2.0 28/10/2022 9 59 27 45.4728267 9.2345367
6 8 26.0 49.0 101630 606 663 0.01 0.0 15.0 16.0 16.0 1 2 1.0 1.0 28/10/2022 9 59 51 45.47283 9.2344033
6 9 27.0 49.0 101631 616 684 0.01 0.0 15.0 16.0 16.0 1 2 2.0 2.0 28/10/2022 10 0 17 45.4729722 9.234658
6 10 26.0 49.0 101632 346 618 0.01 0.0 17.0 18.0 18.0 1 2 2.0 2.0 28/10/2022 10 0 51 45.4732864 9.2346551
6 11 25.0 48.0 101632 135 645 0.01 0.0 12.0 13.0 13.0 1 2 2.0 2.0 28/10/2022 10 1 15 45.4735445 9.2344993
6 13 25.0 48.0 101633 102 552 0.01 0.0 0.0 0.0 0.0 0 1 1.0 0.0 28/10/2022 10 1 41 45.4737357 9.2344725
6 13 25.0 48.0 101633 67 616 0.01 0.0 24.0 25.0 25.0 1 1 2.0 2.0 28/10/2022 10 2 5 45.4740144 9.2343988
6 14 24.0 49.0 101634 48 668 0.01 0.0 13.0 14.0 14.0 1 2 2.0 1.0 28/10/2022 10 2 29 45.4744828 9.2344334
6 16 0 0 0 34 688 0.01 0.0 13.0 14.0 14.0 1 0 1.0 1.0 28/10/2022 10 3 1 45.4747056 9.2343561
6 16 23.0 51.0 101634 14 660 0.01 0.0 16.0 17.0 17.0 1 2 1.0 2.0 28/10/2022 10 3 21 45.4750897 9.2343918
6 18 23.0 52.0 101635 0 0 0 0.0 13.0 14.0 14.0 1 1 0.0 1.0 28/10/2022 10 3 49 45.4752159 9.2343908
6 18 23.0 52.0 101635 4 671 0.01 0.0 13.0 14.0 14.0 1 1 1.0 2.0 28/10/2022 10 4 1 45.475726 9.2343702
6 19 23.0 52.0 101635 2 624 0.01 0.0 19.0 20.0 20.0 1 1 1.0 1.0 28/10/2022 10 4 43 45.4758987 9.234372
6 21 23.0 51.0 101635 0 611 0.01 0.0 0.0 0.0 0.0 0 1 2.0 0.0 28/10/2022 10 4 55 45.4759714 9.2347105
6 21 23.0 51.0 101635 1 638 0.01 0.0 18.0 20.0 20.0 1 3 2.0 3.0 28/10/2022 10 5 15 45.4760675 9.2354411
6 22 22.0 52.0 101635 0 647 0.01 0.0 15.0 16.0 16.0 1 1 1.0 1.0 28/10/2022 10 5 59 45.4760177 9.2356573
6 23 22.0 53.0 101636 11 698 0.01 0.0 12.0 13.0 14.0 1 2 2.0 1.0 28/10/2022 10 6 13 45.4757706 9.2359582
6 24 23.0 52.0 101635 29 649 0.01 0.0 16.0 17.0 17.0 1 2 2.0 2.0 28/10/2022 10 6 37 45.4757209 9.23596
6 25 23.0 52.0 101635 117 671 0.01 0.0 16.0 17.0 17.0 1 1 1.0 1.0 28/10/2022 10 7 3 45.4757217 9.23596
6 26 24.0 52.0 101634 291 658 0.01 0.0 13.0 14.0 14.0 1 2 2.0 2.0 28/10/2022 10 7 27 45.4757217 9.23596
6 27 24.0 51.0 101633 463 666 0.01 0.0 13.0 14.0 14.0 1 2 1.0 2.0 28/10/2022 10 7 53 45.4757217 9.23596
6 28 24.0 51.0 101633 524 618 0.01 0.0 14.0 15.0 15.0 1 1 1.0 1.0 28/10/2022 10 8 17 45.4757217 9.23596
6 29 25.0 51.0 101632 503 656 0.01 0.0 14.0 15.0 15.0 1 2 2.0 2.0 28/10/2022 10 8 41 45.4757217 9.23596
6 30 25.0 50.0 101632 410 648 0.01 0.0 14.0 15.0 15.0 1 2 1.0 2.0 28/10/2022 10 9 5 45.4757217 9.23596
6 31 25.0 50.0 101631 481 626 0.01 0.0 18.0 21.0 23.0 1 2 2.0 2.0 28/10/2022 10 9 29 45.4757217 9.23596
6 32 25.0 50.0 101631 357 638 0.01 0.0 18.0 20.0 22.0 1 1 1.0 1.0 28/10/2022 10 10 5 45.4757217 9.23596
6 33 25.0 49.0 101630 177 641 0.01 0.0 18.0 20.0 22.0 1 3 3.0 2.0 28/10/2022 10 10 17 45.4757217 9.23596
6 34 25.0 49.0 101630 175 646 0.01 0.0 13.0 13.0 13.0 1 2 1.0 2.0 28/10/2022 10 10 53 45.4757217 9.23596
6 35 25.0 48.0 101630 117 646 0.01 0.0 18.0 19.0 20.0 1 1 1.0 1.0 28/10/2022 10 11 27 45.4757088 9.2359653
6 36 26.0 47.0 101629 73 637 0.01 0.0 17.0 18.0 18.0 1 2 2.0 2.0 28/10/2022 10 11 39 45.4757439 9.2359441
6 37 26.0 47.0 101629 59 628 0.01 0.0 10.0 11.0 11.0 1 2 2.0 2.0 28/10/2022 10 12 5 45.4759477 9.2356413
6 39 25.0 47.0 101628 88 681 0.01 0.0 0.0 0.0 0.0 0 1 2.0 0.0 28/10/2022 10 12 37 45.4759399 9.2354405
6 39 25.0 48.0 101628 79 691 0.01 0.0 15.0 16.0 17.0 1 2 2.0 2.0 28/10/2022 10 12 53 45.4760025 9.2349909
6 40 24.0 48.0 101628 45 635 0.01 0.0 16.0 18.0 18.0 1 2 1.0 2.0 28/10/2022 10 13 17 45.4759971 9.2344412
6 42 0 0 0 33 632 0.01 0.0 17.0 18.0 18.0 1 0 1.0 1.0 28/10/2022 10 13 57 45.4761113 9.2343957
6 42 24.0 49.0 101627 42 658 0.01 0.0 17.0 18.0 18.0 1 2 2.0 1.0 28/10/2022 10 14 5 45.4763749 9.2343838
6 43 24.0 49.0 101628 29 572 0.01 0.0 15.0 16.0 16.0 1 2 1.0 2.0 28/10/2022 10 14 29 45.4767074 9.234378
6 44 24.0 49.0 101627 23 673 0.01 0.0 15.0 17.0 18.0 1 1 2.0 1.0 28/10/2022 10 14 55 45.4769534 9.2344282
6 45 23.0 50.0 101627 6 632 0.01 0.0 15.0 17.0 18.0 1 2 3.0 3.0 28/10/2022 10 15 15 45.4774341 9.2344263
6 46 23.0 50.0 101626 0 633 0.01 0.0 18.0 20.0 21.0 2 1 1.0 1.0 28/10/2022 10 15 53 45.4776725 9.234435
6 47 23.0 50.0 101625 0 604 0.01 0.0 38.0 40.0 40.0 1 1 2.0 2.0 28/10/2022 10 16 19 45.477665 9.2344333
6 48 24.0 50.0 101625 67 639 0.01 0.0 19.0 21.0 21.0 1 2 1.0 2.0 28/10/2022 10 16 39 45.477665 9.2344333
6 49 24.0 49.0 101624 194 661 0.01 0.0 18.0 19.0 19.0 1 2 1.0 2.0 28/10/2022 10 17 5 45.477665 9.2344333
6 51 25.0 49.0 101623 0 0 0 0.0 14.0 15.0 15.0 1 1 0.0 1.0 28/10/2022 10 17 37 45.4777677 9.2343828
6 51 25.0 49.0 101623 410 637 0.01 0.0 14.0 15.0 15.0 1 1 2.0 2.0 28/10/2022 10 17 49 45.4780387 9.2344043
6 52 24.0 49.0 101622 160 658 0.01 0.0 14.0 15.0 15.0 1 1 1.0 2.0 28/10/2022 10 18 17 45.4782772 9.234376
6 54 24.0 49.0 101621 0 0 0 0.0 18.0 19.0 20.0 1 2 0.0 2.0 28/10/2022 10 18 37 45.4787104 9.2343787
6 54 24.0 49.0 101621 52 556 0.01 0.0 18.0 19.0 20.0 1 1 2.0 1.0 28/10/2022 10 19 13 45.4789235 9.2343971
6 55 24.0 49.0 101620 18 670 0.01 0.0 16.0 17.0 18.0 1 1 1.0 2.0 28/10/2022 10 19 35 45.4791891 9.2343979
6 56 23.0 49.0 101620 25 674 0.01 0.0 16.0 17.0 17.0 2 1 2.0 2.0 28/10/2022 10 19 53 45.4794552 9.2343677
6 57 23.0 50.0 101619 7 695 0.01 0.0 16.0 17.0 17.0 1 2 3.0 2.0 28/10/2022 10 20 17 45.4799278 9.2344032
6 58 23.0 50.0 101618 2 656 0.01 0.0 17.0 18.0 19.0 1 2 1.0 2.0 28/10/2022 10 20 59 45.4801698 9.2343927
6 59 23.0 50.0 101617 3 638 0.01 0.0 20.0 21.0 22.0 1 2 2.0 2.0 28/10/2022 10 21 19 45.4802516 9.234365
6 60 23.0 51.0 101617 3 629 0.01 0.0 15.0 16.0 16.0 1 2 2.0 1.0 28/10/2022 10 21 43 45.4802517 9.234365
6 62 0 0 0 174 627 0.01 0.0 0.0 0.0 0.0 0 0 1.0 0.0 28/10/2022 10 22 23 45.4802517 9.234365
6 62 24.0 50.0 101615 364 605 0.01 0.0 15.0 16.0 16.0 1 2 1.0 2.0 28/10/2022 10 22 27 45.4802733 9.2343267
6 63 25.0 49.0 101615 482 641 0.01 0.0 15.0 16.0 16.0 1 2 1.0 2.0 28/10/2022 10 22 53 45.4802733 9.2343267
6 1 25.0 49.0 101614 520 650 0.01 0.0 21.0 22.0 22.0 1 1 1.0 1.0 28/10/2022 10 23 29 45.4802733 9.2343267
6 2 25.0 49.0 101613 494 624 0.01 0.0 15.0 16.0 16.0 1 1 2.0 2.0 28/10/2022 10 23 41 45.4802733 9.2343267
6 4 25.0 49.0 101613 518 657 0.01 0.0 0.0 0.0 0.0 0 1 2.0 0.0 28/10/2022 10 24 7 45.4802733 9.2343267
6 4 25.0 48.0 101613 507 615 0.01 0.0 20.0 21.0 21.0 1 2 1.0 2.0 28/10/2022 10 24 25 45.4802605 9.2343928
6 6 26.0 48.0 101613 0 0 0 0.0 20.0 21.0 21.0 1 1 0.0 1.0 28/10/2022 10 25 5 45.48026 9.2343917
6 6 26.0 48.0 101613 543 664 0.01 0.0 20.0 21.0 21.0 1 3 2.0 3.0 28/10/2022 10 25 19 45.48026 9.2343917
6 7 26.0 48.0 101613 539 622 0.01 0.0 17.0 18.0 18.0 1 1 2.0 2.0 28/10/2022 10 25 53 45.48026 9.2343917
6 8 26.0 47.0 101613 450 609 0.01 0.0 19.0 20.0 20.0 1 1 1.0 1.0 28/10/2022 10 26 25 45.48026 9.2343917
6 9 26.0 47.0 101613 576 603 0.01 0.0 19.0 20.0 20.0 1 1 2.0 2.0 28/10/2022 10 26 41 45.4803779 9.2343737
6 11 26.0 46.0 101613 522 613 0.01 0.0 0.0 0.0 0.0 0 1 2.0 0.0 28/10/2022 10 27 7 45.4806866 9.2343642
6 12 0 0 0 206 639 0.01 0.0 19.0 20.0 20.0 1 0 1.0 2.0 28/10/2022 10 27 39 45.480917 9.2343386
6 12 25.0 47.0 101613 103 642 0.01 0.0 19.0 20.0 20.0 1 1 2.0 1.0 28/10/2022 10 27 55 45.4809631 9.2343711
6 13 25.0 47.0 101613 84 651 0.01 0.0 23.0 25.0 25.0 1 2 1.0 2.0 28/10/2022 10 28 13 45.4812864 9.2342026
6 14 24.0 48.0 101613 95 664 0.01 0.0 13.0 14.0 14.0 1 1 2.0 1.0 28/10/2022 10 28 45 45.4815055 9.2341797
6 15 24.0 48.0 101612 82 663 0.01 0.0 14.0 15.0 15.0 1 2 2.0 2.0 28/10/2022 10 29 1 45.4817899 9.2342323
6 16 24.0 49.0 101612 101 685 0.01 0.0 17.0 18.0 18.0 2 2 2.0 2.0 28/10/2022 10 29 25 45.4821843 9.2342743
6 18 0 0 0 55 686 0.01 0.0 18.0 19.0 19.0 1 0 1.0 2.0 28/10/2022 10 30 1 45.4823909 9.2342401
6 18 23.0 50.0 101611 21 674 0.01 0.0 18.0 19.0 19.0 1 1 2.0 3.0 28/10/2022 10 30 17 45.4828994 9.2342158
6 20 23.0 50.0 101610 0 0 0 0.0 24.0 25.0 25.0 1 1 0.0 1.0 28/10/2022 10 30 59 45.48319 9.2341952
6 21 23.0 50.0 101609 0 0 0 0.0 17.0 18.0 18.0 1 1 0.0 1.0 28/10/2022 10 31 23 45.4833637 9.2341875
6 21 23.0 50.0 101608 2 675 0.01 0.0 14.0 15.0 16.0 1 2 1.0 1.0 28/10/2022 10 31 39 45.483726 9.2342223
6 22 23.0 50.0 101607 7 658 0.01 0.0 18.0 20.0 21.0 1 2 1.0 2.0 28/10/2022 10 32 7 45.4840639 9.2347656
6 24 0 0 0 3 713 0.01 0.0 0.0 0.0 0.0 0 0 1.0 0.0 28/10/2022 10 32 45 45.4841453 9.2348369
6 24 23.0 51.0 101605 16 675 0.01 0.0 15.0 16.0 16.0 1 1 2.0 2.0 28/10/2022 10 32 49 45.4841809 9.2351438
6 25 22.0 51.0 101605 24 616 0.01 0.0 18.0 19.0 20.0 1 2 1.0 2.0 28/10/2022 10 33 13 45.4843359 9.2356241
6 26 22.0 51.0 101604 14 626 0.01 0.0 18.0 19.0 19.0 1 2 2.0 2.0 28/10/2022 10 33 37 45.4843414 9.235939
6 27 23.0 51.0 101603 5 684 0.01 0.0 18.0 19.0 19.0 1 1 1.0 1.0 28/10/2022 10 34 5 45.4845955 9.2362087
6 29 22.0 51.0 101602 0 0 0 0.0 19.0 21.0 22.0 1 2 0.0 1.0 28/10/2022 10 34 31 45.4848185 9.2361424
6 29 22.0 51.0 101602 0 725 0.01 0.0 19.0 21.0 21.0 1 1 2.0 1.0 28/10/2022 10 34 53 45.4848217 9.2361817
6 30 23.0 51.0 101601 14 692 0.01 0.0 19.0 21.0 21.0 1 1 1.0 1.0 28/10/2022 10 35 39 45.4848217 9.2361817
6 32 23.0 50.0 101600 0 0 0 0.0 0.0 0.0 0.0 0 1 0.0 0.0 28/10/2022 10 35 57 45.4848217 9.2361817
6 32 24.0 49.0 101599 2 644 0.01 0.0 14.0 14.0 14.0 1 1 2.0 2.0 28/10/2022 10 36 17 45.4848217 9.2361817
6 36 25.0 48.0 101597 0 0 0 0.0 15.0 16.0 16.0 1 1 0.0 1.0 28/10/2022 10 37 41 45.4848217 9.2361817
6 36 25.0 47.0 101597 126 667 0.01 0.0 15.0 16.0 16.0 1 1 2.0 1.0 28/10/2022 10 37 57 45.4848217 9.2361817
6 38 25.0 47.0 101596 0 0 0 0.0 16.0 17.0 18.0 1 2 0.0 2.0 28/10/2022 10 38 17 45.4848328 9.2361603
6 38 25.0 47.0 101596 328 640 0.01 0.0 20.0 21.0 21.0 1 1 1.0 1.0 28/10/2022 10 38 39 45.4848333 9.2361583
6 39 26.0 47.0 101596 329 644 0.01 0.0 20.0 21.0 21.0 1 1 2.0 1.0 28/10/2022 10 39 9 45.4848333 9.2361583
6 40 26.0 47.0 101596 325 631 0.01 0.0 24.0 25.0 25.0 1 1 1.0 1.0 28/10/2022 10 39 37 45.4848333 9.2361583
6 41 26.0 46.0 101596 196 652 0.01 0.0 24.0 25.0 25.0 1 2 2.0 1.0 28/10/2022 10 39 51 45.4848333 9.2361583
6 42 26.0 46.0 101596 119 666 0.01 0.0 24.0 25.0 25.0 1 3 2.0 3.0 28/10/2022 10 40 17 45.4847534 9.2357784
6 44 0 0 0 79 597 0.01 0.0 14.0 15.0 15.0 1 0 1.0 1.0 28/10/2022 10 40 51 45.4845703 9.2355749
6 44 25.0 47.0 101596 70 625 0.01 0.0 19.0 20.0 20.0 1 2 2.0 2.0 28/10/2022 10 41 19 45.4844127 9.2351985
6 46 24.0 48.0 101596 62 650 0.01 0.0 0.0 0.0 0.0 0 1 2.0 0.0 28/10/2022 10 41 45 45.4842646 9.2349408
6 46 24.0 48.0 101596 50 578 0.01 0.0 12.0 12.0 12.0 1 1 1.0 1.0 28/10/2022 10 42 3 45.4840557 9.2344986
6 47 24.0 48.0 101596 140 610 0.01 0.0 15.0 16.0 16.0 1 2 1.0 2.0 28/10/2022 10 42 25 45.4838269 9.2344164
6 48 24.0 48.0 101596 151 669 0.01 0.0 16.0 16.0 16.0 1 1 1.0 1.0 28/10/2022 10 42 57 45.4836001 9.2343564
6 49 23.0 49.0 101596 44 657 0.01 0.0 20.0 21.0 21.0 1 1 1.0 1.0 28/10/2022 10 43 17 45.4833243 9.2343395
6 50 23.0 49.0 101596 7 677 0.01 0.0 13.0 15.0 16.0 1 1 1.0 2.0 28/10/2022 10 43 37 45.4828303 9.2342267
6 52 0 0 0 0 785 0.01 0.0 13.0 15.0 17.0 2 0 1.0 1.0 28/10/2022 10 44 15 45.4826448 9.2343274
6 53 0 0 0 0 654 0.01 0.0 15.0 16.0 16.0 1 0 1.0 1.0 28/10/2022 10 44 29 45.4823057 9.234373
6 53 22.0 51.0 101596 2 757 0.01 0.0 15.0 16.0 16.0 2 1 1.0 1.0 28/10/2022 10 44 55 45.4817156 9.2344612
6 54 22.0 51.0 101597 14 699 0.01 0.0 15.0 16.0 16.0 2 1 1.0 1.0 28/10/2022 10 45 39 45.4815769 9.2344179
6 55 22.0 51.0 101597 14 658 0.01 0.0 20.0 21.0 21.0 1 2 1.0 2.0 28/10/2022 10 45 51 45.4812621 9.234441
6 56 22.0 52.0 101597 32 744 0.01 0.0 23.0 26.0 29.0 1 1 1.0 1.0 28/10/2022 10 46 21 45.4809888 9.2344241
6 57 22.0 51.0 101598 15 631 0.01 0.0 18.0 19.0 19.0 1 1 1.0 2.0 28/10/2022 10 46 43 45.4808145 9.2342144
6 58 22.0 51.0 101598 14 686 0.01 0.0 17.0 17.0 17.0 1 2 1.0 1.0 28/10/2022 10 47 3 45.4804667 9.2342891
6 60 23.0 51.0 101599 13 640 0.01 0.0 0.0 0.0 0.0 0 1 1.0 0.0 28/10/2022 10 47 35 45.4804695 9.23425
6 61 23.0 51.0 101600 0 0 0 0.0 22.0 25.0 26.0 1 1 0.0 2.0 28/10/2022 10 48 3 45.48047 9.23425
6 61 24.0 51.0 101600 290 713 0.01 0.0 28.0 29.0 29.0 1 1 2.0 1.0 28/10/2022 10 48 19 45.4803777 9.2341586
6 63 24.0 50.0 101600 0 0 0 0.0 18.0 20.0 20.0 1 2 0.0 1.0 28/10/2022 10 48 37 45.4799782 9.2342025
6 63 24.0 50.0 101601 114 724 0.01 0.0 18.0 20.0 20.0 1 1 2.0 1.0 28/10/2022 10 49 7 45.4797511 9.2342562
6 1 24.0 50.0 101601 63 681 0.01 0.0 19.0 20.0 20.0 2 2 2.0 2.0 28/10/2022 10 49 25 45.4794655 9.2342382
6 2 24.0 50.0 101602 49 726 0.01 0.0 19.0 20.0 20.0 1 2 1.0 1.0 28/10/2022 10 49 49 45.4789227 9.2342221
6 4 0 0 0 75 652 0.01 0.0 19.0 20.0 20.0 1 0 2.0 2.0 28/10/2022 10 50 33 45.4786443 9.2342832
6 4 24.0 50.0 101603 627 604 0.01 0.0 17.0 19.0 19.0 1 2 1.0 2.0 28/10/2022 10 50 53 45.4784885 9.2339994
6 5 24.0 50.0 101604 151 730 0.01 0.0 20.0 21.0 21.0 1 2 1.0 1.0 28/10/2022 10 51 17 45.4785174 9.2331968
6 8 0 0 0 71 610 0.01 0.0 20.0 22.0 22.0 1 0 2.0 2.0 28/10/2022 10 52 3 45.4786858 9.2327517
6 8 24.0 50.0 101605 64 702 0.01 0.0 24.0 26.0 27.0 1 2 2.0 2.0 28/10/2022 10 52 27 45.4785846 9.232258
6 9 24.0 50.0 101605 55 726 0.01 0.0 24.0 26.0 26.0 1 1 2.0 1.0 28/10/2022 10 52 53 45.4784641 9.2317431
6 10 24.0 51.0 101606 40 676 0.01 0.0 13.0 14.0 14.0 1 2 1.0 2.0 28/10/2022 10 53 23 45.4782891 9.2315864
6 11 24.0 51.0 101606 7 663 0.01 0.0 22.0 23.0 23.0 1 2 2.0 2.0 28/10/2022 10 53 43 45.4782117 9.2315767
6 12 24.0 51.0 101607 19 688 0.01 0.0 22.0 23.0 23.0 1 1 2.0 1.0 28/10/2022 10 54 7 45.4782117 9.2315767
6 13 24.0 50.0 101608 162 669 0.01 0.0 17.0 18.0 18.0 1 2 1.0 2.0 28/10/2022 10 54 33 45.4782117 9.2315767
6 14 24.0 50.0 101609 389 808 0.01 0.0 17.0 18.0 18.0 1 1 2.0 1.0 28/10/2022 10 54 57 45.4782117 9.2315767
6 15 25.0 50.0 101610 540 792 0.01 0.0 17.0 18.0 18.0 1 3 2.0 2.0 28/10/2022 10 55 13 45.478275 9.2315567
6 16 25.0 50.0 101611 562 707 0.01 0.0 20.0 22.0 23.0 1 2 2.0 2.0 28/10/2022 10 55 55 45.478275 9.2315567
6 17 25.0 50.0 101612 493 704 0.01 0.0 25.0 26.0 26.0 1 2 2.0 2.0 28/10/2022 10 56 19 45.478275 9.2315567
6 18 26.0 49.0 101613 518 700 0.01 0.0 25.0 26.0 26.0 1 2 2.0 2.0 28/10/2022 10 56 43 45.478275 9.2315567
6 20 26.0 49.0 101614 555 677 0.01 0.0 0.0 0.0 0.0 0 1 1.0 0.0 28/10/2022 10 57 7 45.478275 9.2315567
6 20 26.0 49.0 101615 569 714 0.01 0.0 21.0 23.0 24.0 1 1 2.0 1.0 28/10/2022 10 57 37 45.478275 9.2315567
6 21 26.0 48.0 101616 600 684 0.01 0.0 22.0 23.0 24.0 1 2 1.0 2.0 28/10/2022 10 57 53 45.4782217 9.2315767
6 23 0 0 0 580 681 0.01 0.0 0.0 0.0 0.0 0 0 1.0 0.0 28/10/2022 10 58 49 45.4782217 9.2315767
6 23 27.0 48.0 101618 583 684 0.01 0.0 26.0 28.0 28.0 1 1 1.0 1.0 28/10/2022 10 58 53 45.4782217 9.2315767
6 24 27.0 48.0 101619 620 709 0.01 0.0 26.0 28.0 28.0 1 2 2.0 1.0 28/10/2022 10 59 5 45.4783028 9.2315526
6 25 27.0 48.0 101620 620 683 0.01 0.0 31.0 34.0 35.0 1 1 2.0 1.0 28/10/2022 10 59 29 45.4784688 9.2310203
6 27 26.0 47.0 101620 204 609 0.01 0.0 31.0 34.0 35.0 1 2 2.0 2.0 28/10/2022 11 0 27 45.4784436 9.2305514
6 28 25.0 48.0 101620 142 635 0.01 0.0 35.0 37.0 37.0 1 2 2.0 2.0 28/10/2022 11 0 53 45.4784193 9.2301934
6 29 25.0 48.0 101619 100 697 0.01 0.0 25.0 27.0 27.0 1 1 1.0 1.0 28/10/2022 11 1 21 45.4781462 9.2301819
6 30 25.0 48.0 101619 82 627 0.01 0.0 25.0 26.0 26.0 1 2 2.0 2.0 28/10/2022 11 1 41 45.4778617 9.2302471
6 31 25.0 48.0 101619 66 678 0.01 0.0 23.0 24.0 24.0 1 2 2.0 2.0 28/10/2022 11 2 5 45.4774986 9.2301937
6 33 25.0 48.0 101618 0 0 0 0.0 23.0 24.0 24.0 2 1 0.0 2.0 28/10/2022 11 2 33 45.47726 9.2302159
6 33 24.0 49.0 101618 77 706 0.01 0.0 23.0 25.0 25.0 1 1 2.0 1.0 28/10/2022 11 2 51 45.476966 9.2301587
6 35 24.0 50.0 101618 75 808 0.01 0.0 0.0 0.0 0.0 0 2 2.0 0.0 28/10/2022 11 3 15 45.4768382 9.2298889
6 35 24.0 50.0 101618 94 685 0.01 0.0 31.0 32.0 32.0 2 2 1.0 2.0 28/10/2022 11 3 41 45.4768247 9.229468
6 36 24.0 50.0 101618 89 758 0.01 0.0 31.0 33.0 33.0 1 1 2.0 1.0 28/10/2022 11 4 4 45.4768182 9.2290854
6 38 24.0 51.0 101617 0 0 0 0.0 0.0 0.0 0.0 0 1 0.0 0.0 28/10/2022 11 4 28 45.4767804 9.2286044
6 39 23.0 51.0 101617 0 0 0 0.0 25.0 26.0 26.0 1 2 0.0 2.0 28/10/2022 11 4 56 45.4767242 9.2282554
6 39 23.0 51.0 101617 54 732 0.01 0.0 25.0 26.0 26.0 1 2 2.0 2.0 28/10/2022 11 5 16 45.4767867 9.2276422
6 40 23.0 52.0 101616 37 680 0.01 0.0 28.0 30.0 30.0 1 2 1.0 2.0 28/10/2022 11 5 48 45.4768035 9.2272038
6 41 23.0 52.0 101616 57 643 0.01 0.0 27.0 29.0 29.0 1 1 1.0 1.0 28/10/2022 11 6 16 45.4767253 9.2268215
6 42 23.0 52.0 101615 51 744 0.01 0.0 24.0 26.0 26.0 1 2 2.0 2.0 28/10/2022 11 6 40 45.4764482 9.2266988
6 44 23.0 52.0 101615 42 689 0.01 0.0 0.0 0.0 0.0 0 2 1.0 0.0 28/10/2022 11 7 4 45.4762246 9.2266776
6 44 23.0 52.0 101614 56 697 0.01 0.0 33.0 35.0 35.0 1 2 1.0 1.0 28/10/2022 11 7 26 45.4757364 9.2266718
6 45 23.0 52.0 101614 60 716 0.01 0.0 33.0 35.0 35.0 1 1 1.0 1.0 28/10/2022 11 8 4 45.4755766 9.2266975
6 46 23.0 52.0 101613 30 539 0.01 0.0 29.0 30.0 30.0 1 2 2.0 2.0 28/10/2022 11 8 16 45.4753055 9.2266985
6 47 23.0 53.0 101613 12 766 0.01 0.0 30.0 32.0 33.0 2 1 2.0 1.0 28/10/2022 11 8 42 45.4750443 9.2266907
6 48 23.0 53.0 101613 7 715 0.01 0.0 30.0 32.0 32.0 1 2 2.0 2.0 28/10/2022 11 9 0 45.4747213 9.2267409
6 50 22.0 54.0 101613 0 0 0 0.0 28.0 29.0 29.0 1 2 0.0 2.0 28/10/2022 11 9 26 45.474246 9.2267188
6 50 22.0 54.0 101613 11 706 0.01 0.0 28.0 29.0 29.0 1 1 1.0 1.0 28/10/2022 11 10 4 45.4740887 9.2267373
6 51 22.0 54.0 101613 5 780 0.01 0.0 28.0 29.0 29.0 1 3 3.0 3.0 28/10/2022 11 10 18 45.4737125 9.2268798
6 52 22.0 55.0 101613 6 778 0.01 0.0 24.0 25.0 25.0 2 1 2.0 2.0 28/10/2022 11 10 54 45.4734484 9.2271469
6 54 0 0 0 10 719 0.01 0.0 0.0 0.0 0.0 0 0 1.0 0.0 28/10/2022 11 11 30 45.4734448 9.2272173
6 54 22.0 55.0 101613 20 740 0.01 0.0 29.0 31.0 31.0 1 2 2.0 2.0 28/10/2022 11 11 36 45.4729434 9.2273964
6 55 22.0 54.0 101614 30 785 0.01 0.0 26.0 27.0 27.0 1 2 1.0 2.0 28/10/2022 11 12 4 45.4726193 9.2275807
6 57 23.0 54.0 101614 0 0 0 0.0 30.0 32.0 32.0 1 1 0.0 1.0 28/10/2022 11 12 28 45.4723421 9.227343
6 57 23.0 54.0 101614 32 741 0.01 0.0 30.0 32.0 33.0 1 2 1.0 2.0 28/10/2022 11 12 56 45.4721515 9.227261
6 58 23.0 54.0 101614 38 701 0.01 0.0 28.0 31.0 34.0 1 1 2.0 2.0 28/10/2022 11 13 16 45.4721551 9.2270311
6 59 23.0 54.0 101615 30 722 0.01 0.0 31.0 33.0 33.0 1 1 1.0 1.0 28/10/2022 11 13 42 45.4721333 9.2270215
6 60 23.0 54.0 101615 89 763 0.01 0.0 31.0 33.0 33.0 1 1 2.0 1.0 28/10/2022 11 14 8 45.4721561 9.2270194
6 61 24.0 53.0 101616 151 723 0.01 0.0 35.0 37.0 37.0 1 2 2.0 1.0 28/10/2022 11 14 24 45.4721434 9.2269651
6 62 24.0 53.0 101616 214 743 0.01 0.0 35.0 37.0 37.0 1 2 2.0 2.0 28/10/2022 11 14 48 45.4721869 9.2269586
6 63 24.0 52.0 101617 323 721 0.01 0.0 35.0 37.0 37.0 1 2 1.0 2.0 28/10/2022 11 15 14 45.4719966 9.2271315
6 1 24.0 52.0 101617 367 739 0.01 0.0 29.0 33.0 37.0 1 1 2.0 1.0 28/10/2022 11 15 56 45.4719783 9.2271583
6 2 25.0 51.0 101618 435 724 0.01 0.0 26.0 27.0 27.0 1 2 2.0 2.0 28/10/2022 11 16 12 45.4719667 9.2271667
6 3 25.0 51.0 101618 409 730 0.01 0.0 26.0 28.0 28.0 1 2 1.0 2.0 28/10/2022 11 16 36 45.4719667 9.2271667
6 5 25.0 51.0 101619 0 0 0 0.0 33.0 35.0 35.0 1 2 0.0 2.0 28/10/2022 11 17 2 45.4719667 9.2271667
6 5 25.0 50.0 101619 509 724 0.01 0.0 25.0 27.0 27.0 1 1 2.0 1.0 28/10/2022 11 17 30 45.4719276 9.227132
6 6 26.0 50.0 101620 556 700 0.01 0.0 26.0 27.0 27.0 1 2 1.0 2.0 28/10/2022 11 17 48 45.4719303 9.227202
6 7 26.0 50.0 101620 583 711 0.01 0.0 25.0 27.0 27.0 1 1 2.0 1.0 28/10/2022 11 18 14 45.47193 9.2271983
6 8 26.0 50.0 101620 618 707 0.01 0.0 25.0 27.0 27.0 1 2 1.0 2.0 28/10/2022 11 18 42 45.471966 9.2270627
6 9 26.0 50.0 101620 671 680 0.01 0.0 25.0 27.0 27.0 1 2 2.0 2.0 28/10/2022 11 19 4 45.4719978 9.226869
6 10 26.0 50.0 101620 339 708 0.01 0.0 21.0 22.0 22.0 1 2 2.0 2.0 28/10/2022 11 19 28 45.4720943 9.2269321
6 11 25.0 50.0 101620 181 738 0.01 0.0 22.0 23.0 23.0 1 1 2.0 1.0 28/10/2022 11 19 52 45.4720844 9.2269181
6 12 25.0 50.0 101616 172 730 0.01 0.0 22.0 23.0 23.0 1 3 2.0 3.0 28/10/2022 11 20 18 45.4721319 9.2271711
6 13 25.0 51.0 101609 194 748 0.01 0.0 16.0 18.0 19.0 1 1 1.0 1.0 28/10/2022 11 20 50 45.4721411 9.2272591
