286.18	1056.67	0	0.01	19.03	18.05	19.03		7.5	618.32	0	0.01	30.07	29.85	30.07		31.73	823.58	0	0.01	39.65	39.23	39.65		1.58	614.93	0	0.01	35.5	35.45	35.5		10.48	648.92	0	0.01	37.28	37.25	37.28		39.47	623.03	0	0.01	31.92	31.92	31.92		5.47	610.32	0	0.01	35.65	35.05	35.65
458.77	1183.6	0	0.01	21.2	20.68	21.2		124.53	680.72	0	0.01	32.15	30.78	32.15		228.78	984.08	0	0.01	41.15	40.63	41.15		25.4	778.47	0	0.01	43.1	41.35	43.1		5.86	685.85	0	0.01	40.98	40.12	40.98		29.37	588.93	0	0.01	37.15	37.15	37.15		17.75	627.08	0	0.01	35.67	34.87	35.67
542.15	1054.35	0	0.01	15.73	14.75	15.73		235.08	659.62	0	0.01	30.72	30.61	30.72		293.94	812.44	0	0.01	41.24	39.27	41.24		121.98	724.07	0	0.01	37.55	37.48	37.55		111.6	623.7	0	0.01	39.63	39.63	39.63		86	761.73	0	0.01	34.97	34.97	34.97		165.88	735.82	0	0.01	35.87	35.47	35.87
581.55	1009.15	0	0.01	15.5	14.63	15.5		372.52	654.15	0	0.01	32.81	30	32.81		187.48	694.45	0	0.01	35.52	35.52	35.52		64.32	627.1	0	0.01	34.08	34.08	34.08		175.27	671.6	0	0.01	40.6	40.6	40.6		148.6	829.3	0	0.01	50.17	48.57	50.17		234.33	681.13	0	0.01	33.78	33.78	33.78
567.25	911.88	0	0.01	16.87	16.47	16.87		353.15	623.24	0	0.01	40.5	39.61	40.5		234.68	635.13	0	0.01	35.75	34.45	35.75		277.29	613.03	0	0.01	38.07	37.78	38.07		83.57	648.14	0	0.01	38.85	38.85	38.85		83.08	729.43	0	0.01	46.1	44.83	46.1		663.36	639.36	0	0.01	32.45	32.45	32.45
545.33	886	0	0.01	7.68	6.7	7.68		21.08	586.88	0	0.01	10.89	10.89	10.89		1.5	624.9	0	0.01	9.88	8.85	9.88		17.52	637.28	0	0.01	11.8	11.8	11.8		8.8	637.08	0	0.01	16.38	15.45	16.38		7.38	650.27	0	0.01	17.33	16.97	17.33		5.87	659.62	0	0.01	15.73	15.73	15.73
651.93	886.95	0	0.01	5.17	4.7	5.17		30.75	613.45	0	0.01	6.58	6.58	6.58		68.6	614.58	0	0.01	8.6	7.62	8.6		17.97	628.24	0	0.01	10.83	10.83	10.83		70	626.22	0	0.01	7.98	7.22	7.98		41.63	637.27	0	0.01	17.22	17.22	17.22		27.87	636.82	0	0.01	17.2	17.2	17.2
640.93	893.48	0	0.01	6.3	5.07	6.3		127.3	610.92	0	0.01	5.07	5.07	5.07		168.33	618.25	0	0.01	6.65	5.83	6.65		95.1	623.68	0	0.01	7.67	7.32	7.67		88.32	610.77	0	0.01	14.35	12.45	14.35		112.8	628.83	0	0.01	19.15	18.72	19.15		90.22	637.9	0	0.01	17.57	17.57	17.57
626.67	884.3	0	0.01	5.07	4.5	5.07		203.23	631.68	0	0.01	4.07	4.07	4.07		216.95	631.93	0	0.01	7.38	6.98	7.38		170.17	594.88	0	0.01	10.5	10.05	10.5		115.18	611.67	0	0.01	12.45	11.48	12.45		57.05	633.5	0	0.01	20.73	20.73	20.73		169.55	617.43	0	0.01	16.23	16.2	16.23
591.93	870.9	0	0.01	6.27	6.27	6.27		790.2	613.5	0	0.01	6.04	6.04	6.04		149.55	614.37	0	0.01	7.95	7.95	7.95		315.62	613.88	0	0.01	10.85	9.52	10.85		86.45	589.23	0	0.01	11.27	11.27	11.27		36.48	637.33	0	0.01	17.17	17.03	17.17		185.92	613.18	0	0.01	19.08	17.6	19.08
698.17	1434.2	0	0.01	5.32	5.32	5.32		15.45	596.68	0	0.01	24.56	22.6	24.56		89.43	577.15	0	0.01	25.48	25.48	25.48		117.42	553.85	0	0.01	22.42	22.42	22.42		58.62	595	0	0.01	24.2	24.2	24.2		22	519.33	0	0.01	16.98	16.98	16.98		72.78	590.68	0	0.01	19.18	19.18	19.18
827.92	1296.48	0	0.01	6.45	5.9	6.45		99.08	572.52	0	0.01	22.05	22.05	22.05		11.78	593.93	0	0.01	23.45	23.45	23.45		103.07	581.25	0	0.01	26.3	25.62	26.3		6	578.35	0	0.01	20.6	20.6	20.6		23.41	561	0	0.01	26.68	24.68	26.68		304.05	580.45	0	0.01	20.65	20.65	20.65
871.28	1307.48	0	0.01	6.95	5.27	6.95		191.05	569.73	0	0.01	24.17	23.56	24.17		80.52	564.4	0	0.01	23.77	23.59	23.77		104.53	585.35	0	0.01	22.4	22.12	22.4		85.79	576.88	0	0.01	24.21	24.21	24.21		451.43	643.43	0	0.01	30.82	28.48	30.82		644.35	571.27	0	0.01	18.28	18.28	18.28
892.95	1354.4	0	0.01	5.6	5.57	5.6		194.05	564.07	0	0.01	25.11	23.48	25.11		194.12	562.45	0	0.01	25.97	24.98	25.97		173.06	601.47	0	0.01	29.38	29.38	29.38		204.75	577.37	0	0.01	22.96	22	22.96		671.93	617.7	0	0.01	18.88	18.88	18.88		1235.25	604.57	0	0.01	17.05	17.05	17.05
916.68	1412.57	0	0.01	2.53	2.53	2.53		247.7	584.67	0	0.01	27.75	26.71	27.75		154.38	567.75	0	0.01	19	18.68	19		387.8	568.51	0	0.01	21.25	21.25	21.25		177.62	518	0	0.01	25.51	25.51	25.51		787.8	574.4	0	0.01	18.83	18.83	18.83		1340.08	618.53	0	0.01	15.35	15.35	15.35
857.76	820.1	0	0.01	12.87	12.47	12.87		7.38	582.85	0	0.01	25.52	24.4	25.52		120.93	588.62	0	0.01	20.72	20.05	20.72		13.48	608.37	0	0.01	18.27	17.67	18.27		13.47	599.43	0	0.01	21.92	21.92	21.92		52.57	607.22	0	0.01	21.35	20.65	21.35		29.17	629.7	0	0.01	25.48	25.4	25.48
965.65	831.57	0	0.01	5.55	5.55	5.55		263.42	607.72	0	0.01	24.58	24.23	24.58		38.6	583.88	0	0.01	21.08	20.78	21.08		87.8	610.48	0	0.01	19.18	18.58	19.18		21.38	635.48	0	0.01	29.47	29.47	29.47		49.53	613.02	0	0.01	20.65	20.65	20.65		1.96	680.21	0	0.01	26.87	26.65	26.87
1002.82	888.1	0	0.01	11.28	10.88	11.28		631.85	606.87	0	0.01	19.47	19.08	19.47		309.08	595.35	0	0.01	24.58	24.58	24.58		116.1	564.21	0	0.01	20.25	19.67	20.25		24.38	593.82	0	0.01	17.43	17.43	17.43		53.07	617.78	0	0.01	19.97	19.67	19.97		27.23	607.86	0	0.01	26	25.95	26
984.35	891.58	0	0.01	9.57	9.57	9.57		598.53	598.42	0	0.01	19.6	19.55	19.6		348.95	582.55	0	0.01	21.78	21.78	21.78		211.86	606.34	0	0.01	20.42	20	20.42		93.1	625.43	0	0.01	15.95	15.95	15.95		182.33	607.28	0	0.01	28.13	23.87	28.13		203.65	596.95	0	0.01	26.25	26.25	26.25
969.18	883.68	0	0.01	7.87	7.87	7.87		747.83	610.45	0	0.01	18.68	18.68	18.68		199.62	575.83	0	0.01	19.58	19.58	19.58		407.47	602.68	0	0.01	17.53	17.53	17.53		98.37	598.87	0	0.01	23.18	22.12	23.18		256.8	585.13	0	0.01	17.9	17.37	17.9		600.85	604.82	0	0.01	24.42	24.42	24.42
506.43	929.8	0	0.01	14.8	14.8	14.8		168.53	600.23	0	0.01	32.67	31.82	32.67		31.87	612.85	0	0.01	28.12	27.33	28.12		93.56	672.54	0	0.01	30.27	29.55	30.27		75.11	606.81	0	0.01	29.5	28.95	29.5		0	595.53	0	0.01	34.65	34.65	34.65		35.75	597.35	0	0.01	24.58	24.58	24.58
548.08	873.35	0	0.01	13.94	13.94	13.94		293.3	589.87	0	0.01	32.93	32.85	32.93		159.36	674.5	0	0.01	31.32	31.32	31.32		159.88	828.03	0	0.01	31.47	31.12	31.47		45.33	677.1	0	0.01	30.83	29.85	30.83		17.04	611.27	0	0.01	27.88	27.88	27.88		496.9	688.73	0	0.01	27.4	26.2	27.4
543.92	806.12	0	0.01	17.28	17.28	17.28		401.37	598.08	0	0.01	79.5	63.64	79.5		355.45	749.38	0	0.01	32.45	32.45	32.45		426.53	686.45	0	0.01	30.4	28.94	30.4		141.63	700.6	0	0.01	33.95	32.52	33.95		16.17	639.62	0	0.01	32.03	31.06	32.03		916.4	751.27	0	0.01	28.3	28.3	28.3
537.28	784.2	0	0.01	14.77	14.77	14.77		351.87	643.68	0	0.01	42.67	39.4	42.67		449.48	714.78	0	0.01	31.8	31.6	31.8		324.53	647.15	0	0.01	26.82	26.02	26.82		429.25	647.8	0	0.01	36.18	35.58	36.18		129.53	619.48	0	0.01	35.48	34.03	35.48		1148.98	791.07	0	0.01	33.52	33.12	33.52
506.78	769.93	0	0.01	16.33	15.97	16.33		276.45	646.23	0	0.01	34.95	34.02	34.95		512.92	647.38	0	0.01	37.67	36.37	37.67		299.23	693.85	0	0.01	34.65	31.47	34.65		733.65	664.43	0	0.01	34.65	34.65	34.65		377.48	616.53	0	0.01	33.87	32.97	33.87		1183.12	741.27	0	0.01	29.92	29.92	29.9
523.33	1040.05	0	0.01	15.82	15.28	15.82		87.07	623.27	0	0.01	24.52	23.53	24.52		164.15	650.43	0	0.01	15.57	15.57	15.57		4.08	654.27	0	0.01	18.8	18.18	18.8		13.23	630.8	0	0.01	18.9	18.68	18.9		32.28	675.18	0	0.01	20.52	20.52	20.52		34.45	703.88	0	0.01	32.7	31.07	32.7
653.42	1068.58	0	0.01	14.87	12.6	14.87		287.5	644.1	0	0.01	19.06	18.08	19.06		476.42	633.97	0	0.01	14.3	14.3	14.3		62.48	616.23	0	0.01	16.46	16.34	16.46		4.44	697.29	0	0.01	20.75	20.38	20.75		112.28	679.68	0	0.01	20.12	20.12	20.12		83.55	721.22	0	0.01	33.72	33.72	33.72
641.56	1101.38	0	0.01	10.17	9	10.17		482.7	654.67	0	0.01	17.67	17.63	17.67		450.45	632.37	0	0.01	17.28	16.65	17.28		441.73	620.27	0	0.01	16.23	16.23	16.23		11.3	683.92	0	0.01	19.77	19.77	19.77		508.4	771.55	0	0.01	18.28	18.17	18.28		256.05	718.68	0	0.01	36.38	36.38	36.38
588.67	1091.08	0	0.01	10.37	10.18	10.37		547.83	643.6	0	0.01	19.03	19.03	19.03		296.18	625.47	0	0.01	21.92	19.95	21.92		497.73	625.33	0	0.01	17.57	17.57	17.57		62.44	639.51	0	0.01	15.17	15.12	15.17		511.83	691.92	0	0.01	24.72	24.43	24.72		381.32	715.73	0	0.01	31.63	30.57	31.63
583.6	1116.42	0	0.01	11.43	10.45	11.43		579.93	661.72	0	0.01	16.67	16.67	16.67		148.78	633.68	0	0.01	15.67	15.27	15.67		506.15	615.48	0	0.01	20.65	20.65	20.65		320.24	625.37	0	0.01	19.7	19.38	19.7		551.03	678.7	0	0.01	23.6	22.83	23.6		427.47	705.31	0	0.01	30.63	30.63	30.63
588.3	823.57	0	0.01	17.23	16.73	17.23		3.52	605.3	0	0.01	24.47	24.47	24.47		38.25	606.22	0	0.01	29.72	29.13	29.72		154.53	593.65	0	0.01	20.57	20.57	20.57		104.58	577.96	0	0.01	37.53	37.2	37.53		331.1	603.05	0	0.01	22.83	22.83	22.83		256.64	621.55	0	0.01	25.27	25.27	25.27
721.72	832.32	0	0.01	16.37	16.37	16.37		45.5	622.45	0	0.01	34.73	34.5	34.73		29.55	616.15	0	0.01	26.62	25.87	26.62		384.2	585.84	0	0.01	35.77	33.22	35.77		138.22	575.11	0	0.01	19.84	19.45	19.84		281.64	578.43	0	0.01	15.88	15.62	15.88		404.58	636.8	0	0.01	24.57	24.57	24.57
728.85	841.88	0	0.01	12.1	12.1	12.1		83.63	588.52	0	0.01	33.43	32.33	33.43		9.32	606.53	0	0.01	23.6	23.6	23.6		711.02	615.58	0	0.01	28.5	26.75	28.5		425.7	573.09	0	0.01	19.48	19.48	19.48		246.37	581.38	0	0.01	17.75	16.95	17.75		508.35	599.43	0	0.01	24.43	22.97	24.43
659	871.95	0	0.01	17.18	17.18	17.18		124.16	609.63	0	0.01	28.67	28.4	28.67		9.35	586.1	0	0.01	20.8	19.73	20.8		513.27	618.47	0	0.01	18.85	18.85	18.85		509.78	590.3	0	0.01	18.1	18.1	18.1		450.34	578.59	0	0.01	21.13	20.63	21.13		778.22	591.68	0	0.01	21.31	19.38	21.31
645.27	903.65	0	0.01	14.98	14.98	14.98		95.65	620.78	0	0.01	31.47	30.85	31.47		2.4	577.32	0	0.01	24.28	23.75	24.28		361.37	595.5	0	0.01	23.62	22.52	23.62		570.18	595.38	0	0.01	22.41	22.41	22.41		629.68	587.9	0	0.01	19.67	18.67	19.67		698.32	616.62	0	0.01	20.43	19.8	20.43
