649.0 1137.0 0.01 0.0 14:59:56
609.0 1075.0 0.01 0.0 15:0:22
635.0 1168.0 0.01 0.0 15:0:46
667.0 1091.0 0.01 0.0 15:1:10
638.0 1057.0 0.01 0.0 15:1:34
645.0 1011.0 0.01 0.0 15:1:58
601.0 982.0 0.01 0.0 15:2:52
593.0 1014.0 0.01 0.0 15:3:8
590.0 971.0 0.01 0.0 15:3:32
589.0 969.0 0.01 0.0 15:3:56
578.0 953.0 0.01 0.0 15:4:24
554.0 925.0 0.01 0.0 15:4:58
436.0 1002.0 0.01 0.0 15:5:22
451.0 1184.0 0.01 0.0 15:5:46
422.0 1159.0 0.01 0.0 15:6:10
291.0 1070.0 0.01 0.0 15:6:46
226.0 1017.0 0.01 0.0 15:6:58
184.0 786.0 0.01 0.0 15:7:22
137.0 827.0 0.01 0.0 15:7:46
7.0 623.0 0.01 0.0 15:8:8
0.0 604.0 0.01 0.0 15:8:36
0.0 599.0 0.01 0.0 15:9:2
0.0 563.0 0.01 0.0 15:9:22
2.0 578.0 0.01 0.0 15:9:58
3.0 538.0 0.01 0.0 15:10:40
25.0 560.0 0.01 0.0 15:10:44
31.0 505.0 0.01 0.0 15:11:8
14.0 477.0 0.01 0.0 15:11:32
6.0 546.0 0.01 0.0 15:11:56
16.0 548.0 0.01 0.0 15:12:24
10.0 495.0 0.01 0.0 15:13:8
24.0 584.0 0.01 0.0 15:13:40
2.0 565.0 0.01 0.0 15:14:22
3.0 559.0 0.01 0.0 15:15:0
0.0 590.0 0.01 0.0 15:15:24
9.0 600.0 0.01 0.0 15:15:48
103.0 535.0 0.01 0.0 15:16:12
347.0 550.0 0.01 0.0 15:16:44
441.0 556.0 0.01 0.0 15:17:4
385.0 554.0 0.01 0.0 15:17:20
352.0 530.0 0.01 0.0 15:17:44
310.0 538.0 0.01 0.0 15:18:8
249.0 534.0 0.01 0.0 15:18:32
243.0 568.0 0.01 0.0 15:19:0
244.0 541.0 0.01 0.0 15:19:20
315.0 571.0 0.01 0.0 15:19:56
445.0 545.0 0.01 0.0 15:20:22
829.0 546.0 0.01 0.0 15:20:50
976.0 492.0 0.01 0.0 15:21:10
411.0 556.0 0.01 0.0 15:21:34
175.0 496.0 0.01 0.0 15:21:58
115.0 623.0 0.01 0.0 15:22:38
86.0 527.0 0.01 0.0 15:22:42
45.0 596.0 0.01 0.0 15:23:8
3.0 613.0 0.01 0.0 15:23:32
2.0 536.0 0.01 0.0 15:23:56
1.0 582.0 0.01 0.0 15:24:32
0.0 541.0 0.01 0.0 15:24:56
3.0 621.0 0.01 0.0 15:25:24
0.0 549.0 0.01 0.0 15:25:48
0.0 461.0 0.01 0.0 15:26:18
0.0 528.0 0.01 0.0 15:26:30
12.0 656.0 0.01 0.0 15:26:54
22.0 574.0 0.01 0.0 15:27:18
95.0 574.0 0.01 0.0 15:27:42
252.0 551.0 0.01 0.0 15:28:26
544.0 651.0 0.01 0.0 15:28:30
667.0 654.0 0.01 0.0 15:28:54
772.0 636.0 0.01 0.0 15:29:18
921.0 599.0 0.01 0.0 15:29:54
886.0 556.0 0.01 0.0 15:30:30
491.0 548.0 0.01 0.0 15:30:42
557.0 556.0 0.01 0.0 15:31:6
962.0 641.0 0.01 0.0 15:31:30
798.0 623.0 0.01 0.0 15:31:54
1104.0 563.0 0.01 0.0 15:32:20
745.0 572.0 0.01 0.0 15:32:48
322.0 565.0 0.01 0.0 15:33:8
150.0 674.0 0.01 0.0 15:33:32
43.0 562.0 0.01 0.0 15:33:56
18.0 500.0 0.01 0.0 15:34:26
19.0 585.0 0.01 0.0 15:34:54
24.0 674.0 0.01 0.0 15:35:20
1.0 572.0 0.01 0.0 15:35:48
2.0 525.0 0.01 0.0 15:36:32
0.0 575.0 0.01 0.0 15:36:56
0.0 665.0 0.01 0.0 15:37:20
0.0 569.0 0.01 0.0 15:37:44
2.0 595.0 0.01 0.0 15:38:12
43.0 641.0 0.01 0.0 15:38:36
16.0 596.0 0.01 0.0 15:39:0
4.0 586.0 0.01 0.0 15:39:26
23.0 540.0 0.01 0.0 15:39:54
0.0 597.0 0.01 0.0 15:40:32
27.0 572.0 0.01 0.0 15:40:44
102.0 589.0 0.01 0.0 15:41:8
285.0 600.0 0.01 0.0 15:41:32
501.0 606.0 0.01 0.0 15:41:56
384.0 591.0 0.01 0.0 15:42:28
673.0 598.0 0.01 0.0 15:42:48
1024.0 602.0 0.01 0.0 15:43:8
1003.0 558.0 0.01 0.0 15:43:40
992.0 581.0 0.01 0.0 15:43:54
745.0 579.0 0.01 0.0 15:44:18
798.0 567.0 0.01 0.0 15:44:54
901.0 501.0 0.01 0.0 15:45:34
706.0 551.0 0.01 0.0 15:45:42
556.0 706.0 0.01 0.0 15:46:6
299.0 556.0 0.01 0.0 15:46:30
118.0 575.0 0.01 0.0 15:46:54
14.0 572.0 0.01 0.0 15:47:18
9.0 515.0 0.01 0.0 15:47:58
32.0 562.0 0.01 0.0 15:48:12
42.0 552.0 0.01 0.0 15:48:32
14.0 574.0 0.01 0.0 15:48:56
9.0 566.0 0.01 0.0 15:49:24
29.0 574.0 0.01 0.0 15:49:56
22.0 451.0 0.01 0.0 15:50:22
0.0 539.0 0.01 0.0 15:50:56
4.0 608.0 0.01 0.0 15:51:14
25.0 550.0 0.01 0.0 15:51:44
34.0 556.0 0.01 0.0 15:51:56
105.0 511.0 0.01 0.0 15:52:20
88.0 584.0 0.01 0.0 15:52:58
50.0 539.0 0.01 0.0 15:53:10
86.0 564.0 0.01 0.0 15:53:34
146.0 595.0 0.01 0.0 15:53:58
174.0 613.0 0.01 0.0 15:54:22
170.0 577.0 0.01 0.0 15:55:10
208.0 552.0 0.01 0.0 15:55:26
388.0 598.0 0.01 0.0 15:55:44
586.0 568.0 0.01 0.0 15:56:10
759.0 527.0 0.01 0.0 15:56:50
760.0 568.0 0.01 0.0 15:57:2
1026.0 514.0 0.01 0.0 15:57:46
1212.0 575.0 0.01 0.0 15:58:10
783.0 518.0 0.01 0.0 15:58:34
452.0 495.0 0.01 0.0 15:58:58
297.0 553.0 0.01 0.0 15:59:20
162.0 556.0 0.01 0.0 15:59:58
79.0 340.0 0.01 0.0 16:0:22
3.0 612.0 0.01 0.0 16:1:14
7.0 577.0 0.01 0.0 16:1:42
1.0 564.0 0.01 0.0 16:1:58
0.0 584.0 0.01 0.0 16:2:42
0.0 544.0 0.01 0.0 16:3:18
0.0 476.0 0.01 0.0 16:3:38
0.0 522.0 0.01 0.0 16:3:58
0.0 632.0 0.01 0.0 16:4:22
0.0 569.0 0.01 0.0 16:5:0
35.0 562.0 0.01 0.0 16:5:24
112.0 610.0 0.01 0.0 16:5:48
166.0 579.0 0.01 0.0 16:6:6
157.0 552.0 0.01 0.0 16:6:36
137.0 580.0 0.01 0.0 16:6:56
106.0 589.0 0.01 0.0 16:7:20
117.0 557.0 0.01 0.0 16:8:10
81.0 618.0 0.01 0.0 16:8:36
45.0 556.0 0.01 0.0 16:9:0
46.0 530.0 0.01 0.0 16:9:24
15.0 506.0 0.01 0.0 16:10:0
0.0 525.0 0.01 0.0 16:10:24
0.0 509.0 0.01 0.0 16:10:48
0.0 508.0 0.01 0.0 16:11:28
0.0 564.0 0.01 0.0 16:11:36
19.0 569.0 0.01 0.0 16:11:56
229.0 571.0 0.01 0.0 16:12:22
382.0 567.0 0.01 0.0 16:12:46
576.0 582.0 0.01 0.0 16:13:22
916.0 539.0 0.01 0.0 16:13:34
850.0 574.0 0.01 0.0 16:13:58
563.0 597.0 0.01 0.0 16:14:22
759.0 608.0 0.01 0.0 16:14:58
1041.0 595.0 0.01 0.0 16:15:22
1055.0 581.0 0.01 0.0 16:15:50
1058.0 579.0 0.01 0.0 16:16:10
1136.0 555.0 0.01 0.0 16:16:34
853.0 536.0 0.01 0.0 16:16:58
533.0 503.0 0.01 0.0 16:17:20
374.0 596.0 0.01 0.0 16:17:46
324.0 592.0 0.01 0.0 16:18:10
292.0 631.0 0.01 0.0 16:18:32
208.0 561.0 0.01 0.0 16:18:56
130.0 566.0 0.01 0.0 16:19:36
117.0 552.0 0.01 0.0 16:20:2
77.0 592.0 0.01 0.0 16:20:18
116.0 625.0 0.01 0.0 16:20:42
165.0 554.0 0.01 0.0 16:21:8
89.0 626.0 0.01 0.0 16:22:2
169.0 605.0 0.01 0.0 16:22:18
178.0 625.0 0.01 0.0 16:22:42
170.0 589.0 0.01 0.0 16:23:28
148.0 617.0 0.01 0.0 16:23:32
126.0 638.0 0.01 0.0 16:23:56
118.0 531.0 0.01 0.0 16:24:20
155.0 629.0 0.01 0.0 16:24:56
196.0 525.0 0.01 0.0 16:25:18
175.0 636.0 0.01 0.0 16:25:42
129.0 566.0 0.01 0.0 16:26:6
88.0 552.0 0.01 0.0 16:26:30
67.0 560.0 0.01 0.0 16:26:56
66.0 532.0 0.01 0.0 16:27:32
54.0 569.0 0.01 0.0 16:27:44
72.0 555.0 0.01 0.0 16:28:8
84.0 547.0 0.01 0.0 16:28:32
77.0 571.0 0.01 0.0 16:29:24
79.0 610.0 0.01 0.0 16:30:0
66.0 544.0 0.01 0.0 16:30:24
72.0 615.0 0.01 0.0 16:30:48
261.0 596.0 0.01 0.0 16:31:28
853.0 571.0 0.01 0.0 16:31:32
1056.0 628.0 0.01 0.0 16:31:56
1199.0 622.0 0.01 0.0 16:32:20
1177.0 606.0 0.01 0.0 16:32:44
1222.0 603.0 0.01 0.0 16:33:8
1340.0 603.0 0.01 0.0 16:33:40
1523.0 597.0 0.01 0.0 16:33:58
2050.0 600.0 0.01 0.0 16:34:22
2106.0 603.0 0.01 0.0 16:34:58
1799.0 558.0 0.01 0.0 16:35:48
1274.0 598.0 0.01 0.0 16:36:8
739.0 608.0 0.01 0.0 16:36:32
701.0 613.0 0.01 0.0 16:37:12
902.0 702.0 0.01 0.0 16:37:20
1065.0 694.0 0.01 0.0 16:37:44
