1.0 1.0 2.0 14:59:56
0.0 0.0 0.0 15:0:22
0.0 1.0 1.0 15:0:46
0.0 2.0 4.0 15:1:10
2.0 3.0 4.0 15:1:34
2.0 3.0 4.0 15:1:58
0.0 1.0 3.0 15:2:34
1.0 1.0 2.0 15:2:52
1.0 1.0 2.0 15:3:8
0.0 0.0 0.0 15:3:32
0.0 2.0 5.0 15:3:56
0.0 2.0 5.0 15:4:24
0.0 4.0 8.0 15:4:58
1.0 1.0 1.0 15:5:22
1.0 2.0 3.0 15:5:46
0.0 1.0 1.0 15:6:10
2.0 6.0 11.0 15:6:46
2.0 6.0 11.0 15:6:58
1.0 2.0 4.0 15:7:22
3.0 3.0 4.0 15:7:46
3.0 3.0 4.0 15:8:8
0.0 2.0 5.0 15:8:36
0.0 2.0 5.0 15:9:2
0.0 2.0 5.0 15:9:22
1.0 1.0 2.0 15:9:58
0.0 0.0 0.0 15:10:44
0.0 0.0 0.0 15:11:8
1.0 1.0 2.0 15:11:32
1.0 1.0 2.0 15:11:56
1.0 1.0 1.0 15:12:24
0.0 0.0 1.0 15:12:48
0.0 0.0 1.0 15:13:8
0.0 1.0 2.0 15:13:40
0.0 1.0 1.0 15:14:22
2.0 3.0 4.0 15:15:0
1.0 2.0 3.0 15:15:24
0.0 1.0 1.0 15:15:48
0.0 0.0 0.0 15:16:12
0.0 1.0 1.0 15:16:44
0.0 1.0 1.0 15:17:4
2.0 5.0 9.0 15:17:20
1.0 1.0 1.0 15:17:44
1.0 1.0 1.0 15:18:8
0.0 1.0 1.0 15:18:32
1.0 1.0 1.0 15:19:0
1.0 1.0 1.0 15:19:20
0.0 0.0 0.0 15:19:56
1.0 1.0 2.0 15:20:22
1.0 1.0 1.0 15:20:50
0.0 0.0 0.0 15:21:10
1.0 2.0 2.0 15:21:34
1.0 2.0 2.0 15:21:58
0.0 1.0 2.0 15:22:42
0.0 1.0 2.0 15:23:8
1.0 1.0 1.0 15:23:32
1.0 1.0 1.0 15:23:56
1.0 1.0 1.0 15:24:32
0.0 0.0 0.0 15:24:56
1.0 1.0 2.0 15:25:24
1.0 1.0 1.0 15:25:48
0.0 0.0 0.0 15:26:18
2.0 2.0 2.0 15:26:30
2.0 2.0 2.0 15:26:54
2.0 2.0 3.0 15:27:18
0.0 0.0 0.0 15:27:42
2.0 2.0 2.0 15:28:30
2.0 2.0 2.0 15:28:54
2.0 2.0 2.0 15:29:18
3.0 3.0 3.0 15:29:54
0.0 1.0 1.0 15:30:30
1.0 1.0 1.0 15:30:42
1.0 2.0 2.0 15:31:6
1.0 1.0 2.0 15:31:30
1.0 1.0 2.0 15:31:54
0.0 1.0 2.0 15:32:20
2.0 5.0 7.0 15:32:48
2.0 4.0 7.0 15:33:8
1.0 6.0 12.0 15:33:32
1.0 6.0 12.0 15:33:56
1.0 6.0 12.0 15:34:26
1.0 3.0 6.0 15:34:54
2.0 2.0 2.0 15:35:20
0.0 0.0 0.0 15:35:48
0.0 0.0 0.0 15:36:20
1.0 1.0 1.0 15:36:32
1.0 1.0 1.0 15:36:56
0.0 2.0 4.0 15:37:20
1.0 1.0 1.0 15:37:44
1.0 1.0 1.0 15:38:12
0.0 0.0 0.0 15:38:36
0.0 1.0 1.0 15:39:0
0.0 1.0 1.0 15:39:26
0.0 1.0 2.0 15:39:54
0.0 1.0 1.0 15:40:32
0.0 1.0 2.0 15:40:44
1.0 1.0 2.0 15:41:8
1.0 1.0 2.0 15:41:32
1.0 1.0 2.0 15:41:56
0.0 1.0 3.0 15:42:28
0.0 1.0 1.0 15:42:48
0.0 1.0 1.0 15:43:8
1.0 2.0 3.0 15:43:40
1.0 1.0 1.0 15:43:54
1.0 1.0 1.0 15:44:18
0.0 1.0 2.0 15:44:54
0.0 0.0 0.0 15:45:42
3.0 11.0 20.0 15:46:6
0.0 1.0 1.0 15:46:30
0.0 1.0 1.0 15:46:54
2.0 4.0 6.0 15:47:18
0.0 0.0 0.0 15:47:58
0.0 0.0 0.0 15:48:12
1.0 1.0 2.0 15:48:32
1.0 1.0 2.0 15:49:24
1.0 2.0 3.0 15:49:56
0.0 1.0 1.0 15:50:22
0.0 1.0 1.0 15:50:56
1.0 1.0 1.0 15:51:14
1.0 1.0 1.0 15:51:44
1.0 1.0 1.0 15:51:56
1.0 2.0 3.0 15:52:20
4.0 5.0 7.0 15:52:58
4.0 5.0 6.0 15:53:10
1.0 1.0 1.0 15:53:34
1.0 1.0 1.0 15:53:58
1.0 1.0 1.0 15:54:22
1.0 2.0 2.0 15:55:10
0.0 1.0 1.0 15:55:26
3.0 3.0 3.0 15:55:44
0.0 1.0 1.0 15:56:10
0.0 1.0 1.0 15:57:2
2.0 2.0 3.0 15:57:30
1.0 1.0 2.0 15:57:46
1.0 1.0 2.0 15:58:10
5.0 14.0 25.0 15:58:34
6.0 14.0 24.0 15:58:58
6.0 14.0 24.0 15:59:20
1.0 2.0 4.0 15:59:58
3.0 3.0 3.0 16:0:22
0.0 1.0 1.0 16:0:46
0.0 1.0 2.0 16:1:14
1.0 1.0 1.0 16:1:42
1.0 1.0 1.0 16:1:58
5.0 5.0 5.0 16:3:2
5.0 5.0 5.0 16:3:18
4.0 6.0 9.0 16:3:38
4.0 5.0 7.0 16:3:58
4.0 5.0 7.0 16:4:22
2.0 6.0 11.0 16:5:0
2.0 3.0 3.0 16:5:24
2.0 2.0 2.0 16:5:48
4.0 5.0 6.0 16:6:6
1.0 2.0 2.0 16:6:36
1.0 2.0 2.0 16:6:56
0.0 1.0 2.0 16:7:20
3.0 3.0 3.0 16:7:52
2.0 3.0 3.0 16:8:10
0.0 1.0 1.0 16:8:36
0.0 1.0 1.0 16:9:0
0.0 1.0 1.0 16:9:24
0.0 1.0 2.0 16:10:0
2.0 2.0 2.0 16:10:24
1.0 1.0 1.0 16:10:48
0.0 0.0 0.0 16:11:36
0.0 0.0 0.0 16:11:56
0.0 2.0 4.0 16:12:22
2.0 2.0 2.0 16:12:46
2.0 4.0 6.0 16:13:34
2.0 4.0 6.0 16:13:58
2.0 4.0 6.0 16:14:22
0.0 1.0 3.0 16:14:58
1.0 2.0 4.0 16:15:22
1.0 1.0 1.0 16:15:50
2.0 8.0 16.0 16:16:10
1.0 2.0 2.0 16:16:34
1.0 2.0 2.0 16:16:58
2.0 2.0 3.0 16:17:20
1.0 1.0 1.0 16:17:46
1.0 1.0 1.0 16:18:10
3.0 8.0 13.0 16:18:32
3.0 7.0 12.0 16:18:56
3.0 7.0 12.0 16:19:36
0.0 0.0 0.0 16:20:2
1.0 1.0 2.0 16:20:18
1.0 1.0 1.0 16:20:42
1.0 1.0 1.0 16:21:8
3.0 3.0 3.0 16:21:52
3.0 3.0 3.0 16:22:2
3.0 3.0 4.0 16:22:18
2.0 3.0 4.0 16:22:42
1.0 2.0 4.0 16:23:32
1.0 2.0 4.0 16:23:56
1.0 2.0 4.0 16:24:20
3.0 5.0 7.0 16:24:56
1.0 2.0 3.0 16:25:18
1.0 1.0 1.0 16:25:42
0.0 2.0 5.0 16:26:6
0.0 0.0 0.0 16:26:30
0.0 0.0 0.0 16:26:56
0.0 1.0 2.0 16:27:32
0.0 1.0 2.0 16:27:44
0.0 1.0 2.0 16:28:8
1.0 2.0 3.0 16:28:32
1.0 2.0 2.0 16:29:8
1.0 2.0 2.0 16:29:24
2.0 5.0 10.0 16:30:0
1.0 1.0 2.0 16:30:24
1.0 2.0 2.0 16:30:48
0.0 1.0 1.0 16:31:32
1.0 1.0 1.0 16:31:56
0.0 1.0 1.0 16:32:20
1.0 2.0 3.0 16:32:44
2.0 2.0 3.0 16:33:8
0.0 1.0 2.0 16:33:40
0.0 1.0 1.0 16:33:58
0.0 1.0 1.0 16:34:22
0.0 1.0 1.0 16:34:58
2.0 2.0 2.0 16:35:48
1.0 1.0 1.0 16:36:8
1.0 1.0 1.0 16:36:32
1.0 1.0 1.0 16:37:12
1.0 3.0 5.0 16:37:20
1.0 1.0 2.0 16:37:44
