26.0 51.0 98910.0 14:59:56
27.0 50.0 98909.0 15:0:22
27.0 49.0 98910.0 15:0:46
28.0 48.0 98910.0 15:1:10
28.0 48.0 98910.0 15:1:34
28.0 47.0 98910.0 15:1:58
28.0 47.0 98910.0 15:2:34
28.0 47.0 98910.0 15:2:52
28.0 46.0 98910.0 15:3:8
28.0 46.0 98910.0 15:3:32
28.0 46.0 98910.0 15:3:56
28.0 46.0 98910.0 15:4:24
28.0 45.0 98910.0 15:4:58
28.0 45.0 98910.0 15:5:22
29.0 44.0 98909.0 15:5:46
29.0 44.0 98908.0 15:6:10
29.0 43.0 98908.0 15:6:46
29.0 42.0 98908.0 15:6:58
28.0 41.0 98908.0 15:7:22
28.0 40.0 98912.0 15:7:46
27.0 38.0 98919.0 15:8:8
27.0 38.0 98924.0 15:8:36
26.0 37.0 98930.0 15:9:2
26.0 37.0 98935.0 15:9:22
25.0 37.0 98950.0 15:10:44
25.0 37.0 98955.0 15:11:8
24.0 37.0 98959.0 15:11:32
24.0 37.0 98963.0 15:11:56
24.0 38.0 98967.0 15:12:24
24.0 38.0 98970.0 15:12:48
24.0 38.0 98974.0 15:13:8
23.0 38.0 98977.0 15:13:40
23.0 38.0 98980.0 15:14:2
23.0 39.0 98982.0 15:14:22
22.0 39.0 98985.0 15:15:0
22.0 40.0 98987.0 15:15:24
22.0 40.0 98990.0 15:15:48
23.0 39.0 98992.0 15:16:12
23.0 39.0 98993.0 15:16:44
23.0 39.0 98995.0 15:17:4
24.0 39.0 98996.0 15:17:20
24.0 39.0 98998.0 15:17:44
24.0 38.0 98999.0 15:18:8
24.0 38.0 99000.0 15:18:32
24.0 38.0 99001.0 15:19:0
23.0 39.0 99002.0 15:19:20
23.0 39.0 99003.0 15:19:56
24.0 39.0 99004.0 15:20:22
24.0 39.0 99005.0 15:20:50
24.0 39.0 99005.0 15:21:10
24.0 39.0 99005.0 15:21:34
23.0 39.0 99005.0 15:21:58
22.0 40.0 99006.0 15:22:42
22.0 40.0 99006.0 15:23:8
21.0 41.0 99006.0 15:23:32
21.0 41.0 99006.0 15:23:56
21.0 42.0 99006.0 15:24:32
20.0 43.0 99005.0 15:24:56
21.0 43.0 99005.0 15:25:24
21.0 42.0 99004.0 15:25:48
21.0 42.0 99004.0 15:26:18
21.0 42.0 99004.0 15:26:30
21.0 42.0 99004.0 15:26:54
21.0 42.0 99003.0 15:27:18
21.0 42.0 99002.0 15:27:42
22.0 42.0 99000.0 15:28:30
22.0 41.0 99000.0 15:28:54
22.0 41.0 98999.0 15:29:18
22.0 41.0 98998.0 15:29:54
23.0 41.0 98998.0 15:30:30
23.0 40.0 98997.0 15:30:42
23.0 40.0 98997.0 15:31:6
24.0 40.0 98996.0 15:31:30
24.0 40.0 98996.0 15:31:54
24.0 40.0 98996.0 15:32:20
24.0 40.0 98995.0 15:32:48
23.0 40.0 98995.0 15:33:8
22.0 40.0 98996.0 15:33:32
21.0 40.0 98996.0 15:33:56
21.0 41.0 98997.0 15:34:26
21.0 41.0 98997.0 15:34:54
20.0 43.0 98998.0 15:35:20
20.0 43.0 98998.0 15:35:48
20.0 43.0 98997.0 15:36:20
20.0 43.0 98997.0 15:36:32
20.0 43.0 98997.0 15:36:56
20.0 43.0 98997.0 15:37:20
20.0 44.0 98997.0 15:37:44
20.0 43.0 98997.0 15:38:12
20.0 43.0 98997.0 15:38:36
20.0 43.0 98996.0 15:39:0
20.0 43.0 98996.0 15:39:26
20.0 43.0 98996.0 15:39:54
20.0 43.0 98996.0 15:40:32
21.0 42.0 98996.0 15:40:44
21.0 42.0 98995.0 15:41:8
21.0 42.0 98995.0 15:41:32
22.0 41.0 98995.0 15:41:56
22.0 41.0 98995.0 15:42:28
22.0 41.0 98994.0 15:42:48
22.0 41.0 98994.0 15:43:8
22.0 41.0 98993.0 15:43:40
23.0 41.0 98994.0 15:43:54
23.0 41.0 98994.0 15:44:18
23.0 41.0 98993.0 15:44:54
23.0 40.0 98993.0 15:45:42
23.0 40.0 98992.0 15:46:6
22.0 41.0 98992.0 15:46:30
21.0 41.0 98990.0 15:46:54
21.0 41.0 98990.0 15:47:18
21.0 41.0 98990.0 15:47:58
21.0 41.0 98989.0 15:48:12
21.0 41.0 98989.0 15:48:32
21.0 41.0 98988.0 15:48:56
21.0 42.0 98987.0 15:49:24
20.0 42.0 98987.0 15:49:56
20.0 42.0 98986.0 15:50:22
20.0 42.0 98985.0 15:50:56
20.0 42.0 98984.0 15:51:14
20.0 42.0 98983.0 15:51:44
20.0 42.0 98982.0 15:51:56
20.0 42.0 98981.0 15:52:20
20.0 43.0 98980.0 15:52:58
20.0 42.0 98979.0 15:53:10
20.0 42.0 98978.0 15:53:34
21.0 42.0 98978.0 15:53:58
21.0 42.0 98977.0 15:54:22
21.0 42.0 98976.0 15:55:26
22.0 41.0 98975.0 15:55:44
22.0 41.0 98974.0 15:56:10
22.0 41.0 98974.0 15:57:2
22.0 41.0 98973.0 15:57:46
22.0 41.0 98973.0 15:58:10
22.0 41.0 98973.0 15:58:34
22.0 41.0 98972.0 15:58:58
21.0 42.0 98972.0 15:59:20
20.0 42.0 98972.0 15:59:58
20.0 42.0 98971.0 16:0:22
20.0 42.0 98971.0 16:0:46
20.0 42.0 98971.0 16:1:14
20.0 43.0 98971.0 16:1:42
20.0 43.0 98971.0 16:1:58
19.0 44.0 98971.0 16:3:2
19.0 44.0 98972.0 16:3:18
19.0 45.0 98972.0 16:3:38
19.0 44.0 98973.0 16:3:58
19.0 44.0 98973.0 16:4:22
19.0 45.0 98974.0 16:5:0
19.0 45.0 98975.0 16:5:24
20.0 44.0 98975.0 16:5:48
19.0 44.0 98975.0 16:6:6
19.0 45.0 98976.0 16:6:36
19.0 45.0 98976.0 16:6:56
19.0 46.0 98976.0 16:7:20
19.0 46.0 98977.0 16:7:52
19.0 46.0 98978.0 16:8:10
19.0 46.0 98978.0 16:8:36
19.0 46.0 98978.0 16:9:0
19.0 46.0 98979.0 16:9:24
18.0 46.0 98980.0 16:10:0
19.0 46.0 98980.0 16:10:24
19.0 46.0 98980.0 16:10:48
19.0 46.0 98982.0 16:11:36
19.0 45.0 98983.0 16:11:56
19.0 45.0 98984.0 16:12:22
20.0 45.0 98985.0 16:12:46
20.0 44.0 98987.0 16:13:34
20.0 44.0 98988.0 16:13:58
21.0 44.0 98989.0 16:14:22
21.0 44.0 98989.0 16:14:58
21.0 44.0 98990.0 16:15:22
21.0 43.0 98991.0 16:15:50
21.0 43.0 98992.0 16:16:10
21.0 43.0 98992.0 16:16:34
21.0 43.0 98992.0 16:16:58
21.0 43.0 98992.0 16:17:20
21.0 43.0 98991.0 16:17:46
21.0 43.0 98990.0 16:18:10
20.0 44.0 98990.0 16:18:32
20.0 44.0 98989.0 16:18:56
19.0 45.0 98989.0 16:19:36
18.0 46.0 98989.0 16:20:2
19.0 46.0 98989.0 16:20:18
19.0 46.0 98989.0 16:20:42
19.0 46.0 98990.0 16:21:8
19.0 46.0 98990.0 16:21:52
18.0 47.0 98990.0 16:22:2
19.0 47.0 98990.0 16:22:18
19.0 47.0 98989.0 16:22:42
18.0 47.0 98989.0 16:23:32
18.0 47.0 98988.0 16:23:56
18.0 47.0 98988.0 16:24:20
18.0 49.0 98987.0 16:24:56
18.0 49.0 98987.0 16:25:18
18.0 49.0 98987.0 16:25:42
18.0 48.0 98987.0 16:26:6
18.0 48.0 98987.0 16:26:30
18.0 48.0 98987.0 16:26:56
18.0 48.0 98987.0 16:27:32
18.0 48.0 98987.0 16:27:44
18.0 48.0 98987.0 16:28:8
18.0 48.0 98987.0 16:28:32
18.0 48.0 98988.0 16:29:8
18.0 48.0 98988.0 16:29:24
18.0 48.0 98988.0 16:30:0
18.0 48.0 98988.0 16:30:24
18.0 47.0 98989.0 16:30:48
19.0 47.0 98991.0 16:31:32
20.0 46.0 98991.0 16:31:56
20.0 47.0 98992.0 16:32:20
20.0 46.0 98992.0 16:32:44
20.0 46.0 98992.0 16:33:8
20.0 46.0 98993.0 16:33:40
20.0 46.0 98993.0 16:33:58
20.0 46.0 98994.0 16:34:22
20.0 46.0 98994.0 16:34:58
21.0 45.0 98994.0 16:35:48
20.0 45.0 98995.0 16:36:8
20.0 45.0 98994.0 16:36:32
21.0 46.0 98986.0 16:37:20
21.0 46.0 98979.0 16:37:44
21.0 48.0 98972.0 16:38:8
