0.00 27.43 46.04 96801.39 1013.92 1924.18 0.00 0.01 1.55 1.55 1.55
1.00 27.53 46.22 97172.02 1020.98 2141.07 0.00 0.01 3.92 3.27 3.92
2.00 27.50 46.05 97054.38 1036.32 2117.03 0.00 0.01 4.38 3.93 4.38
3.00 27.53 45.28 97172.63 1021.60 1968.50 0.00 0.01 3.83 3.78 3.83
4.00 27.77 45.58 97172.37 978.53 1903.20 0.00 0.01 3.40 2.65 3.40
5.00 28.52 44.62 97172.02 901.22 1911.18 0.00 0.01 4.63 4.37 4.63
6.00 27.98 43.32 97171.48 571.62 1866.38 0.00 0.01 3.93 3.93 3.93
7.00 27.50 41.16 97054.89 226.28 1238.63 0.00 0.01 4.68 4.30 4.68
8.00 26.07 40.32 97183.77 32.48 844.33 0.00 0.01 6.83 5.85 6.83
9.00 24.28 40.37 97193.90 0.94 662.05 0.00 0.01 13.22 12.55 13.22
10.00 22.25 41.67 97207.40 0.00 544.15 0.00 0.01 15.58 15.58 15.58
11.00 21.15 42.77 97216.75 0.00 568.77 0.00 0.01 14.00 13.63 14.00
12.00 19.95 44.27 97227.15 0.00 600.83 0.00 0.01 16.63 16.63 16.63
13.00 19.22 45.68 97234.92 0.00 567.20 0.00 0.01 18.68 18.68 18.68
14.00 19.15 46.62 97240.92 0.00 530.07 0.00 0.01 23.35 23.35 23.35
15.00 19.67 46.47 97248.02 5.78 530.58 0.00 0.01 19.78 18.58 19.78
16.00 19.41 46.59 95993.03 27.15 592.58 0.00 0.01 13.92 13.92 13.92
17.00 20.58 46.28 97257.20 134.37 621.18 0.00 0.01 7.63 7.63 7.63
18.00 21.05 45.45 97261.03 155.40 596.75 0.00 0.01 5.90 5.90 5.90
19.00 20.65 45.78 97263.38 106.90 580.67 0.00 0.01 6.31 6.31 6.31
20.00 20.65 45.28 97265.48 85.03 559.20 0.00 0.01 8.08 8.08 8.08
21.00 21.30 45.23 97267.32 159.82 566.37 0.00 0.01 7.63 7.38 7.63
22.00 21.13 45.33 97269.38 118.28 595.23 0.00 0.01 17.23 16.35 17.23
23.00 20.10 46.50 97270.63 53.23 597.98 0.00 0.01 19.55 19.55 19.55
24.00 18.93 48.27 97271.33 24.07 549.75 0.00 0.01 11.87 11.87 11.87
25.00 18.68 49.12 97272.25 4.23 558.63 0.00 0.01 10.00 9.67 10.00
26.00 18.68 48.98 97272.32 6.83 568.17 0.00 0.01 12.80 12.60 12.80
27.00 18.30 50.53 97272.70 2.55 623.62 0.00 0.01 14.88 13.92 14.88
28.00 18.30 51.13 97272.70 17.98 617.02 0.00 0.01 16.72 16.72 16.72
29.00 19.27 50.55 97272.13 115.77 642.35 0.00 0.01 12.45 11.25 12.45
30.00 20.03 49.38 97271.33 175.57 617.68 0.00 0.01 14.88 14.52 14.88
31.00 20.65 48.32 97271.18 205.27 619.52 0.00 0.01 16.87 16.03 16.87
32.00 20.85 47.98 97270.35 248.40 639.52 0.00 0.01 7.37 6.63 7.37
33.00 21.63 48.08 97270.35 268.45 666.90 0.00 0.01 9.63 9.53 9.63
34.00 21.23 48.28 97270.05 255.02 652.77 0.00 0.01 12.93 12.93 12.93
35.00 19.67 49.17 97269.37 133.05 616.98 0.00 0.01 34.50 34.22 34.50
36.00 19.32 49.60 97269.02 93.98 601.73 0.00 0.01 26.90 26.80 26.90
37.00 18.42 51.40 97268.12 53.18 611.03 0.00 0.01 23.10 23.10 23.10
38.00 18.02 52.12 97266.97 42.42 625.32 0.00 0.01 14.70 14.70 14.70
39.00 18.18 52.12 97264.93 65.38 619.95 0.00 0.01 14.87 14.87 14.87
40.00 18.10 52.12 97263.48 53.86 599.72 0.00 0.01 21.67 21.38 21.67
41.00 18.57 52.12 97261.18 42.08 671.47 0.00 0.01 22.57 21.58 22.57
42.00 18.83 51.50 97259.75 103.52 721.97 0.00 0.01 16.37 16.00 16.37
43.00 19.67 51.13 97257.75 127.75 702.73 0.00 0.01 14.87 14.87 14.87
44.00 19.50 50.12 96432.78 153.62 686.22 0.00 0.01 12.83 12.83 12.83
45.00 19.70 49.52 96431.22 159.62 652.52 0.00 0.01 17.63 17.50 17.63
46.00 20.65 49.17 97254.62 163.85 669.25 0.00 0.01 18.07 17.77 18.07
47.00 20.65 49.17 97253.75 171.78 674.85 0.00 0.01 19.13 19.13 19.13
48.00 19.67 50.15 97253.63 121.92 677.70 0.00 0.01 16.08 15.37 16.08
49.00 18.77 51.28 97252.73 94.18 675.23 0.00 0.01 15.92 15.17 15.92
50.00 18.68 52.12 97251.38 53.98 669.47 0.00 0.01 17.50 16.77 17.50
51.00 18.08 52.72 97250.02 38.55 686.90 0.00 0.01 18.13 18.13 18.13
52.00 17.70 53.15 97248.28 28.40 682.80 0.00 0.01 14.98 14.98 14.98
53.00 17.70 54.08 97246.12 30.83 696.73 0.00 0.01 14.82 14.82 14.82
54.00 16.98 55.17 97245.05 18.27 681.77 0.00 0.01 13.03 13.03 13.03
55.00 17.08 55.90 97244.02 7.37 683.30 0.00 0.01 12.10 12.10 12.10
56.00 17.70 54.98 97242.85 20.55 669.15 0.00 0.01 19.12 18.63 19.12
57.00 18.23 53.75 97242.28 35.95 674.45 0.00 0.01 17.95 17.50 17.95
58.00 18.68 52.98 97241.32 58.82 658.27 0.00 0.01 15.87 15.35 15.87
59.00 18.68 52.65 97240.85 79.32 660.83 0.00 0.01 14.63 13.75 14.63
60.00 19.37 52.00 97241.53 62.42 655.50 0.00 0.01 8.13 8.13 8.13
61.00 19.23 51.57 97241.97 51.08 652.77 0.00 0.01 13.17 13.17 13.17
62.00 18.68 52.83 97243.00 22.33 678.60 0.00 0.01 17.43 17.04 17.43
63.00 17.48 53.87 97245.03 25.53 693.53 0.00 0.01 22.90 22.28 22.90
64.00 16.39 55.32 95363.39 3.88 709.68 0.00 0.01 22.58 22.58 22.58
65.00 16.72 58.02 97249.52 0.97 690.82 0.00 0.01 19.38 19.38 19.38
66.00 16.33 58.40 97251.75 3.12 691.00 0.00 0.01 23.55 23.17 23.55
67.00 16.70 58.03 97254.35 12.58 679.33 0.00 0.01 16.95 16.53 16.95
68.00 16.72 58.33 97256.60 15.17 654.25 0.00 0.01 14.43 14.43 14.43
69.00 16.12 59.00 97259.03 7.57 670.22 0.00 0.01 13.77 13.77 13.77
70.00 15.73 59.78 97260.27 3.07 669.82 0.00 0.01 15.77 15.57 15.77
71.00 15.73 59.98 97261.70 3.33 657.78 0.00 0.01 16.83 15.13 16.83
72.00 15.73 59.98 97262.93 2.93 665.28 0.00 0.01 15.87 15.27 15.87
73.00 15.93 59.78 97264.10 9.77 648.42 0.00 0.01 14.17 14.17 14.17
74.00 16.72 58.48 97266.80 44.42 656.73 0.00 0.01 5.90 5.90 5.90
75.00 17.62 57.78 97268.80 93.15 653.20 0.00 0.01 10.70 10.50 10.70
76.00 18.32 56.20 97272.17 144.25 670.18 0.00 0.01 26.17 26.17 26.17
77.00 18.68 54.73 97274.43 166.72 709.08 0.00 0.01 26.30 23.97 26.30
78.00 19.27 54.08 97276.43 195.50 691.27 0.00 0.01 14.93 14.93 14.93
79.00 19.67 54.08 97277.93 196.60 719.87 0.00 0.01 15.73 15.73 15.73
80.00 18.92 54.08 97277.87 179.18 679.62 0.00 0.01 15.33 14.98 15.33
81.00 18.28 54.22 97276.83 159.68 666.18 0.00 0.01 20.93 20.35 20.93
82.00 17.38 55.38 97275.53 82.82 657.58 0.00 0.01 19.95 19.63 19.95
83.00 16.72 57.12 97275.27 62.15 694.12 0.00 0.01 23.02 22.93 23.02
84.00 16.40 58.33 97275.27 53.08 667.70 0.00 0.01 19.90 19.90 19.90
85.00 15.97 59.00 97275.03 47.58 657.27 0.00 0.01 17.73 17.73 17.73
86.00 16.72 59.00 97274.27 36.53 672.98 0.00 0.01 18.80 18.40 18.80
87.00 16.45 59.00 97273.03 26.43 662.38 0.00 0.01 18.33 18.33 18.33
88.00 15.73 59.85 97271.90 24.05 674.38 0.00 0.01 12.20 11.35 12.20
89.00 15.73 60.82 97271.17 25.35 655.92 0.00 0.01 22.83 22.68 22.83
90.00 15.15 61.73 97270.53 14.27 651.03 0.00 0.01 25.78 25.78 25.78
91.00 14.75 63.30 97271.33 3.43 613.73 0.00 0.01 25.38 25.12 25.38
92.00 15.30 62.97 97272.28 10.13 656.53 0.00 0.01 18.62 18.62 18.62
93.00 14.80 63.27 97273.98 9.23 627.43 0.00 0.01 19.35 19.35 19.35
94.00 14.93 63.64 97157.79 8.42 658.03 0.00 0.01 15.38 14.50 15.38
95.00 15.90 62.20 97277.97 27.68 640.23 0.00 0.01 23.08 21.47 23.08
96.00 17.07 59.12 97280.30 52.65 643.48 0.00 0.01 27.37 27.37 27.37
97.00 17.70 57.88 97282.63 63.95 651.72 0.00 0.01 27.27 27.27 27.27
98.00 17.70 57.03 97283.82 62.35 680.73 0.00 0.01 31.97 31.97 31.97
99.00 17.70 57.03 97285.13 57.22 660.90 0.00 0.01 30.57 30.57 30.57
100.00 17.68 56.98 97199.30 61.27 750.65 0.00 0.01 31.44 31.44 31.44
101.00 17.93 58.00 97251.93 147.63 831.45 0.00 0.01 16.07 14.78 16.07
102.00 18.68 58.02 97265.08 405.43 1238.45 0.00 0.01 7.08 6.42 7.08
103.00 19.58 58.92 97251.92 943.60 1817.18 0.00 0.01 5.45 5.45 5.45
104.00 20.45 59.00 97242.08 1118.97 1740.58 0.00 0.01 5.70 5.70 5.70
105.00 20.65 59.00 97234.85 1184.23 1669.42 0.00 0.01 5.57 5.57 5.57
106.00 21.57 58.85 97227.83 1222.22 1633.72 0.00 0.01 5.13 5.13 5.13
107.00 22.37 58.02 97221.27 1301.12 1732.55 0.00 0.01 2.70 2.70 2.70
108.00 0.19 0.49 830.78 11.22 13.87 0.00 0.00 0.01 0.01 0.01
