0.00 1013.92 1924.18 0.00 0.01 1.55 1.55 1.55
1.00 1020.98 2141.07 0.00 0.01 3.92 3.27 3.92
2.00 1036.32 2117.03 0.00 0.01 4.38 3.93 4.38
3.00 1021.60 1968.50 0.00 0.01 3.83 3.78 3.83
4.00 978.53 1903.20 0.00 0.01 3.40 2.65 3.40
5.00 901.22 1911.18 0.00 0.01 4.63 4.37 4.63
6.00 571.62 1866.38 0.00 0.01 3.93 3.93 3.93
7.00 226.28 1238.63 0.00 0.01 4.68 4.30 4.68
8.00 32.48 844.33 0.00 0.01 6.83 5.85 6.83
9.00 0.94 662.05 0.00 0.01 13.22 12.55 13.22
10.00 0.00 544.15 0.00 0.01 15.58 15.58 15.58
11.00 0.00 568.77 0.00 0.01 14.00 13.63 14.00
12.00 0.00 600.83 0.00 0.01 16.63 16.63 16.63
13.00 0.00 567.20 0.00 0.01 18.68 18.68 18.68
14.00 0.00 530.07 0.00 0.01 23.35 23.35 23.35
15.00 5.78 530.58 0.00 0.01 19.78 18.58 19.78
16.00 27.15 592.58 0.00 0.01 13.92 13.92 13.92
17.00 134.37 621.18 0.00 0.01 7.63 7.63 7.63
18.00 155.40 596.75 0.00 0.01 5.90 5.90 5.90
19.00 106.90 580.67 0.00 0.01 6.31 6.31 6.31
20.00 85.03 559.20 0.00 0.01 8.08 8.08 8.08
21.00 159.82 566.37 0.00 0.01 7.63 7.38 7.63
22.00 118.28 595.23 0.00 0.01 17.23 16.35 17.23
23.00 53.23 597.98 0.00 0.01 19.55 19.55 19.55
24.00 24.07 549.75 0.00 0.01 11.87 11.87 11.87
25.00 4.23 558.63 0.00 0.01 10.00 9.67 10.00
26.00 6.83 568.17 0.00 0.01 12.80 12.60 12.80
27.00 2.55 623.62 0.00 0.01 14.88 13.92 14.88
28.00 17.98 617.02 0.00 0.01 16.72 16.72 16.72
29.00 115.77 642.35 0.00 0.01 12.45 11.25 12.45
30.00 175.57 617.68 0.00 0.01 14.88 14.52 14.88
31.00 205.27 619.52 0.00 0.01 16.87 16.03 16.87
32.00 248.40 639.52 0.00 0.01 7.37 6.63 7.37
33.00 268.45 666.90 0.00 0.01 9.63 9.53 9.63
34.00 255.02 652.77 0.00 0.01 12.93 12.93 12.93
35.00 133.05 616.98 0.00 0.01 34.50 34.22 34.50
36.00 93.98 601.73 0.00 0.01 26.90 26.80 26.90
37.00 53.18 611.03 0.00 0.01 23.10 23.10 23.10
38.00 42.42 625.32 0.00 0.01 14.70 14.70 14.70
39.00 65.38 619.95 0.00 0.01 14.87 14.87 14.87
40.00 53.86 599.72 0.00 0.01 21.67 21.38 21.67
41.00 42.08 671.47 0.00 0.01 22.57 21.58 22.57
42.00 103.52 721.97 0.00 0.01 16.37 16.00 16.37
43.00 127.75 702.73 0.00 0.01 14.87 14.87 14.87
44.00 153.62 686.22 0.00 0.01 12.83 12.83 12.83
45.00 159.62 652.52 0.00 0.01 17.63 17.50 17.63
46.00 163.85 669.25 0.00 0.01 18.07 17.77 18.07
47.00 171.78 674.85 0.00 0.01 19.13 19.13 19.13
48.00 121.92 677.70 0.00 0.01 16.08 15.37 16.08
49.00 94.18 675.23 0.00 0.01 15.92 15.17 15.92
50.00 53.98 669.47 0.00 0.01 17.50 16.77 17.50
51.00 38.55 686.90 0.00 0.01 18.13 18.13 18.13
52.00 28.40 682.80 0.00 0.01 14.98 14.98 14.98
53.00 30.83 696.73 0.00 0.01 14.82 14.82 14.82
54.00 18.27 681.77 0.00 0.01 13.03 13.03 13.03
55.00 7.37 683.30 0.00 0.01 12.10 12.10 12.10
56.00 20.55 669.15 0.00 0.01 19.12 18.63 19.12
57.00 35.95 674.45 0.00 0.01 17.95 17.50 17.95
58.00 58.82 658.27 0.00 0.01 15.87 15.35 15.87
59.00 79.32 660.83 0.00 0.01 14.63 13.75 14.63
60.00 62.42 655.50 0.00 0.01 8.13 8.13 8.13
61.00 51.08 652.77 0.00 0.01 13.17 13.17 13.17
62.00 22.33 678.60 0.00 0.01 17.43 17.04 17.43
63.00 25.53 693.53 0.00 0.01 22.90 22.28 22.90
64.00 3.88 709.68 0.00 0.01 22.58 22.58 22.58
65.00 0.97 690.82 0.00 0.01 19.38 19.38 19.38
66.00 3.12 691.00 0.00 0.01 23.55 23.17 23.55
67.00 12.58 679.33 0.00 0.01 16.95 16.53 16.95
68.00 15.17 654.25 0.00 0.01 14.43 14.43 14.43
69.00 7.57 670.22 0.00 0.01 13.77 13.77 13.77
70.00 3.07 669.82 0.00 0.01 15.77 15.57 15.77
71.00 3.33 657.78 0.00 0.01 16.83 15.13 16.83
72.00 2.93 665.28 0.00 0.01 15.87 15.27 15.87
73.00 9.77 648.42 0.00 0.01 14.17 14.17 14.17
74.00 44.42 656.73 0.00 0.01 5.90 5.90 5.90
75.00 93.15 653.20 0.00 0.01 10.70 10.50 10.70
76.00 144.25 670.18 0.00 0.01 26.17 26.17 26.17
77.00 166.72 709.08 0.00 0.01 26.30 23.97 26.30
78.00 195.50 691.27 0.00 0.01 14.93 14.93 14.93
79.00 196.60 719.87 0.00 0.01 15.73 15.73 15.73
80.00 179.18 679.62 0.00 0.01 15.33 14.98 15.33
81.00 159.68 666.18 0.00 0.01 20.93 20.35 20.93
82.00 82.82 657.58 0.00 0.01 19.95 19.63 19.95
83.00 62.15 694.12 0.00 0.01 23.02 22.93 23.02
84.00 53.08 667.70 0.00 0.01 19.90 19.90 19.90
85.00 47.58 657.27 0.00 0.01 17.73 17.73 17.73
86.00 36.53 672.98 0.00 0.01 18.80 18.40 18.80
87.00 26.43 662.38 0.00 0.01 18.33 18.33 18.33
88.00 24.05 674.38 0.00 0.01 12.20 11.35 12.20
89.00 25.35 655.92 0.00 0.01 22.83 22.68 22.83
90.00 14.27 651.03 0.00 0.01 25.78 25.78 25.78
91.00 3.43 613.73 0.00 0.01 25.38 25.12 25.38
92.00 10.13 656.53 0.00 0.01 18.62 18.62 18.62
93.00 9.23 627.43 0.00 0.01 19.35 19.35 19.35
94.00 8.42 658.03 0.00 0.01 15.38 14.50 15.38
95.00 27.68 640.23 0.00 0.01 23.08 21.47 23.08
96.00 52.65 643.48 0.00 0.01 27.37 27.37 27.37
97.00 63.95 651.72 0.00 0.01 27.27 27.27 27.27
98.00 62.35 680.73 0.00 0.01 31.97 31.97 31.97
99.00 57.22 660.90 0.00 0.01 30.57 30.57 30.57
100.00 61.27 750.65 0.00 0.01 31.44 31.44 31.44
101.00 147.63 831.45 0.00 0.01 16.07 14.78 16.07
102.00 405.43 1238.45 0.00 0.01 7.08 6.42 7.08
103.00 943.60 1817.18 0.00 0.01 5.45 5.45 5.45
104.00 1118.97 1740.58 0.00 0.01 5.70 5.70 5.70
105.00 1184.23 1669.42 0.00 0.01 5.57 5.57 5.57
106.00 1222.22 1633.72 0.00 0.01 5.13 5.13 5.13
107.00 1301.12 1732.55 0.00 0.01 2.70 2.70 2.70
108.00 11.22 13.87 0.00 0.00 0.01 0.01 0.01
