28.64
35.29
35.29
35.29
35.29
19.35
15.79
17.14
40.00
18.18
17.65
9.68
37.50
19.05
18.18
14.12
31.58
18.75
37.50
35.29
37.50
35.29
35.29
18.75
37.50
37.50
37.50
33.33
17.39
17.65
37.50
10.91
17.65
35.29
17.65
26.09
17.65
33.33
30.00
33.33
33.33
18.75
37.50
31.58
33.33
33.33
30.00
9.52
28.57
33.33
30.00
19.35
33.33
16.67
18.47
18.18
10.00
19.35
16.67
18.75
19.35
18.75
18.75
16.22
16.67
19.35
19.35
18.75
18.75
16.90
16.67
18.75
16.67
17.65
18.75
15.00
37.50
37.50
35.29
37.50
8.82
18.18
18.75
10.34
19.35
19.05
35.29
37.50
18.75
19.35
35.29
37.50
18.18
18.75
37.50
10.53
18.75
37.50
35.29
33.33
37.50
10.17
10.17
10.17
37.50
37.50
35.29
17.65
35.29
10.00
