0.0 84.9
1.0 78.9
2.0 78.0
3.0 79.6
4.0 82.0
5.0 86.8
6.0 91.4
7.0 104.2
8.0 102.3
9.0 99.8
10.0 105.5
11.0 111.6
12.0 108.0
13.0 105.0
14.0 108.3
15.0 112.7
16.0 105.3
17.0 105.4
18.0 89.9
19.0 82.3
20.0 84.4
21.0 88.9
22.0 105.2
23.0 105.2
24.0 110.8
25.0 113.2
26.0 116.7
27.0 124.1
28.0 123.5
29.0 119.4
30.0 117.9
31.0 113.1
32.0 117.0
33.0 116.3
34.0 99.3
35.0 97.5
36.0 100.7
37.0 112.2
38.0 119.2
39.0 117.1
40.0 111.2
41.0 115.2
42.0 115.5
43.0 117.1
44.0 115.8
45.0 109.5
46.0 106.8
47.0 109.5
48.0 108.9
49.0 117.5
50.0 137.2
51.0 146.9
52.0 134.6
53.0 123.1
54.0 128.2
55.0 126.6
56.0 113.1
57.0 110.6
58.0 110.8
59.0 112.1
60.0 110.2
61.0 113.3
62.0 120.4
63.0 126.3
64.0 137.4
65.0 142.1
66.0 134.5
67.0 127.9
68.0 104.0
69.0 103.2
70.0 115.5
71.0 125.1
72.0 126.2
73.0 126.1
74.0 109.5
75.0 105.3
76.0 102.9
77.0 94.0
78.0 100.3
79.0 102.0
80.0 104.1
81.0 116.1
82.0 125.0
83.0 126.5
84.0 133.3
85.0 140.1
86.0 137.6
87.0 135.3
88.0 122.5
89.0 109.1
90.0 118.0
91.0 133.1
92.0 124.9
93.0 122.3
94.0 124.8
95.0 116.1
96.0 112.7
97.0 106.8
98.0 96.7
99.0 96.3
100.0 95.1
101.0 100.3
102.0 98.0
103.0 99.5
104.0 94.0
105.0 95.4
106.0 97.7
107.0 91.6
108.0 90.6
109.0 0.1
