6 28 0 0 0 1233 1817 0.01 0.0 0.0 0.0 0.0 0 0 1.0 0.0 17/11/2022 15 7 34 45.4721758 9.2272944
6 28 28.0 47.0 98818 951 1978 0.01 0.0 1.0 1.0 1.0 1 2 1.0 2.0 17/11/2022 15 7 46 45.4720114 9.2273727
6 29 28.0 47.0 98818 1005 1966 0.01 0.0 1.0 2.0 2.0 1 2 2.0 2.0 17/11/2022 15 8 6 45.4719019 9.2275101
6 30 28.0 47.0 98819 1033 2180 0.01 0.0 1.0 2.0 2.0 1 2 2.0 2.0 17/11/2022 15 8 30 45.4720779 9.2270066
6 31 28.0 47.0 98819 1041 2176 0.01 0.0 3.0 4.0 5.0 1 2 2.0 2.0 17/11/2022 15 8 54 45.4719884 9.2272719
6 33 0 0 0 1051 2386 0.01 0.0 0.0 0.0 0.0 0 0 1.0 0.0 17/11/2022 15 9 34 45.4720022 9.2272247
6 33 28.0 47.0 98819 1059 2240 0.01 0.0 4.0 4.0 5.0 1 2 2.0 2.0 17/11/2022 15 9 38 45.4720584 9.2271165
6 34 28.0 47.0 98819 1049 2060 0.01 0.0 3.0 4.0 4.0 1 2 2.0 2.0 17/11/2022 15 10 2 45.4720859 9.2271025
6 35 28.0 46.0 98819 1057 2017 0.01 0.0 3.0 4.0 4.0 1 2 2.0 2.0 17/11/2022 15 10 26 45.4720969 9.2271091
6 36 28.0 46.0 98820 1028 1997 0.01 0.0 3.0 4.0 4.0 1 2 2.0 2.0 17/11/2022 15 10 54 45.4721433 9.2270316
6 37 28.0 47.0 98820 1030 1946 0.01 0.0 1.0 1.0 2.0 1 2 2.0 2.0 17/11/2022 15 11 28 45.4721173 9.227138
6 38 28.0 46.0 98819 967 1902 0.01 0.0 3.0 4.0 5.0 1 2 2.0 1.0 17/11/2022 15 11 52 45.472157 9.2271943
6 39 29.0 46.0 98819 991 1977 0.01 0.0 2.0 3.0 3.0 1 2 1.0 2.0 17/11/2022 15 12 16 45.4719857 9.2270678
6 40 29.0 45.0 98819 1005 1964 0.01 0.0 5.0 7.0 8.0 1 1 1.0 1.0 17/11/2022 15 12 52 45.4720037 9.2271055
6 41 29.0 45.0 98819 771 1893 0.01 0.0 3.0 4.0 4.0 1 2 2.0 2.0 17/11/2022 15 13 8 45.4721295 9.2270535
6 42 29.0 44.0 98819 602 1932 0.01 0.0 3.0 4.0 4.0 1 1 2.0 2.0 17/11/2022 15 13 32 45.472179 9.2271243
6 43 28.0 44.0 98818 548 1873 0.01 0.0 3.0 4.0 4.0 1 2 2.0 2.0 17/11/2022 15 13 56 45.4722416 9.2268264
6 45 0 0 0 422 1593 0.01 0.0 0.0 0.0 0.0 0 0 1.0 0.0 17/11/2022 15 14 36 45.4720791 9.2268856
6 45 28.0 42.0 98818 199 1239 0.01 0.0 4.0 4.0 4.0 2 2 2.0 2.0 17/11/2022 15 14 40 45.472306 9.2274263
6 46 28.0 41.0 98822 111 988 0.01 0.0 4.0 5.0 6.0 1 2 2.0 2.0 17/11/2022 15 15 6 45.4723817 9.2273809
6 47 27.0 41.0 98828 66 902 0.01 0.0 5.0 6.0 7.0 1 2 2.0 2.0 17/11/2022 15 15 30 45.4725804 9.2273664
6 48 26.0 41.0 98834 1 814 0.01 0.0 5.0 6.0 7.0 1 3 2.0 3.0 17/11/2022 15 15 54 45.4727787 9.2281295
6 49 25.0 41.0 98840 0 613 0.01 0.0 14.0 16.0 18.0 2 1 1.0 1.0 17/11/2022 15 16 42 45.4727968 9.2282806
6 50 24.0 41.0 98845 0 632 0.01 0.0 14.0 15.0 15.0 1 2 2.0 1.0 17/11/2022 15 16 54 45.472799 9.2287248
6 51 23.0 42.0 98850 0 549 0.01 0.0 14.0 15.0 15.0 2 1 1.0 1.0 17/11/2022 15 17 22 45.4727471 9.2290033
6 52 23.0 42.0 98854 0 513 0.01 0.0 17.0 18.0 18.0 1 2 2.0 2.0 17/11/2022 15 17 38 45.4727788 9.229433
6 53 22.0 43.0 98859 0 600 0.01 0.0 13.0 14.0 14.0 1 2 1.0 2.0 17/11/2022 15 18 2 45.4725471 9.2298751
6 54 22.0 43.0 98863 0 564 0.01 0.0 13.0 14.0 14.0 1 1 2.0 1.0 17/11/2022 15 18 38 45.4724413 9.2301496
6 55 21.0 44.0 98867 0 567 0.01 0.0 11.0 13.0 14.0 1 2 1.0 2.0 17/11/2022 15 18 54 45.4726923 9.2304173
6 56 21.0 44.0 98871 0 604 0.01 0.0 15.0 16.0 16.0 1 2 1.0 2.0 17/11/2022 15 19 16 45.4727865 9.2309441
6 57 20.0 45.0 98875 0 613 0.01 0.0 15.0 16.0 16.0 1 1 1.0 2.0 17/11/2022 15 19 40 45.4727998 9.2312779
6 58 20.0 46.0 98879 0 615 0.01 0.0 18.0 19.0 19.0 1 1 2.0 1.0 17/11/2022 15 20 4 45.4728605 9.2316473
6 59 20.0 46.0 98882 0 547 0.01 0.0 18.0 19.0 19.0 1 2 2.0 2.0 17/11/2022 15 20 30 45.472884 9.2320214
6 60 19.0 47.0 98885 0 592 0.01 0.0 18.0 19.0 19.0 1 3 2.0 2.0 17/11/2022 15 20 54 45.4727381 9.2327193
6 61 19.0 48.0 98888 0 519 0.01 0.0 32.0 33.0 33.0 1 2 2.0 2.0 17/11/2022 15 21 28 45.4727508 9.2330131
6 62 20.0 47.0 98891 0 543 0.01 0.0 16.0 17.0 17.0 1 2 2.0 2.0 17/11/2022 15 21 52 45.4727558 9.2336079
6 63 20.0 47.0 98894 0 566 0.01 0.0 17.0 18.0 18.0 1 1 1.0 1.0 17/11/2022 15 22 24 45.4727717 9.233855
6 1 20.0 47.0 98897 4 503 0.01 0.0 18.0 21.0 24.0 1 2 2.0 2.0 17/11/2022 15 22 40 45.4727498 9.2342642
6 2 20.0 48.0 98899 9 569 0.01 0.0 16.0 17.0 17.0 1 2 2.0 2.0 17/11/2022 15 23 4 45.472804 9.2344131
6 4 0 0 0 6 601 0.01 0.0 16.0 17.0 17.0 1 0 2.0 2.0 17/11/2022 15 23 28 45.4728253 9.2344067
6 4 20.0 48.0 98903 58 617 0.01 0.0 9.0 10.0 10.0 1 2 2.0 2.0 17/11/2022 15 23 54 45.472825 9.2344067
6 5 21.0 47.0 98905 123 611 0.01 0.0 7.0 8.0 8.0 1 1 1.0 1.0 17/11/2022 15 24 22 45.4728117 9.2345317
6 6 21.0 47.0 98906 165 698 0.01 0.0 7.0 8.0 8.0 1 1 1.0 1.0 17/11/2022 15 24 54 45.4728347 9.2345088
6 7 21.0 47.0 98908 174 625 0.01 0.0 5.0 6.0 6.0 1 2 2.0 2.0 17/11/2022 15 25 6 45.472835 9.2345083
6 8 22.0 46.0 98909 165 618 0.01 0.0 5.0 6.0 6.0 1 2 2.0 2.0 17/11/2022 15 25 30 45.4728317 9.2345033
6 9 21.0 46.0 98911 141 584 0.01 0.0 5.0 6.0 6.0 1 3 3.0 2.0 17/11/2022 15 25 54 45.4728317 9.2345033
6 11 21.0 47.0 98912 103 581 0.01 0.0 0.0 0.0 0.0 0 1 1.0 0.0 17/11/2022 15 26 42 45.4728317 9.2345033
6 11 21.0 47.0 98913 72 604 0.01 0.0 6.0 7.0 7.0 1 2 2.0 2.0 17/11/2022 15 26 54 45.4729082 9.2344451
6 12 21.0 46.0 98914 67 556 0.01 0.0 9.0 10.0 10.0 1 2 2.0 2.0 17/11/2022 15 27 18 45.4729083 9.234445
6 13 21.0 46.0 98914 91 579 0.01 0.0 7.0 7.0 7.0 1 2 2.0 1.0 17/11/2022 15 27 42 45.4729083 9.234445
6 14 21.0 46.0 98915 152 557 0.01 0.0 7.0 7.0 7.0 1 1 1.0 1.0 17/11/2022 15 28 8 45.4729083 9.234445
6 15 22.0 46.0 98916 171 593 0.01 0.0 7.0 7.0 7.0 1 1 2.0 1.0 17/11/2022 15 28 34 45.4729083 9.234445
6 16 22.0 46.0 98917 163 574 0.01 0.0 8.0 9.0 10.0 1 1 2.0 2.0 17/11/2022 15 28 58 45.472917 9.2346079
6 17 22.0 46.0 98918 136 599 0.01 0.0 15.0 17.0 18.0 1 2 1.0 2.0 17/11/2022 15 29 18 45.4732207 9.2346569
6 18 21.0 46.0 98918 108 622 0.01 0.0 15.0 17.0 18.0 1 2 2.0 2.0 17/11/2022 15 29 42 45.4734076 9.2345093
6 19 21.0 47.0 98919 71 590 0.01 0.0 19.0 20.0 20.0 1 2 1.0 2.0 17/11/2022 15 30 6 45.4737089 9.2344097
6 21 20.0 47.0 98919 46 592 0.01 0.0 0.0 0.0 0.0 0 1 1.0 0.0 17/11/2022 15 30 38 45.4739122 9.2343493
6 21 20.0 48.0 98920 36 651 0.01 0.0 19.0 20.0 20.0 1 1 2.0 2.0 17/11/2022 15 30 54 45.4744131 9.2344539
6 22 19.0 49.0 98920 31 485 0.01 0.0 8.0 8.0 8.0 2 2 2.0 2.0 17/11/2022 15 31 26 45.4746756 9.2344049
6 23 19.0 50.0 98920 8 579 0.01 0.0 11.0 11.0 11.0 1 2 2.0 2.0 17/11/2022 15 31 50 45.4750496 9.2343325
6 24 19.0 50.0 98921 1 549 0.01 0.0 10.0 10.0 10.0 1 2 2.0 2.0 17/11/2022 15 32 14 45.4754368 9.2343462
6 25 19.0 50.0 98921 8 595 0.01 0.0 8.0 9.0 10.0 2 2 1.0 2.0 17/11/2022 15 32 46 45.4757119 9.2342625
6 26 19.0 49.0 98921 10 578 0.01 0.0 11.0 12.0 12.0 1 2 2.0 2.0 17/11/2022 15 33 6 45.4759607 9.2347681
6 27 19.0 50.0 98921 6 540 0.01 0.0 11.0 12.0 12.0 1 2 2.0 2.0 17/11/2022 15 33 32 45.4759746 9.2351283
6 28 19.0 51.0 98921 3 653 0.01 0.0 14.0 16.0 17.0 1 2 2.0 2.0 17/11/2022 15 33 56 45.4758585 9.235838
6 30 18.0 52.0 98922 2 605 0.01 0.0 10.0 11.0 12.0 1 1 2.0 2.0 17/11/2022 15 34 44 45.4756944 9.2359743
6 31 18.0 52.0 98922 1 599 0.01 0.0 16.0 17.0 17.0 1 2 2.0 2.0 17/11/2022 15 35 6 45.4756782 9.2359417
6 32 19.0 52.0 98921 10 632 0.01 0.0 16.0 17.0 17.0 1 2 2.0 2.0 17/11/2022 15 35 30 45.4756783 9.2359417
6 33 19.0 52.0 98921 68 673 0.01 0.0 16.0 17.0 17.0 1 2 1.0 2.0 17/11/2022 15 35 54 45.4756783 9.2359417
6 34 20.0 51.0 98921 138 651 0.01 0.0 4.0 7.0 10.0 1 2 2.0 2.0 17/11/2022 15 36 30 45.4756783 9.2359417
6 35 20.0 51.0 98920 182 615 0.01 0.0 8.0 9.0 9.0 1 2 2.0 2.0 17/11/2022 15 36 54 45.4756783 9.2359417
6 36 20.0 50.0 98920 179 629 0.01 0.0 13.0 14.0 14.0 1 2 2.0 2.0 17/11/2022 15 37 18 45.4756783 9.2359417
6 37 21.0 50.0 98920 176 635 0.01 0.0 16.0 19.0 20.0 1 1 1.0 1.0 17/11/2022 15 37 42 45.4756783 9.2359417
6 38 21.0 49.0 98920 204 625 0.01 0.0 16.0 18.0 19.0 1 1 2.0 1.0 17/11/2022 15 38 12 45.4756783 9.2359417
6 39 21.0 49.0 98920 213 628 0.01 0.0 17.0 18.0 19.0 1 2 2.0 2.0 17/11/2022 15 38 30 45.4756783 9.2359417
6 40 21.0 49.0 98919 236 641 0.01 0.0 5.0 6.0 6.0 1 2 2.0 2.0 17/11/2022 15 38 54 45.4756783 9.2359417
6 41 21.0 49.0 98919 258 635 0.01 0.0 6.0 7.0 8.0 1 2 1.0 2.0 17/11/2022 15 39 18 45.4756783 9.2359417
6 42 22.0 48.0 98919 259 703 0.01 0.0 7.0 7.0 8.0 1 1 2.0 1.0 17/11/2022 15 39 50 45.4756783 9.2359417
6 43 22.0 49.0 98919 258 672 0.01 0.0 9.0 10.0 10.0 1 1 1.0 1.0 17/11/2022 15 40 8 45.4756783 9.2359417
6 44 22.0 49.0 98919 286 670 0.01 0.0 10.0 10.0 10.0 1 1 2.0 1.0 17/11/2022 15 40 30 45.4757728 9.235929
6 45 22.0 49.0 98919 287 692 0.01 0.0 10.0 10.0 10.0 1 2 3.0 3.0 17/11/2022 15 40 50 45.4759497 9.2353729
6 46 21.0 49.0 98918 216 593 0.01 0.0 22.0 24.0 24.0 1 1 1.0 1.0 17/11/2022 15 41 42 45.4759482 9.2352135
6 47 20.0 50.0 98918 157 613 0.01 0.0 12.0 13.0 13.0 1 2 2.0 2.0 17/11/2022 15 41 54 45.4759865 9.2348138
6 48 20.0 50.0 98918 132 623 0.01 0.0 48.0 51.0 51.0 1 2 2.0 2.0 17/11/2022 15 42 18 45.4759756 9.2344686
6 49 20.0 50.0 98918 117 649 0.01 0.0 32.0 35.0 36.0 1 2 2.0 2.0 17/11/2022 15 42 42 45.4762472 9.2344244
6 50 20.0 50.0 98918 103 600 0.01 0.0 25.0 26.0 26.0 1 2 1.0 2.0 17/11/2022 15 43 5 45.4766543 9.2342429
6 51 19.0 51.0 98917 81 625 0.01 0.0 25.0 26.0 26.0 1 1 1.0 1.0 17/11/2022 15 43 37 45.4768947 9.2343775
6 52 19.0 52.0 98917 69 602 0.01 0.0 28.0 30.0 30.0 1 2 2.0 2.0 17/11/2022 15 43 53 45.4772465 9.2344217
6 53 19.0 52.0 98917 51 629 0.01 0.0 19.0 20.0 20.0 1 2 2.0 2.0 17/11/2022 15 44 17 45.4775203 9.234429
6 54 18.0 53.0 98916 41 633 0.01 0.0 19.0 21.0 21.0 1 2 2.0 2.0 17/11/2022 15 44 41 45.4778204 9.2343913
6 55 18.0 53.0 98916 37 620 0.01 0.0 13.0 14.0 14.0 1 1 2.0 1.0 17/11/2022 15 45 5 45.4782464 9.2343902
6 56 19.0 53.0 98915 47 675 0.01 0.0 13.0 14.0 14.0 1 1 1.0 1.0 17/11/2022 15 45 37 45.4784514 9.2344243
6 57 19.0 53.0 98914 67 645 0.01 0.0 13.0 14.0 14.0 1 3 3.0 3.0 17/11/2022 15 45 49 45.478891 9.2344073
6 58 18.0 53.0 98913 67 626 0.01 0.0 14.0 15.0 15.0 1 2 2.0 2.0 17/11/2022 15 46 25 45.4792593 9.2343738
6 59 18.0 53.0 98913 62 578 0.01 0.0 20.0 21.0 21.0 1 2 2.0 2.0 17/11/2022 15 46 49 45.4795661 9.2344126
6 60 19.0 53.0 98912 50 641 0.01 0.0 19.0 20.0 20.0 1 2 2.0 2.0 17/11/2022 15 47 13 45.4798223 9.2343979
6 62 18.0 53.0 98911 0 0 0 0.0 23.0 25.0 26.0 1 1 0.0 1.0 17/11/2022 15 47 37 45.4801576 9.2344274
6 62 19.0 53.0 98910 41 651 0.01 0.0 20.0 22.0 23.0 1 2 1.0 2.0 17/11/2022 15 48 1 45.4802408 9.2344018
6 63 19.0 53.0 98909 42 716 0.01 0.0 20.0 22.0 23.0 1 2 2.0 2.0 17/11/2022 15 48 27 45.48024 9.2344017
6 1 19.0 53.0 98909 78 739 0.01 0.0 8.0 10.0 11.0 1 2 1.0 2.0 17/11/2022 15 48 51 45.48024 9.2344017
6 2 19.0 52.0 98908 121 726 0.01 0.0 19.0 20.0 20.0 1 1 1.0 1.0 17/11/2022 15 49 15 45.48024 9.2344017
6 3 20.0 52.0 98907 123 748 0.01 0.0 19.0 20.0 20.0 1 2 1.0 1.0 17/11/2022 15 49 43 45.48024 9.2344017
6 4 20.0 52.0 98906 117 707 0.01 0.0 13.0 13.0 13.0 1 2 2.0 2.0 17/11/2022 15 50 3 45.48024 9.2344017
6 5 20.0 52.0 98906 146 707 0.01 0.0 14.0 15.0 15.0 1 2 2.0 2.0 17/11/2022 15 50 27 45.48024 9.2344017
6 7 0 0 0 152 703 0.01 0.0 14.0 15.0 15.0 1 0 2.0 1.0 17/11/2022 15 51 7 45.48024 9.2344017
6 7 20.0 51.0 98905 167 687 0.01 0.0 9.0 10.0 10.0 1 2 1.0 2.0 17/11/2022 15 51 27 45.48024 9.2344017
6 8 20.0 51.0 98904 167 652 0.01 0.0 16.0 18.0 18.0 1 1 2.0 2.0 17/11/2022 15 51 51 45.48024 9.2344017
6 10 0 0 0 158 676 0.01 0.0 18.0 19.0 19.0 1 0 1.0 1.0 17/11/2022 15 52 21 45.48024 9.2344017
6 10 21.0 50.0 98903 155 673 0.01 0.0 14.0 15.0 16.0 1 2 1.0 2.0 17/11/2022 15 52 41 45.48024 9.2344017
6 11 21.0 50.0 98903 168 686 0.01 0.0 17.0 19.0 19.0 1 2 2.0 2.0 17/11/2022 15 53 7 45.4802363 9.2343748
6 12 21.0 50.0 98903 177 681 0.01 0.0 18.0 20.0 20.0 1 2 2.0 2.0 17/11/2022 15 53 31 45.48032 9.2343617
6 13 21.0 50.0 98902 176 694 0.01 0.0 20.0 21.0 21.0 1 2 2.0 2.0 17/11/2022 15 53 55 45.4803784 9.2344467
6 14 21.0 50.0 98902 173 681 0.01 0.0 17.0 18.0 18.0 1 1 1.0 1.0 17/11/2022 15 54 19 45.480754 9.2343193
6 15 20.0 51.0 98902 147 700 0.01 0.0 19.0 20.0 20.0 1 1 2.0 1.0 17/11/2022 15 54 47 45.4808731 9.234337
6 16 20.0 51.0 98902 111 675 0.01 0.0 12.0 14.0 15.0 1 2 2.0 2.0 17/11/2022 15 55 3 45.4809843 9.2343465
6 17 20.0 51.0 98902 121 698 0.01 0.0 13.0 14.0 15.0 1 2 2.0 2.0 17/11/2022 15 55 27 45.4813438 9.2343425
6 18 19.0 52.0 98901 102 682 0.01 0.0 13.0 14.0 15.0 1 3 3.0 3.0 17/11/2022 15 55 51 45.4818134 9.2342561
6 19 19.0 53.0 98901 69 696 0.01 0.0 19.0 20.0 20.0 1 1 1.0 1.0 17/11/2022 15 56 31 45.4821316 9.2341999
6 20 19.0 53.0 98900 57 697 0.01 0.0 14.0 17.0 19.0 1 1 1.0 1.0 17/11/2022 15 56 55 45.4824425 9.2341464
6 21 19.0 53.0 98899 48 660 0.01 0.0 15.0 16.0 16.0 1 2 2.0 2.0 17/11/2022 15 57 17 45.4827957 9.2342103
6 22 19.0 53.0 98899 47 714 0.01 0.0 14.0 16.0 16.0 1 2 2.0 2.0 17/11/2022 15 57 43 45.4831255 9.2341679
6 23 18.0 54.0 98898 35 692 0.01 0.0 19.0 20.0 20.0 1 2 2.0 1.0 17/11/2022 15 58 7 45.4835185 9.2341779
6 24 18.0 54.0 98897 28 662 0.01 0.0 19.0 20.0 20.0 1 1 1.0 1.0 17/11/2022 15 58 39 45.4837345 9.2341651
6 25 18.0 54.0 98897 25 696 0.01 0.0 12.0 12.0 12.0 1 2 2.0 2.0 17/11/2022 15 58 55 45.4840186 9.2345421
6 26 18.0 54.0 98896 33 705 0.01 0.0 16.0 16.0 16.0 1 1 2.0 1.0 17/11/2022 15 59 19 45.4841917 9.2347498
6 27 18.0 55.0 98895 36 740 0.01 0.0 16.0 17.0 17.0 1 2 2.0 2.0 17/11/2022 15 59 39 45.4844036 9.2350066
6 28 18.0 55.0 98894 31 679 0.01 0.0 13.0 14.0 14.0 1 1 1.0 1.0 17/11/2022 16 0 3 45.4844725 9.2354775
6 29 18.0 55.0 98894 25 712 0.01 0.0 13.0 14.0 14.0 1 2 2.0 1.0 17/11/2022 16 0 27 45.484395 9.2359942
6 30 17.0 56.0 98893 19 670 0.01 0.0 13.0 14.0 14.0 1 2 3.0 3.0 17/11/2022 16 0 57 45.4846635 9.236164
6 31 17.0 58.0 98893 8 734 0.01 0.0 9.0 10.0 10.0 1 1 1.0 1.0 17/11/2022 16 1 29 45.4848466 9.236132
6 32 17.0 57.0 98892 4 658 0.01 0.0 11.0 12.0 12.0 1 1 1.0 1.0 17/11/2022 16 1 53 45.4848433 9.2361333
6 33 18.0 56.0 98892 11 712 0.01 0.0 13.0 14.0 14.0 1 2 2.0 2.0 17/11/2022 16 2 17 45.4848433 9.2361333
6 34 18.0 56.0 98891 16 673 0.01 0.0 13.0 14.0 15.0 1 2 2.0 2.0 17/11/2022 16 2 41 45.4848433 9.2361333
6 35 18.0 56.0 98891 24 686 0.01 0.0 21.0 23.0 23.0 1 2 2.0 2.0 17/11/2022 16 3 5 45.4848433 9.2361333
6 36 18.0 55.0 98891 31 673 0.01 0.0 21.0 22.0 23.0 1 1 1.0 1.0 17/11/2022 16 3 33 45.4848433 9.2361333
6 37 19.0 55.0 98890 40 678 0.01 0.0 7.0 8.0 8.0 1 1 1.0 1.0 17/11/2022 16 4 5 45.4848433 9.2361333
6 38 19.0 54.0 98890 42 708 0.01 0.0 16.0 18.0 18.0 1 2 2.0 2.0 17/11/2022 16 4 17 45.4848433 9.2361333
6 39 19.0 54.0 98890 48 653 0.01 0.0 16.0 18.0 18.0 1 2 2.0 2.0 17/11/2022 16 4 41 45.4848433 9.2361333
6 40 19.0 54.0 98889 69 674 0.01 0.0 11.0 13.0 14.0 1 2 2.0 1.0 17/11/2022 16 5 5 45.4848433 9.2361333
6 41 19.0 53.0 98889 79 688 0.01 0.0 13.0 15.0 16.0 1 1 1.0 1.0 17/11/2022 16 5 29 45.4848433 9.2361333
6 42 19.0 54.0 98889 83 661 0.01 0.0 13.0 15.0 16.0 1 3 2.0 2.0 17/11/2022 16 5 57 45.4848433 9.2361333
6 43 19.0 53.0 98889 74 675 0.01 0.0 5.0 5.0 5.0 1 2 2.0 2.0 17/11/2022 16 6 29 45.4848433 9.2361333
6 44 20.0 53.0 98890 58 659 0.01 0.0 7.0 8.0 8.0 1 2 2.0 2.0 17/11/2022 16 6 53 45.4848132 9.2359869
6 45 20.0 52.0 98890 63 682 0.01 0.0 17.0 18.0 18.0 1 1 1.0 1.0 17/11/2022 16 7 27 45.4847698 9.235713
6 46 20.0 52.0 98890 64 664 0.01 0.0 10.0 11.0 11.0 1 1 2.0 2.0 17/11/2022 16 7 43 45.4846164 9.2356186
6 47 19.0 53.0 98890 41 666 0.01 0.0 13.0 14.0 14.0 1 1 2.0 1.0 17/11/2022 16 8 7 45.4846497 9.2355043
6 48 19.0 53.0 98891 28 638 0.01 0.0 13.0 14.0 14.0 1 2 2.0 2.0 17/11/2022 16 8 25 45.4844462 9.2350542
6 50 19.0 54.0 98891 21 699 0.01 0.0 0.0 0.0 0.0 0 1 1.0 0.0 17/11/2022 16 8 49 45.4843017 9.2346382
6 50 19.0 54.0 98892 20 740 0.01 0.0 22.0 23.0 24.0 1 1 1.0 2.0 17/11/2022 16 9 21 45.4839974 9.2344352
6 51 18.0 54.0 98893 35 686 0.01 0.0 21.0 23.0 24.0 1 2 2.0 2.0 17/11/2022 16 9 41 45.4836757 9.2344434
6 52 17.0 56.0 98894 18 715 0.01 0.0 21.0 22.0 22.0 1 2 1.0 1.0 17/11/2022 16 10 9 45.4833695 9.2343934
6 53 17.0 57.0 98895 6 722 0.01 0.0 22.0 23.0 23.0 1 2 2.0 1.0 17/11/2022 16 10 29 45.4830172 9.2343335
6 55 0 0 0 3 731 0.01 0.0 22.0 23.0 23.0 1 0 1.0 1.0 17/11/2022 16 10 53 45.4825749 9.2343729
6 56 17.0 59.0 98897 1 661 0.01 0.0 0.0 0.0 0.0 0 1 1.0 0.0 17/11/2022 16 11 25 45.4821997 9.2342867
6 56 17.0 59.0 98898 0 706 0.01 0.0 15.0 17.0 17.0 1 2 2.0 1.0 17/11/2022 16 11 51 45.4818433 9.2343239
6 57 17.0 59.0 98899 1 780 0.01 0.0 26.0 28.0 28.0 1 1 1.0 2.0 17/11/2022 16 12 19 45.481517 9.2343904
6 58 17.0 59.0 98900 3 680 0.01 0.0 15.0 16.0 16.0 1 1 2.0 1.0 17/11/2022 16 12 47 45.4812881 9.234462
6 59 16.0 60.0 98901 5 660 0.01 0.0 23.0 26.0 27.0 1 2 2.0 2.0 17/11/2022 16 13 5 45.4810957 9.2345107
6 60 17.0 59.0 98902 11 711 0.01 0.0 23.0 26.0 27.0 2 2 2.0 2.0 17/11/2022 16 13 29 45.4808956 9.2342487
6 61 17.0 59.0 98903 14 694 0.01 0.0 8.0 8.0 8.0 1 2 1.0 2.0 17/11/2022 16 13 53 45.4805473 9.2342478
6 62 17.0 59.0 98904 15 638 0.01 0.0 14.0 15.0 15.0 1 1 1.0 1.0 17/11/2022 16 14 17 45.4801446 9.2342471
6 63 17.0 59.0 98905 17 745 0.01 0.0 14.0 15.0 15.0 1 2 1.0 2.0 17/11/2022 16 14 45 45.4798157 9.2343206
6 1 17.0 60.0 98906 14 599 0.01 0.0 13.0 14.0 14.0 1 2 2.0 1.0 17/11/2022 16 15 7 45.4795555 9.2342708
6 2 17.0 60.0 98907 11 728 0.01 0.0 13.0 14.0 14.0 1 1 2.0 1.0 17/11/2022 16 15 33 45.4793389 9.2342627
6 3 16.0 60.0 98908 5 677 0.01 0.0 13.0 14.0 14.0 1 3 3.0 3.0 17/11/2022 16 15 49 45.4787022 9.2342921
6 4 16.0 61.0 98908 3 694 0.01 0.0 13.0 15.0 16.0 1 1 1.0 1.0 17/11/2022 16 16 37 45.4785906 9.2342664
6 5 16.0 61.0 98909 2 680 0.01 0.0 16.0 17.0 17.0 1 2 2.0 2.0 17/11/2022 16 16 49 45.478554 9.2338135
6 6 16.0 61.0 98910 4 673 0.01 0.0 15.0 16.0 16.0 1 2 1.0 2.0 17/11/2022 16 17 15 45.478519 9.2333387
6 7 16.0 61.0 98910 4 665 0.01 0.0 13.0 16.0 19.0 1 1 1.0 1.0 17/11/2022 16 17 41 45.4785774 9.2328035
6 8 16.0 61.0 98911 1 673 0.01 0.0 12.0 13.0 14.0 1 2 1.0 2.0 17/11/2022 16 18 11 45.4785658 9.2323653
6 9 16.0 61.0 98911 1 631 0.01 0.0 12.0 14.0 14.0 1 2 1.0 2.0 17/11/2022 16 18 35 45.4785379 9.2320321
6 10 16.0 61.0 98912 5 718 0.01 0.0 16.0 18.0 19.0 1 2 2.0 1.0 17/11/2022 16 18 55 45.4784454 9.23167
6 11 16.0 61.0 98912 8 663 0.01 0.0 16.0 16.0 16.0 1 2 2.0 2.0 17/11/2022 16 19 19 45.4782997 9.2316323
6 12 16.0 61.0 98913 5 659 0.01 0.0 16.0 17.0 17.0 1 1 1.0 1.0 17/11/2022 16 19 43 45.4782498 9.2316283
6 13 17.0 60.0 98913 24 654 0.01 0.0 5.0 6.0 6.0 1 1 2.0 1.0 17/11/2022 16 20 9 45.47825 9.2316283
6 14 17.0 60.0 98915 36 670 0.01 0.0 6.0 6.0 6.0 1 2 2.0 2.0 17/11/2022 16 20 25 45.47825 9.2316283
6 15 17.0 59.0 98916 55 668 0.01 0.0 6.0 6.0 6.0 1 3 3.0 3.0 17/11/2022 16 20 49 45.47825 9.2316283
6 16 18.0 59.0 98917 90 663 0.01 0.0 8.0 9.0 9.0 1 2 2.0 1.0 17/11/2022 16 21 25 45.47825 9.2316283
6 17 18.0 58.0 98919 120 665 0.01 0.0 16.0 17.0 18.0 1 1 1.0 1.0 17/11/2022 16 22 5 45.47825 9.2316283
6 18 18.0 58.0 98920 137 676 0.01 0.0 17.0 18.0 18.0 1 2 2.0 2.0 17/11/2022 16 22 17 45.47825 9.2316283
6 19 19.0 57.0 98921 150 675 0.01 0.0 35.0 37.0 37.0 1 2 2.0 2.0 17/11/2022 16 22 41 45.47825 9.2316283
6 20 19.0 56.0 98922 157 703 0.01 0.0 21.0 22.0 22.0 1 2 2.0 2.0 17/11/2022 16 23 5 45.47825 9.2316283
6 21 19.0 56.0 98923 167 709 0.01 0.0 21.0 22.0 22.0 1 1 1.0 1.0 17/11/2022 16 23 29 45.47825 9.2316283
6 22 19.0 55.0 98924 180 748 0.01 0.0 22.0 29.0 36.0 1 2 1.0 2.0 17/11/2022 16 23 57 45.47825 9.2316283
6 23 19.0 55.0 98925 192 721 0.01 0.0 14.0 15.0 15.0 1 2 2.0 2.0 17/11/2022 16 24 17 45.47825 9.2316283
6 24 20.0 55.0 98925 206 690 0.01 0.0 14.0 15.0 15.0 1 2 2.0 2.0 17/11/2022 16 24 41 45.47825 9.2316283
6 25 20.0 55.0 98926 198 692 0.01 0.0 15.0 16.0 16.0 1 2 2.0 1.0 17/11/2022 16 25 5 45.47829 9.2316083
6 26 20.0 55.0 98927 205 754 0.01 0.0 15.0 16.0 16.0 1 1 1.0 1.0 17/11/2022 16 25 33 45.4784371 9.2316484
6 27 20.0 55.0 98927 190 734 0.01 0.0 15.0 16.0 16.0 1 2 2.0 2.0 17/11/2022 16 26 3 45.4784615 9.2313906
6 28 19.0 55.0 98927 149 682 0.01 0.0 15.0 15.0 15.0 1 2 2.0 2.0 17/11/2022 16 26 29 45.4784303 9.2310642
6 29 19.0 55.0 98926 215 673 0.01 0.0 14.0 15.0 16.0 1 2 2.0 2.0 17/11/2022 16 26 53 45.4784155 9.2307118
6 30 19.0 55.0 98926 186 678 0.01 0.0 21.0 22.0 23.0 1 1 2.0 1.0 17/11/2022 16 27 17 45.4784515 9.2303047
6 31 18.0 55.0 98925 134 686 0.01 0.0 19.0 20.0 20.0 1 1 1.0 1.0 17/11/2022 16 27 49 45.4783482 9.2301932
6 32 18.0 56.0 98925 105 660 0.01 0.0 18.0 19.0 19.0 1 2 2.0 2.0 17/11/2022 16 28 5 45.4781211 9.2302092
6 33 18.0 56.0 98924 84 649 0.01 0.0 18.0 19.0 19.0 1 2 2.0 2.0 17/11/2022 16 28 29 45.477859 9.230288
6 34 17.0 57.0 98924 67 701 0.01 0.0 20.0 22.0 23.0 1 2 2.0 2.0 17/11/2022 16 28 53 45.4775022 9.2302124
6 35 17.0 58.0 98924 63 742 0.01 0.0 23.0 24.0 24.0 1 2 2.0 2.0 17/11/2022 16 29 17 45.4771241 9.2302773
6 36 17.0 58.0 98924 74 619 0.01 0.0 23.0 24.0 24.0 1 1 1.0 1.0 17/11/2022 16 29 49 45.4770706 9.2301027
6 37 17.0 59.0 98924 49 697 0.01 0.0 19.0 21.0 21.0 1 2 2.0 2.0 17/11/2022 16 30 1 45.4767966 9.2298358
6 38 17.0 59.0 98924 53 673 0.01 0.0 19.0 20.0 20.0 1 2 2.0 2.0 17/11/2022 16 30 25 45.4768311 9.2294087
6 39 16.0 60.0 98924 59 674 0.01 0.0 19.0 20.0 20.0 1 3 2.0 3.0 17/11/2022 16 30 51 45.4768256 9.228514
6 40 16.0 60.0 98924 40 670 0.01 0.0 11.0 11.0 11.0 1 1 1.0 1.0 17/11/2022 16 31 39 45.4768112 9.2281853
6 41 17.0 60.0 98923 36 655 0.01 0.0 20.0 22.0 22.0 1 2 2.0 2.0 17/11/2022 16 31 55 45.47682 9.2277963
6 42 17.0 60.0 98923 39 692 0.01 0.0 21.0 22.0 22.0 1 2 2.0 2.0 17/11/2022 16 32 19 45.4768316 9.2274447
6 43 17.0 60.0 98923 36 689 0.01 0.0 13.0 14.0 15.0 1 2 2.0 2.0 17/11/2022 16 32 43 45.4768059 9.2269842
6 44 17.0 60.0 98922 32 685 0.01 0.0 18.0 20.0 20.0 1 1 2.0 1.0 17/11/2022 16 33 7 45.4765529 9.2267418
6 45 17.0 60.0 98922 25 677 0.01 0.0 18.0 20.0 20.0 1 1 1.0 1.0 17/11/2022 16 33 33 45.4763201 9.2267151
6 46 16.0 60.0 98921 21 652 0.01 0.0 14.0 15.0 15.0 1 2 2.0 2.0 17/11/2022 16 33 51 45.4760066 9.2266909
6 47 16.0 61.0 98921 25 697 0.01 0.0 10.0 11.0 12.0 1 2 2.0 2.0 17/11/2022 16 34 15 45.4756616 9.2267292
6 48 16.0 61.0 98920 25 685 0.01 0.0 10.0 11.0 12.0 1 2 1.0 2.0 17/11/2022 16 34 41 45.4752928 9.2267373
6 49 16.0 62.0 98920 22 677 0.01 0.0 24.0 26.0 26.0 1 1 1.0 1.0 17/11/2022 16 35 15 45.4751611 9.2267393
6 50 16.0 62.0 98920 29 652 0.01 0.0 24.0 25.0 25.0 1 2 2.0 2.0 17/11/2022 16 35 27 45.4747407 9.2266807
6 51 16.0 62.0 98919 22 681 0.01 0.0 24.0 25.0 25.0 2 3 2.0 3.0 17/11/2022 16 35 55 45.4743118 9.2266998
6 52 15.0 63.0 98919 10 667 0.01 0.0 27.0 28.0 28.0 1 2 2.0 2.0 17/11/2022 16 36 29 45.4739896 9.2267165
6 53 15.0 64.0 98920 8 610 0.01 0.0 24.0 25.0 25.0 1 1 1.0 1.0 17/11/2022 16 36 53 45.4736556 9.22688
6 54 15.0 64.0 98920 1 625 0.01 0.0 35.0 38.0 39.0 1 1 1.0 1.0 17/11/2022 16 37 25 45.473516 9.227049
6 55 15.0 65.0 98920 1 637 0.01 0.0 16.0 17.0 17.0 1 2 2.0 2.0 17/11/2022 16 37 41 45.473382 9.227224
6 56 15.0 64.0 98921 6 667 0.01 0.0 17.0 19.0 19.0 1 2 2.0 2.0 17/11/2022 16 38 5 45.4730441 9.2274061
6 57 16.0 64.0 98921 14 670 0.01 0.0 17.0 19.0 19.0 1 2 2.0 2.0 17/11/2022 16 38 29 45.4726129 9.2274415
6 58 15.0 64.0 98922 14 634 0.01 0.0 14.0 15.0 15.0 1 1 1.0 1.0 17/11/2022 16 39 5 45.4724977 9.2273768
6 59 15.0 64.0 98923 11 627 0.01 0.0 20.0 21.0 21.0 1 2 2.0 2.0 17/11/2022 16 39 17 45.4722198 9.2273689
6 60 15.0 65.0 98923 4 649 0.01 0.0 20.0 21.0 21.0 1 2 2.0 2.0 17/11/2022 16 39 41 45.472233 9.227049
6 61 15.0 65.0 98924 7 683 0.01 0.0 12.0 14.0 15.0 1 2 2.0 2.0 17/11/2022 16 40 7 45.4721667 9.227
6 63 0 0 0 7 632 0.01 0.0 0.0 0.0 0.0 0 0 1.0 0.0 17/11/2022 16 40 45 45.4721667 9.227
6 63 16.0 64.0 98926 17 646 0.01 0.0 13.0 14.0 15.0 1 3 3.0 3.0 17/11/2022 16 40 49 45.4721733 9.2272767
6 1 16.0 63.0 98927 34 646 0.01 0.0 24.0 27.0 30.0 1 2 2.0 2.0 17/11/2022 16 41 25 45.4721101 9.2272701
6 2 17.0 62.0 98928 42 676 0.01 0.0 27.0 29.0 29.0 1 2 2.0 2.0 17/11/2022 16 41 49 45.47211 9.22727
6 3 17.0 60.0 98929 52 643 0.01 0.0 26.0 27.0 27.0 1 1 1.0 1.0 17/11/2022 16 42 13 45.4720419 9.2272887
6 4 18.0 59.0 98930 63 653 0.01 0.0 26.0 28.0 28.0 1 2 2.0 2.0 17/11/2022 16 42 37 45.4721 9.2272431
6 5 18.0 59.0 98931 68 627 0.01 0.0 24.0 26.0 26.0 1 2 2.0 2.0 17/11/2022 16 43 1 45.4721683 9.2272167
6 6 18.0 59.0 98932 63 692 0.01 0.0 25.0 26.0 26.0 1 2 2.0 2.0 17/11/2022 16 43 25 45.472156 9.2271367
6 7 18.0 58.0 98932 63 686 0.01 0.0 36.0 38.0 38.0 1 2 2.0 2.0 17/11/2022 16 43 49 45.4722433 9.2270646
6 8 18.0 58.0 98933 67 680 0.01 0.0 25.0 26.0 26.0 1 1 1.0 1.0 17/11/2022 16 44 29 45.4723022 9.2270259
6 9 18.0 58.0 98934 61 718 0.01 0.0 24.0 26.0 26.0 1 2 2.0 2.0 17/11/2022 16 44 42 45.4722618 9.226975
6 10 18.0 58.0 98934 57 629 0.01 0.0 30.0 32.0 32.0 1 2 2.0 2.0 17/11/2022 16 45 5 45.472214 9.2270578
6 11 18.0 58.0 98934 58 690 0.01 0.0 30.0 32.0 32.0 1 2 2.0 2.0 17/11/2022 16 45 29 45.4720687 9.2269422
6 12 18.0 58.0 98935 62 768 0.01 0.0 30.0 32.0 32.0 1 3 1.0 3.0 17/11/2022 16 45 53 45.472111 9.2269544
6 14 0 0 0 68 677 0.01 0.0 0.0 0.0 0.0 0 0 1.0 0.0 17/11/2022 16 46 51 45.472111 9.2269544
6 14 18.0 59.0 98933 112 806 0.01 0.0 16.0 17.0 18.0 1 2 1.0 2.0 17/11/2022 16 46 55 45.4720687 9.2269159
6 15 18.0 59.0 98929 144 838 0.01 0.0 13.0 14.0 14.0 1 2 2.0 2.0 17/11/2022 16 47 15 45.4722263 9.2271665
6 16 19.0 59.0 98922 221 927 0.01 0.0 11.0 14.0 18.0 1 2 1.0 2.0 17/11/2022 16 47 39 45.4720386 9.2272529
6 17 19.0 59.0 98915 309 1138 0.01 0.0 5.0 5.0 5.0 1 2 2.0 2.0 17/11/2022 16 48 3 45.4720266 9.2272967
6 18 19.0 59.0 98909 588 1509 0.01 0.0 5.0 5.0 5.0 1 1 1.0 1.0 17/11/2022 16 48 27 45.4720069 9.2273367
6 19 20.0 60.0 98904 872 1888 0.01 0.0 6.0 7.0 7.0 1 1 2.0 1.0 17/11/2022 16 48 57 45.4719844 9.2273442
6 20 20.0 60.0 98899 1017 1896 0.01 0.0 5.0 5.0 5.0 1 2 2.0 2.0 17/11/2022 16 49 13 45.47203 9.2272141
6 21 20.0 60.0 98895 1094 1841 0.01 0.0 5.0 5.0 5.0 1 2 2.0 2.0 17/11/2022 16 49 37 45.4720673 9.2272116
6 22 21.0 60.0 98891 1133 1774 0.01 0.0 6.0 6.0 6.0 1 2 2.0 2.0 17/11/2022 16 50 3 45.4720894 9.2272901
6 23 21.0 60.0 98887 1166 1729 0.01 0.0 6.0 6.0 6.0 1 1 1.0 1.0 17/11/2022 16 50 27 45.4721067 9.2271554
6 24 21.0 60.0 98884 1196 1710 0.01 0.0 6.0 6.0 6.0 1 3 2.0 3.0 17/11/2022 16 50 55 45.472057 9.2273559
6 25 21.0 60.0 98880 1228 1669 0.01 0.0 5.0 5.0 5.0 1 2 2.0 2.0 17/11/2022 16 51 29 45.4720633 9.2273369
6 26 22.0 60.0 98877 1226 1664 0.01 0.0 5.0 5.0 5.0 1 1 2.0 1.0 17/11/2022 16 51 53 45.4720565 9.2272058
6 27 22.0 60.0 98875 1249 1582 0.01 0.0 7.0 7.0 7.0 1 2 1.0 2.0 17/11/2022 16 52 19 45.4721371 9.2272028
6 28 22.0 59.0 98872 1285 1827 0.01 0.0 2.0 2.0 2.0 1 2 2.0 2.0 17/11/2022 16 52 39 45.4721077 9.2271888
6 29 23.0 59.0 98869 1318 1762 0.01 0.0 3.0 3.0 3.0 1 2 2.0 2.0 17/11/2022 16 53 3 45.4720082 9.2272644
6 30 23.0 59.0 98867 1358 1713 0.01 0.0 3.0 3.0 3.0 1 2 2.0 2.0 17/11/2022 16 53 27 45.4720544 9.2271533
6 32 23.0 58.0 98864 1340 1660 0.01 0.0 0.0 0.0 0.0 0 1 1.0 0.0 17/11/2022 16 53 51 45.472113 9.2270987
6 32 23.0 58.0 98861 1325 1630 0.01 0.0 3.0 3.0 3.0 1 2 2.0 2.0 17/11/2022 16 54 17 45.4721056 9.2270713
6 6 23.0 57.0 98859 1350 1624 0.01 0.0 0.0 0.0 0.0 0 1 1.0 0.0 17/11/2022 16 54 41 45.4721083 9.2270752
