Temperature	Relative Humidity	PM2.5	TVOC	CO2	CO	Air Pressure	Ozone	NO2	Virus Index	Temperature	Humidity	Pressure	VOC	CO2	CO	NO2	PM1.0	PM2.5	PM10
19.8	72.6	14	3	539	0	1007.2	7.8	17	3	26	53.54	98463.39	39.66	668.35	0	0.01	27.03	26.8	27.03
19.7	72.7	16	1	538	0	1007.2	7.9	17.4	4	25.17	56.45	98984.73	9.6	625.82	0	0.01	32.67	32.67	32.67
19.5	73.4	7	0	533	0	1007.2	7.9	18.4	3	24.58	57.65	98998.1	14.35	677.23	0	0.01	35.38	35.02	35.38
19.6	73.2	13	0	524	0	1007.2	7.9	17.9	3	23.78	58.82	99009.17	6.45	629.1	0	0.01	31.65	31.65	31.65
19.7	72.8	11	0	525	0	1007.4	7.8	17.1	3	23.6	59.98	99019.23	2.94	627.92	0	0.01	30.14	29.17	30.14
19.8	72.6	18	1	525	0	1007.3	7.8	16.6	4	23.29	59.21	97740.18	19.56	611.26	0	0.01	29.02	28.38	29.02
20.1	72.2	21	1	522	0	1007.4	7.8	15.8	4	23.56	60.85	98847.67	19.6	629.92	0	0.01	26.87	26.55	26.87
19.9	72	19	0	519	0	1007.4	7.8	17.1	4	23.6	60.97	99038.77	7.5	618.32	0	0.01	30.07	29.85	30.07
19.8	72.4	21	0	520	0	1007.4	7.9	18	4	23.88	60.97	99045.23	124.53	680.72	0	0.01	32.15	30.78	32.15
19.8	73	14	1	519	0	1007.3	7.9	18.6	3	24.05	58.9	95694.3	235.08	659.62	0	0.01	30.72	30.61	30.72
19.6	73.2	15	5	521	0	1007.3	7.8	16.5	4	25.54	60.36	98936.07	372.52	654.15	0	0.01	32.81	30	32.81
19.5	73.8	15	7	525	0	1007.3	7.8	17	4	26.37	57.7	99063.23	353.15	623.24	0	0.01	40.5	39.61	40.5
19.5	73.7	14	13	529	0	1007.3	7.8	16.7	3	26.55	56.05	99066.68	276.83	625.7	0	0.01	31.47	30.97	31.47
19.5	73.8	14	8	532	0	1007.3	7.8	17.1	3	25.58	55.58	98229.82	116.37	609.07	0	0.01	28.2	26.7	28.2
19.5	74	10	8	541	0	1007.3	7.9	17.5	3	25.32	57.28	99072.72	55.95	584.15	0	0.01	36.72	36.05	36.72
19.5	73.6	18	1	539	0	1007.3	8	19.2	4	24.58	58.18	99074.55	31.18	667.95	0	0.01	33.45	33.45	33.45
19.4	73.9	15	2	543	0	1007.2	8	19.4	4	24.58	59	99075.6	22.38	591.2	0	0.01	36.83	36.43	36.83
19.5	73.3	24	3	540	0	1007.3	8	19.4	4	23.98	59.6	99076.73	10.54	637.77	0	0.01	41.47	41.47	41.47
19.4	73.7	17	0	540	0	1007.3	8	19.4	4	23.6	60.73	99076.73	31.73	823.58	0	0.01	39.65	39.23	39.65
19.1	74.5	28	0	529	0	1007.4	8	19.4	6	24	59.13	97397.4	228.78	984.08	0	0.01	41.15	40.63	41.15
19.1	75	21	5	527	0	1007.4	7.9	18.5	4	24.55	59.89	98923.09	293.94	812.44	0	0.01	41.24	39.27	41.24
19.2	74.3	15	8	523	0	1007.4	8	19.4	4	23.11	52.44	89560	187.48	694.45	0	0.01	35.52	35.52	35.52
19.4	73.7	26	7	527	0	1007.5	8	19.4	6	25.57	57.53	99075.75	234.68	635.13	0	0.01	35.75	34.45	35.75
19.4	73.9	13	5	528	0	1007.4	7.8	16.5	3	25.46	56.79	98655.65	309.88	622.13	0	0.01	35.18	34.32	35.18
19.4	73.6	19	2	530	0	1007.4	7.7	14.6	4	25.57	57.85	99075.58	158.8	619.37	0	0.01	37.93	35.97	37.93
19.6	73.7	29	4	532	0	1007.5	7.6	13.6	6	24.89	58.59	98957.09	50.04	649.39	0	0.01	33.43	31.47	33.43
19.8	72.5	18	7	529	0	1007.5	7.6	13.5	4	23.54	60.04	98820.56	5.85	674.87	0	0.01	28.04	27.27	28.04
19.8	72.6	22	6	531	0	1007.5	7.7	13.9	4	23.6	60.97	99079.68	0	598.53	0	0.01	34.17	33.77	34.17
19.9	71.7	11	6	526	0	1007.5	7.7	14.6	3	23.4	61.42	99080.22	24.37	650.73	0	0.01	32.42	31.77	32.42
20	71.6	18	11	527	0	1007.2	7.5	11.1	4	22.77	62.38	99080.08	7.24	612	0	0.01	34.85	34.3	34.85
20.3	69.7	18	133	558	0	1006.3	7.2	7.2	3	22.62	62.95	99079.07	1.58	614.93	0	0.01	35.5	35.45	35.5
20.4	71	18	92	595	0	1006.4	7.1	5	4	22.62	63.92	99078.7	25.4	778.47	0	0.01	43.1	41.35	43.1
20.7	70.3	13	74	616	0	1006.4	7.1	4.5	3	23.42	62.75	98657.98	121.98	724.07	0	0.01	37.55	37.48	37.55
21	69.3	16	79	643	0	1006.4	8	19.4	3	23.6	61.97	99076.75	64.32	627.1	0	0.01	34.08	34.08	34.08
21	67	12	71	664	0	1006.4	7.7	14.4	2	24.15	61.4	99076.73	277.29	613.03	0	0.01	38.07	37.78	38.07
21.1	66.6	15	83	657	0	1006.4	7.7	14.3	3	24.78	60.77	99076.73	281.2	620.82	0	0.01	37.37	36.38	37.37
21.3	65.7	11	0	637	0	1006.3	8	19.4	2	25.57	59.53	99076.73	377.21	621.58	0	0.01	37.37	36.38	37.37
21.3	65.6	8	3	656	0	1006.4	8	19.4	2	24.93	59	99077.13	99.13	683.64	0	0.01	37.91	37.8	37.91
21.4	65.3	13	11	671	0	1006.4	8	19.3	2	23.83	59.75	99076.35	51.68	634.65	0	0.01	36.38	36.38	36.38
21.4	64.9	15	23	671	0	1006.4	8	19.4	3	23.6	60.58	99075.15	3.89	612	0	0.01	35.48	33.68	35.48
21.4	65.1	7	27	673	0	1006.5	8	19.1	2	22.92	61.65	99073.22	4.07	619.32	0	0.01	34.8	33.23	34.8
21.4	65.3	13	21	683	0	1006.5	8	19.4	2	22.62	62.72	99071.05	8.06	684.92	0	0.01	38.93	38.35	38.93
21.5	64.9	17	26	691	0	1006.4	8	19.4	3	22.62	62.93	99069.4	10.48	648.92	0	0.01	37.28	37.25	37.28
21.5	65.2	13	26	695	0	1006.5	8	19.1	2	22.59	63.29	98947.21	5.86	685.85	0	0.01	40.98	40.12	40.98
21.6	65	9	25	710	0	1006.5	7.9	18	2	22.77	62.78	99065.5	111.6	623.7	0	0.01	39.63	39.63	39.63
21.6	65	5	30	719	0	1006.5	8	18.7	2	23.6	61.95	99064.3	175.27	671.6	0	0.01	40.6	40.6	40.6
21.6	64.7	12	29	730	0	1006.5	7.9	17.9	2	23.49	62.21	98598.98	83.57	648.14	0	0.01	38.85	38.85	38.85
21.5	65	12	36	738	0	1006.5	7.9	18	2	23.49	60.68	98597.57	71.6	570.4	0	0.01	36.22	35.85	36.22
21.6	65	11	32	746	0	1006.5	7.9	18	2	23.32	59.61	97143.11	65.96	646.04	0	0.01	35.9	35.73	35.9
21.6	64.6	3	33	744	0	1006.5	7.9	18.6	2	24.58	59.98	99061.98	112.92	626	0	0.01	38.77	37.43	38.77
21.7	64.3	8	32	750	0	1006.5	7.9	18.5	2	24.58	59.47	99061.98	160.88	665.7	0	0.01	33.43	31.47	33.43
21.6	64.1	4	35	757	0	1006.5	7.9	17.7	2	24.02	59.57	99061.98	76.98	619	0	0.01	37.37	36.53	37.37
21.6	64.1	3	3212	762	0	1006.5	7.7	15.2	2	23.6	60.63	99062.4	25.27	631.13	0	0.01	37.78	37.78	37.78
21.6	64.5	2	1668	766	0	1006.5	7.8	16.4	2	22.63	61.53	99062.97	3.62	549.4	0	0.01	33.32	32.85	33.32
21.6	64.2	14	2524	777	0	1006.5	7.7	14.2	2	22.49	62.27	98503.29	5.68	659.15	0	0.01	33.2	32.73	33.2
21.7	64.1	4	1478	780	0	1006.5	7.7	14.1	2	22.51	63.36	98600.26	20.52	633.62	0	0.01	36.5	36.5	36.5
21.7	64	6	1748	785	0	1006.5	7.7	14.4	2	22.62	63.83	99065.5	19.08	637.8	0	0.01	36.7	36.7	36.7
21.7	64.1	4	1401	790	0	1006.5	7.7	15.2	2	22.95	62.6	99067.9	74.72	604.53	0	0.01	36.83	36.17	36.83
21.8	63.9	13	1745	798	0	1006.5	7.7	15.1	2	23.6	61.07	99070.2	183.45	605.93	0	0.01	40.52	40.42	40.52
21.8	63.7	6	1123	808	0	1006.5	7.7	15.4	3	23.27	61.3	99072.5	68.35	581.17	0	0.01	33.65	33.65	33.65
21.8	63.7	7	1904	815	0	1006.5	7.7	14.4	3	22.62	62.8	99074.22	48.68	649.67	0	0.01	35.1	34.33	35.1
21.8	63.8	10	1184	816	0	1006.5	7.7	15.4	3	23.05	62.9	99076.22	97.28	653.75	0	0.01	34.89	33.97	34.89
21.8	64.2	2	1164	826	0	1006.4	7.7	13.8	3	23.35	61.95	99078.33	39.47	623.03	0	0.01	31.92	31.92	31.92
21.8	63.8	1	1180	829	0	1006.4	7.7	15.1	3	23.45	61.95	99079.8	29.37	588.93	0	0.01	37.15	37.15	37.15
21.8	64	3	940	831	0	1006.4	7.8	16.2	3	23.6	61.95	99082.47	86	761.73	0	0.01	34.97	34.97	34.97
21.8	63.8	5	1114	841	0	1006.3	7.8	16.5	3	23.6	61.95	99085.77	148.6	829.3	0	0.01	50.17	48.57	50.17
21.8	64.2	8	1018	852	0	1006.4	7.9	17.4	3	23.6	61.95	99088.22	83.08	729.43	0	0.01	46.1	44.83	46.1
21.8	63.9	7	971	854	0	1006.4	7.7	15.1	3	24.13	61.42	99091.02	194.08	689.77	0	0.01	40.93	40.6	40.93
21.8	63.6	8	1114	861	0	1006.4	7.7	14.7	3	25.13	60.42	99093.75	328.17	700.82	0	0.01	40.48	40.48	40.48
21.9	64.1	1	905	872	0	1006.4	7.7	15.2	3	25.57	59.45	99096.85	481.23	598.65	0	0.01	40.02	38.95	40.02
21.9	63.3	7	846	884	0	1006.4	7.7	15	3	24.4	59.25	99098.3	160.27	593.27	0	0.01	33.6	33.07	33.6
21.9	64.4	2	753	894	0	1006.3	7.7	15.3	3	23.6	60.25	99097.53	71.6	632.17	0	0.01	31.2	31.2	31.2
21.9	63.5	11	610	900	0	1006.3	7.7	15.3	3	23.33	59.5	97977.64	34.6	637.96	0	0.01	39.78	39.27	39.78
21.9	63.3	9	623	907	0	1006.4	7.7	14.6	3	23.6	60.97	99097.55	17.77	632.56	0	0.01	30.62	30.33	30.62
21.9	63.2	7	658	913	0	1006.3	7.7	14.6	3	23.6	60.95	99097.72	13.73	640.48	0	0.01	31.78	31.78	31.78
21.9	63.4	5	763	920	0	1006.3	7.7	15	3	23.6	60.58	99097.78	16.97	604.92	0	0.01	30.82	29.62	30.82
22	64.1	13	704	925	0	1006.4	7.7	15.2	3	23.6	60.97	99097.45	25.63	628.05	0	0.01	28.48	26.52	28.48
22	63.2	10	546	931	0	1006.3	7.8	16.3	3	23.6	60.97	99097.75	22.1	611.85	0	0.01	34.37	34.05	34.37
22.1	62.6	4	441	927	0	1006.3	7.9	18	3	23.47	61.1	99097.38	2.79	596.12	0	0.01	31.57	31.2	31.57
22	63.2	8	403	921	0	1006.4	8	19.3	3	22.62	61.95	99097.38	12.62	655.05	0	0.01	33.42	33.42	33.42
22	63	8	279	890	0	1006.4	8	19.4	3	22.62	61.95	99097.38	3.03	617.65	0	0.01	34.64	34.3	34.64
22	63.3	11	243	860	0	1006.3	8	19.4	3	22.62	62.03	99097.47	9.77	653.78	0	0.01	33.18	33.18	33.18
21.9	63	8	173	821	0	1006.3	8	19.4	3	22.62	62.93	99098.37	5.47	610.32	0	0.01	35.65	35.05	35.65
21.9	62.9	4	165	778	0	1006.3	8	19.4	2	22.67	62.93	99099.27	17.75	627.08	0	0.01	35.67	34.87	35.67
21.9	63.1	12	143	733	0	1006.3	8	19.4	2	23.6	61.87	99101.4	165.88	735.82	0	0.01	35.87	35.47	35.87
21.9	63.1	6	124	706	0	1006.3	8	19.4	2	24.48	60.08	99103.35	234.33	681.13	0	0.01	33.78	33.78	33.78
21.9	62.9	13	126	680	0	1006.3	7.9	17.5	2	24.58	59.98	99105.65	663.36	639.36	0	0.01	32.45	32.45	32.45
21.9	62.9	15	140	672	0	1006.3	7.8	17.1	3	25.5	59.25	98849.08	508.78	648.63	0	0.01	35.19	34.5	35.19
21.9	62.7	11	106	675	0	1006.3	8	19.4	2	25.57	57.62	99109.43	291.95	687.3	0	0.01	41.28	38.39	41.28
21.9	63.4	16	82	667	0	1006.2	8	19.4	3	25.57	57.03	99111.15	259.35	756.45	0	0.01	36.02	34.72	36.02
21.9	62.4	13	58	659	0	1006.2	7.9	18.3	2	24.77	57.3	99110.08	194.02	704.15	0	0.01	32.65	32.65	32.65
22.5	55.2	7	0	758	0	1009.5	8	19.4	1	27.21	50.75	98942.25	165.18	773.65	0	0.01	6.62	6.62	6.62
21.9	55.3	7	0	709	0	1009.5	8	19.4	1	26.22	49.52	99216.28	1.68	596.85	0	0.01	6.9	6.57	6.9
21.6	56.5	5	0	650	0	1009.6	8	19.4	1	25.57	50.15	99228.22	0.98	620.55	0	0.01	9.77	9.27	9.77
21.4	57.1	7	2	593	0	1009.6	8	19.4	1	24.6	50.48	99241.28	4.18	587.92	0	0.01	9.8	8.6	9.8
20.8	59.1	15	5	537	0	1009.6	8	19.4	2	23.67	51.48	99251.62	6.12	649.77	0	0.01	7.07	6.65	7.07
20.5	59.7	3	0	516	0	1009.6	8	19.4	1	23.6	52.15	99261.28	3.72	630.33	0	0.01	11.8	11.45	11.8
20.4	60	4	2	515	0	1009.6	8	19.4	2	22.98	53.1	99267.38	6.77	643.53	0	0.01	11.8	11.8	11.8
20.4	61.5	6	2	522	0	1009.6	8	18.7	2	22.62	53.9	99274.38	8.33	616.53	0	0.01	13.53	13.1	13.53
20.3	60.9	5	0	521	0	1009.6	8	19.4	2	23.23	54.08	99281.22	21.08	586.88	0	0.01	10.89	10.89	10.89
20.3	62.1	9	3	521	0	1009.6	8	18.6	2	23.2	53.72	99286.45	30.75	613.45	0	0.01	6.58	6.58	6.58
20.9	59	3	7	519	0	1009.6	7.9	18.9	1	23.75	53.1	99290.77	127.3	610.92	0	0.01	5.07	5.07	5.07
21.4	57.3	10	1	515	0	1009.6	7.9	18.9	1	24.58	52.33	99293.97	203.23	631.68	0	0.01	4.07	4.07	4.07
21.2	58	9	1	510	0	1009.6	7.9	18.6	1	24.55	52.05	99175.95	790.2	613.5	0	0.01	6.04	6.04	6.04
20.6	59.9	23	441	514	0	1009.5	7.8	16.9	2	25.48	51.22	99299.48	537.2	626.47	0	0.01	8.67	8.17	8.67
20.3	61.2	13	98	515	0	1009.5	8	19.1	2	25.57	51.13	99301.77	326.12	617.13	0	0.01	10.65	10.22	10.65
19.9	63.1	7	40	522	0	1009.5	8	19.4	2	25.57	50.33	99304.2	280.78	642.57	0	0.01	10.88	9.88	10.88
19.8	64.2	19	50	533	0	1009.6	7.9	18.2	3	25.4	50	98884.96	135.27	634.02	0	0.01	13.44	11.6	13.44
19.8	63.9	21	32	548	0	1009.6	8	19.3	3	24.58	51.13	99306.83	100.5	599.78	0	0.01	8.22	8.22	8.22
19.9	63.6	9	33	552	0	1009.5	8	19.2	2	24.4	50.76	98586.02	59.4	611.8	0	0.01	8.82	8.82	8.82
19.8	63.6	8	10	553	0	1009.5	8	19.4	2	24.58	51.13	99307.82	42.5	612.97	0	0.01	7.72	7.72	7.72
19.8	63.6	14	1	554	0	1009.4	8	19.4	2	24.2	51.52	99307.82	7.97	612.3	0	0.01	9.62	8.85	9.62
19.6	64.1	7	0	546	0	1009.5	8	19.4	2	23.6	52.65	99307.82	1.5	624.9	0	0.01	9.88	8.85	9.88
19.7	63.8	16	0	534	0	1009.5	8	18.9	3	22.95	53.19	98585.45	68.6	614.58	0	0.01	8.6	7.62	8.6
19.6	64.8	8	3	532	0	1009.4	7.8	16.9	2	23.52	52.32	98968.62	168.33	618.25	0	0.01	6.65	5.83	6.65
19.8	65.4	9	6	532	0	1009.4	7.8	15.6	2	24.54	51.85	99116.7	216.95	631.93	0	0.01	7.38	6.98	7.38
20.2	63	6	3	525	0	1009.4	7.9	17.5	2	24.58	51.13	99302.9	149.55	614.37	0	0.01	7.95	7.95	7.95
20.4	62.5	10	2	529	0	1009.4	7.8	17.4	2	24.58	51.13	99302.62	76.67	608.35	0	0.01	5.9	5.9	5.9
20.3	62.5	5	0	529	0	1009.4	7.9	18.2	2	24.58	51.53	99301.85	75.37	588.45	0	0.01	13.7	11.7	13.7
19.9	63	10	5	522	0	1009.5	8	19.4	2	24.4	51.32	99301.12	47.17	548.58	0	0.01	9.38	9.38	9.38
19.8	63	23	13	520	0	1009.5	8	19.4	3	23.6	52.52	99301.92	19.23	582.58	0	0.01	11.22	11.22	11.22
19.9	62.7	15	9	522	0	1009.5	8	19.4	3	23.4	52.65	98461.35	4.26	632.5	0	0.01	7.8	7.8	7.8
19.9	63.2	9	13	530	0	1009.4	8	18.8	2	23.6	53.1	99302.9	5.48	635.92	0	0.01	3.93	3.93	3.93
19.9	63.5	9	14	531	0	1009.5	8	18.5	2	23.6	53.1	99302.45	16.85	669.65	0	0.01	11.73	10.83	11.73
19.9	63.4	12	14	545	0	1009.4	7.9	18	2	23.6	53.1	99301.78	21.74	637.36	0	0.01	16.1	15	16.1
19.9	62.8	7	23	546	0	1009.3	8	19.1	2	23.6	53.1	99300.93	17.52	637.28	0	0.01	11.8	11.8	11.8
20	62.4	6	23	550	0	1009.3	8	19.4	2	23.56	53	99113.07	17.97	628.24	0	0.01	10.83	10.83	10.83
20.1	61.9	15	10	541	0	1009.4	8	19.4	3	23.5	52.44	98877.23	95.1	623.68	0	0.01	7.67	7.32	7.67
20.3	61.4	7	12	541	0	1009.4	7.9	18.5	2	24.18	51.61	98685.25	170.17	594.88	0	0.01	10.5	10.05	10.5
20.1	61.5	4	0	530	0	1009.4	7.9	18.5	2	24.9	51.13	99297	315.62	613.88	0	0.01	10.85	9.52	10.85
20.1	62.7	12	11	529	0	1009.4	7.8	16.5	2	25.55	50.76	99238.97	481.98	614.22	0	0.01	9.18	9.07	9.18
20.1	62.3	13	18	527	0	1009.4	7.8	16.8	2	22.75	44.62	88357.5	204.05	603.05	0	0.01	16.07	14.75	16.07
20.5	60.9	7	25	532	0	1009.4	7.9	17.9	2	24.87	50.15	99296.7	97.52	597.22	0	0.01	12.13	11.85	12.13
20.1	61.8	9	9	529	0	1009.3	8	19	2	24.13	51.03	99295.57	32.88	625.7	0	0.01	11	11	11
20.1	61.7	5	15	530	0	1009.3	8	19	2	23.6	51.7	99294.27	11.21	648.9	0	0.01	11.42	10.92	11.42
19.8	62.8	12	38	533	0	1009.2	8	18.9	2	23.22	52.5	99292.28	26.15	631.18	0	0.01	19.23	19.03	19.23
19.7	63.6	7	9	530	0	1009.3	8	19.4	2	22.62	53.57	99290.82	10.17	613.28	0	0.01	15.23	15.23	15.23
19.8	63	12	8	526	0	1009.2	8	19.3	2	22.62	54.08	99289.67	7.95	658.52	0	0.01	11.77	11.77	11.77
19.8	63.6	10	21	532	0	1009.2	8	18.7	2	22.62	54.08	99288.1	24.88	624.62	0	0.01	12.7	12.37	12.7
19.4	64.5	3	7	535	0	1009.2	8	18.9	2	22.62	54.93	99287.07	8.8	637.08	0	0.01	16.38	15.45	16.38
20.1	63.4	12	5	530	0	1009.2	8	19.4	2	22.98	54.3	99284.07	70	626.22	0	0.01	7.98	7.22	7.98
19.7	62.8	10	0	529	0	1009.2	8	19.4	2	23.6	53.8	99282.9	88.32	610.77	0	0.01	14.35	12.45	14.35
19.2	64.2	11	1	528	0	1009.3	8	19.4	2	23.6	53.1	99281.17	115.18	611.67	0	0.01	12.45	11.48	12.45
19.2	65	11	5	519	0	1009.2	7.8	16.9	2	23.85	52.58	99280.28	86.45	589.23	0	0.01	11.27	11.27	11.27
19.6	65.1	8	3	514	0	1009.1	7.7	14.1	2	24.58	52.12	99280.18	201.97	606.47	0	0.01	8.4	8.4	8.4
19.8	63.7	3	4	513	0	1009.3	7.7	14.1	2	24.52	51.69	99020.42	183.27	603.9	0	0.01	10.98	10.98	10.98
19.8	63.6	6	7	517	0	1009.3	7.7	14.5	2	24.58	51.53	99279.7	92.67	596.37	0	0.01	11.98	11.98	11.98
19.6	64.1	8	44	521	0	1009.2	7.8	15.8	2	23.63	52.43	99280.28	96.83	590	0	0.01	12.48	12.34	12.48
19.8	63.3	4	35	533	0	1009.3	7.8	15.9	2	23.6	53.1	99280.92	63.1	688.83	0	0.01	15.48	14.55	15.48
19.6	63.6	7	21	538	0	1009.3	7.8	16.4	2	23.07	52.74	98616	11.82	641.78	0	0.01	14.43	13.45	14.43
19.5	64.4	15	29	541	0	1009.4	7.8	16.6	3	22.6	54.04	99194.25	3.9	635.83	0	0.01	11.47	11.42	11.47
19.5	64.5	4	23	544	0	1009.5	7.9	17.5	2	22.62	54.83	99284.33	9.9	603.67	0	0.01	14.17	13.77	14.17
19.5	64.5	3	38	540	0	1009.5	7.9	17.1	2	21.72	55.97	99286.4	5.86	636.52	0	0.01	17.07	16.77	17.07
19.7	64.1	13	44	538	0	1009.5	7.8	16.6	2	22.52	55.5	99289.3	55.43	637.54	0	0.01	17.82	17.38	17.82
19.6	64.3	21	31	538	0	1009.5	7.8	17	3	22.62	55.07	99292.1	37.38	644.92	0	0.01	15.42	15.42	15.42
19.7	64.5	9	27	539	0	1009.6	7.9	17.1	2	22.62	55.88	99294.32	6.4	616.16	0	0.01	12.92	12.92	12.92
19.7	64.6	24	23	539	0	1009.6	7.8	15.6	3	22.39	55.5	98322.5	7.64	656.73	0	0.01	15.38	15.38	15.38
19.6	64.8	36	19	536	0	1009.6	7.8	15.2	5	21.77	56.9	99299.05	1.71	672.62	0	0.01	15.73	15.3	15.73
19.8	64.9	16	20	533	0	1009.5	7.8	16	3	22.03	57.03	99300.35	7.38	650.27	0	0.01	17.33	16.97	17.33
19.4	65.8	6	18	531	0	1009.7	7.8	15.5	2	22.25	56.82	99302.38	41.63	637.27	0	0.01	17.22	17.22	17.22
19.4	65.9	11	18	525	0	1009.7	7.9	17.9	2	22.62	56.05	99305.05	112.8	628.83	0	0.01	19.15	18.72	19.15
19.2	66.2	2	14	523	0	1009.7	8	19.4	2	22.62	55.72	99307.43	57.05	633.5	0	0.01	20.73	20.73	20.73
19	66.9	15	18	527	0	1009.7	8	18.8	3	22.62	55.92	99309.67	36.48	637.33	0	0.01	17.17	17.03	17.17
19.7	65.3	4	18	522	0	1009.8	7.9	17.9	2	23.65	54.75	99311.8	199.32	645.22	0	0.01	15.92	15.65	15.92
20.1	63.8	10	15	521	0	1009.7	7.8	16.3	2	24.58	54.02	99313.3	288.48	632.33	0	0.01	18.78	17.85	18.78
19.7	65.6	14	18	530	0	1009.6	7.7	14.1	2	24.58	53.1	99314.7	178.5	674.57	0	0.01	16.08	14.7	16.08
19.7	65.3	21	21	531	0	1009.6	7.7	14.4	3	24.48	53.1	99314.27	119	645.9	0	0.01	15.18	14.63	15.18
19.6	65.8	24	31	535	0	1009.6	7.8	15.7	3	23.6	53.75	99313.28	83.35	603	0	0.01	13.88	13.88	13.88
19.5	66.1	8	38	548	0	1009.6	7.8	15.4	2	23.6	54.08	99313.72	65.95	634.53	0	0.01	16.52	15.05	16.52
19.7	65.9	16	47	562	0	1009.7	7.7	15.3	3	23.6	54.08	99314.33	86.43	674.1	0	0.01	18.45	17.25	18.45
19.9	64.9	16	28	563	0	1009.7	7.8	17.4	3	23.2	54.82	99315.1	39.57	703.8	0	0.01	16.68	16.68	16.68
19.8	65.1	14	24	564	0	1009.8	7.7	15.1	2	23.2	55.07	99316.6	79.65	688.05	0	0.01	13.65	13.65	13.65
20.1	65.1	7	40	563	0	1009.8	7.6	13.6	2	23.5	54.83	98896.08	109.18	634.02	0	0.01	24.46	24.46	24.46
19.8	65.2	5	187	556	0	1009.8	7.8	15.9	2	23.6	55.07	99319.02	68.45	634.08	0	0.01	16.76	16.22	16.76
19.9	64.7	13	27	544	0	1009.8	7.8	16.1	2	22.7	55.07	99320.72	26.88	651.58	0	0.01	17.78	17.78	17.78
19.8	65.2	13	19	543	0	1009.8	7.7	15.5	2	22.62	55.85	99321.93	33.52	703.72	0	0.01	21.77	20.37	21.77
19.6	65.4	36	24	547	0	1009.8	7.9	17.9	5	22.59	56.55	99202.32	12.88	677.35	0	0.01	24.39	21.04	24.39
19.7	65.4	10	20	549	0	1009.7	7.8	17.1	2	21.7	57.03	99321.65	4.63	705.3	0	0.01	18.73	18.53	18.73
19.6	65.5	9	15	549	0	1009.8	7.9	18.4	2	22.53	57.03	99321.58	8.22	617.6	0	0.01	18.43	18.43	18.43
19.6	65	12	15	550	0	1009.8	8	19.1	2	22.62	57.03	99322.43	5.87	659.62	0	0.01	15.73	15.73	15.73
19.8	65.2	16	14	548	0	1009.8	7.8	17.1	3	22.62	56.37	99323.23	27.87	636.82	0	0.01	17.2	17.2	17.2
20.3	63.5	17	11	541	0	1009.7	7.7	15.4	3	23.07	55.6	99324.4	90.22	637.9	0	0.01	17.57	17.57	17.57
20.3	65.2	8	11	534	0	1009.7	7.6	12.8	2	23.63	55.03	99325.33	169.55	617.43	0	0.01	16.23	16.2	16.23
20.4	64.9	10	12	532	0	1009.8	7.6	13.5	2	24.58	53.47	99326.62	185.92	613.18	0	0.01	19.08	17.6	19.08
20.4	63.6	4	8	532	0	1009.8	7.7	14.3	2	24.58	52.33	99327.78	191.22	607.42	0	0.01	17.62	16.63	17.62
20.7	63.2	21	8	530	0	1009.8	7.6	13.8	3	25.5	52.12	99328.98	277.03	631.78	0	0.01	15.14	14.83	15.14
20.6	62.3	2	5	527	0	1009.6	7.6	13.9	2	25.57	52.12	99329.05	265.03	647.78	0	0.01	14.75	13.77	14.75
24.9	51.6	19	0	1166	0	1009	8	19.4	4	28.52	50.2	99171.27	67.42	844.98	0	0.01	21.08	21.08	21.08
24.4	51.8	15	0	1029	0	1009.2	8	19.4	4	27.68	48.83	99183.7	13.28	668.58	0	0.01	24.78	24.28	24.78
24.2	51.5	16	0	880	0	1009.2	8	19.4	4	27.53	48.18	99196.6	9.03	593.78	0	0.01	24.18	24.18	24.18
23.9	52.1	9	0	730	0	1009.3	8	19.4	1	26.73	48.32	99206.47	8.83	564.85	0	0.01	25.65	25.65	25.65
23.8	52.6	8	5	579	0	1009.2	8	19.4	1	26.55	49.17	99216.12	4.9	573.57	0	0.01	27.75	27.75	27.75
23.6	53.8	11	0	506	0	1009.3	8	18.9	1	26.55	49.17	99224.48	9.6	592.73	0	0.01	23.52	22.95	23.52
23.6	52.8	22	9	503	0	1009.3	8	19.4	2	25.77	49.95	99232.45	1.6	576.13	0	0.01	23.81	23.27	23.81
23.6	52.9	8	0	504	0	1009.3	8	19.4	1	25.57	50.15	99239.42	6.92	588.48	0	0.01	23.8	23.47	23.8
23.4	53	20	0	503	0	1009.3	8	19.4	2	25.57	50.2	99243.27	15.45	596.68	0	0.01	24.56	22.6	24.56
23.4	54.4	12	2	513	0	1009.2	7.5	10.6	1	25.93	50.43	99248	99.08	572.52	0	0.01	22.05	22.05	22.05
23.5	55	9	3	503	0	1009.2	7.3	7	1	26.5	49.44	99064.89	191.05	569.73	0	0.01	24.17	23.56	24.17
23.8	54.7	15	0	495	0	1009.2	7.3	7.3	2	26.55	49.17	99254.93	194.05	564.07	0	0.01	25.11	23.48	25.11
24.1	51.4	13	0	492	0	1009.2	7.6	13.9	2	27.4	48.32	99258.03	247.7	584.67	0	0.01	27.75	26.71	27.75
24.3	51.7	15	6	490	0	1009.3	7.6	14	3	27.53	48.18	99260.07	344.97	585.67	0	0.01	32.18	30.25	32.18
24.3	51.5	55	1	475	0	1009.3	7.4	10.7	7	27.3	47.5	98419.7	333.03	563.85	0	0.01	25.43	24.78	25.43
23.9	53.3	9	1	478	0	1009.2	7.5	11.1	1	27.53	47.2	99262.07	180.6	532.35	0	0.01	26	25.02	26
23.7	53.1	18	0	482	0	1009.2	7.5	11.9	2	27.53	47.2	99263.57	121.66	578.04	0	0.01	27.08	26.32	27.08
23.7	54.4	13	29	488	0	1009.1	7.2	6.1	1	27.5	47.14	99143.86	163.55	562.77	0	0.01	27.41	27.41	27.41
23.6	54.3	10	5	493	0	1009.1	7.6	11.8	1	27.53	47.2	99263.97	102.47	581.68	0	0.01	20.62	20.62	20.62
23.6	53.6	11	10	500	0	1009.1	7.7	14	1	27.53	47.2	99263.57	89.43	577.15	0	0.01	25.48	25.48	25.48
23.4	54.2	22	2	501	0	1009	7.9	17.5	2	26.75	47.2	99263.57	11.78	593.93	0	0.01	23.45	23.45	23.45
23.3	54	21	0	504	0	1009	7.9	17.5	2	27.12	46.96	99142.61	80.52	564.4	0	0.01	23.77	23.59	23.77
23.5	54.4	26	9	501	0	1009	7.7	13.8	4	27.53	46.22	99260.85	194.12	562.45	0	0.01	25.97	24.98	25.97
24	51	7	1	490	0	1009	8	19.4	2	27.53	46.42	99259.95	154.38	567.75	0	0.01	19	18.68	19
24.4	49.7	5	0	485	0	1009.1	7.9	18.4	2	27.53	46.22	99259.15	192.67	572.82	0	0.01	20.05	20.05	20.05
24.2	50.8	11	5	483	0	1009.1	5	0.1	2	28.17	45.27	98838.06	194.43	580.58	0	0.01	19.65	19.65	19.65
24.5	49.6	28	4	476	0	1009.1	5.1	0.7	5	28.52	44.38	99258.65	216.38	603.08	0	0.01	22.95	22.95	22.95
23.6	52.5	8	1	472	0	1009.2	8	19.2	1	27.55	44.88	99258.65	47.95	565.48	0	0.01	24.42	24.42	24.42
23.4	52.7	24	15	483	0	1009.2	4.9	0.6	2	27.15	45.62	99259.03	23.67	573.33	0	0.01	30.48	30.48	30.48
23.5	52.9	14	10	490	0	1009.1	5	0.3	1	26.55	46.48	99259.63	16.82	590.53	0	0.01	21.98	21.55	21.98
23.6	53.8	24	15	495	0	1009.1	4.9	0.9	2	26.55	46.22	99259.63	5.78	535.93	0	0.01	25.7	25.17	25.7
23.7	53	19	9	497	0	1009.1	4.9	0.5	2	27.28	46.22	99259.3	6.31	584.47	0	0.01	23.63	23.63	23.63
23.9	54.1	6	16	501	0	1009.1	4.7	0.1	1	27.53	46.22	99258.65	90.82	616.85	0	0.01	22.55	22.55	22.55
24.3	52	17	66	503	0	1009	4.7	0.9	3	27.53	46.22	99256.98	117.42	553.85	0	0.01	22.42	22.42	22.42
24.3	50.4	47	18	505	0	1009	4.8	0.5	5	27.43	46.04	98878.41	103.07	581.25	0	0.01	26.3	25.62	26.3
24.2	52.1	16	11	502	0	1009	4.9	0.7	3	27.93	43.33	97197.63	104.53	585.35	0	0.01	22.4	22.12	22.4
24.4	53.9	16	5	501	0	1009	4.9	0.5	3	28.52	44.25	99252.83	173.06	601.47	0	0.01	29.38	29.38	29.38
24.4	50.6	6	0	498	0	1008.9	5	0.7	2	28.95	44.25	99251.33	387.8	568.51	0	0.01	21.25	21.25	21.25
24.3	50.7	5	5	490	0	1008.9	5	0.6	2	29.5	43.67	99250.03	424.14	582.04	0	0.01	23.65	23.65	23.65
24.6	50.4	12	13	487	0	1009	4.8	0.4	2	29.5	43.27	99249.13	399.52	557.8	0	0.01	23.25	23.25	23.25
24.5	52.6	17	17	495	0	1008.9	4.7	0.6	3	29.42	42.17	98989.04	393.15	616.17	0	0.01	22.88	22.57	22.88
24.5	50.2	4	79	497	0	1008.9	4.9	0.4	2	29.44	42.2	99059.74	260.22	636.3	0	0.01	23.54	22.78	23.54
24.6	51.1	4	19	498	0	1008.9	4.7	0.4	2	28.71	41.98	98524.9	142.71	645.93	0	0.01	20.82	20.82	20.82
24.6	49.6	12	17	501	0	1008.8	5.1	0.4	2	29.1	42.42	99243.37	90.24	568	0	0.01	24.58	24.58	24.58
24.5	49.9	11	18	498	0	1008.8	5	0.4	2	28.52	43.27	99241.2	31.67	570.82	0	0.01	26	25.13	26
24.4	50	13	9	492	0	1008.8	4.9	0.8	2	28.25	43.27	99239.13	23.87	582.05	0	0.01	25.24	24.48	25.24
24.2	50.9	11	45	499	0	1008.8	4.7	0.3	2	27.53	44.18	99236.57	68.75	583.13	0	0.01	26.17	26.03	26.17
24.3	50	10	28	501	0	1008.7	8	19.4	2	26.7	45.38	99234	58.62	595	0	0.01	24.2	24.2	24.2
24.3	49.7	7	14	499	0	1008.7	7.9	18.4	2	26.55	46.22	99231	6	578.35	0	0.01	20.6	20.6	20.6
24.7	49.6	15	5	497	0	1008.7	7.9	18.4	3	26.98	46.22	99229.7	85.79	576.88	0	0.01	24.21	24.21	24.21
25.2	47.7	9	1	488	0	1008.8	4.8	0.5	2	28.15	44.62	99227.18	204.75	577.37	0	0.01	22.96	22	22.96
25.4	46.8	3	6	478	0	1008.8	8	19.4	2	29.38	44.08	99225.45	177.62	518	0	0.01	25.51	25.51	25.51
25.2	47.4	11	0	476	0	1008.8	8	19.4	2	29.5	42.7	99224.18	341.06	559.22	0	0.01	18.32	18.32	18.32
25.3	47.9	28	3	471	0	1008.8	5	0.3	5	30.23	41.3	99223.25	335.23	567.05	0	0.01	17.72	17.72	17.72
24.7	50.4	16	16	475	0	1008.8	4.9	0.1	3	30.23	41.3	99223.25	341.48	523.05	0	0.01	17.22	16.97	17.22
24.4	49.5	14	172	480	0	1008.7	4.9	0.1	2	28.93	41.87	99222.32	134.13	579.24	0	0.01	20.42	20.37	20.42
24.4	49.5	13	26	479	0	1008.8	8	19.4	2	28.52	42.28	99222.08	170.94	588.24	0	0.01	19.83	19.83	19.83
24.4	49.2	10	5	479	0	1008.8	8	19.4	2	26.96	42.46	96699.12	18.95	491.84	0	0.01	22.13	21.67	22.13
24	50.7	13	5	489	0	1008.9	7.8	14.9	2	26.54	45.22	99193.76	0	581.28	0	0.01	22.63	22.3	22.63
23.8	51.9	11	7	486	0	1008.8	7.7	13.1	1	26.47	46.08	98926.47	0	592.95	0	0.01	19.83	19.53	19.83
23.7	51.8	26	36	484	0	1008.8	7.9	16.3	4	26.48	46	98964.62	5.83	580.68	0	0.01	22.18	22.05	22.18
23.7	52.1	35	43	486	0	1008.8	7.8	14.7	4	26.82	45.23	99224.5	13.68	567.48	0	0.01	21.42	21.42	21.42
23.3	52.8	14	11	488	0	1008.9	8	17	1	26.78	45.48	99225.23	38.03	559.97	0	0.01	23.65	23.15	23.65
23.2	54.8	10	12	481	0	1008.8	7.8	12.6	1	26.55	46.22	99226.43	26.13	560.97	0	0.01	21.45	21.45	21.45
23.4	53.6	6	16	485	0	1008.9	8	16.9	1	26.55	46.22	99227.3	66.15	531.87	0	0.01	17.35	17.35	17.35
23.4	52.3	14	2	483	0	1008.9	8	19.4	1	26.55	46.22	99228.5	14.88	552.67	0	0.01	21.42	20.95	21.42
23.4	52.8	6	1	474	0	1008.9	7.8	15.8	1	26.55	46.22	99229.57	0	519.33	0	0.01	16.98	16.98	16.98
23.6	52	20	2	468	0	1009	7.6	12.5	2	26.55	46.22	99230.47	23.41	561	0	0.01	26.68	24.68	26.68
24.1	50.4	21	0	469	0	1009	7.6	14.3	3	27.47	46.17	99232.55	451.43	643.43	0	0.01	30.82	28.48	30.82
23.7	51.4	8	0	460	0	1008.9	7.2	7.3	1	28.23	45.13	99233.88	671.93	617.7	0	0.01	18.88	18.88	18.88
23.9	51.1	11	5	462	0	1008.8	7.3	7.8	1	28.63	44.13	99235.73	787.8	574.4	0	0.01	18.83	18.83	18.83
24.1	52.1	27	8	468	0	1008.9	7.3	8.6	5	30	42.67	99237.03	1036.77	572.7	0	0.01	19.97	19.17	19.97
24.8	48.8	23	3	471	0	1009	7.2	8.1	3	30.77	41.02	99238.28	913.05	604.87	0	0.01	19.97	19.77	19.97
24.3	50.7	5	12	473	0	1008.8	7.2	6.8	2	31.4	40.32	99238.98	890.08	592.93	0	0.01	21.79	21.79	21.79
24.2	50.6	13	54	477	0	1008.8	7.2	6.7	2	29.9	40.32	99238.4	527.37	575.5	0	0.01	24.31	24.31	24.31
24	51.5	27	47	491	0	1008.8	7	4	5	28.57	42.18	99237.1	253.27	555.93	0	0.01	18.95	18.95	18.95
23.9	51.6	19	61	503	0	1008.9	4.4	0.2	2	28.52	42.28	99235.35	345.3	586.82	0	0.01	27.8	27.38	27.8
23.8	52.5	22	55	510	0	1008.9	4.3	0.6	2	28.52	42.45	99234.08	371.02	617.43	0	0.01	30.13	29.72	30.13
23.8	51.9	12	82	517	0	1008.8	7.2	6.7	1	27.61	42.81	98112.75	293.83	595.23	0	0.01	23.07	21.35	23.07
23.6	54.2	16	42	527	0	1008.8	4.6	0.9	2	27.53	44.25	99233.08	221.17	581.93	0	0.01	25.57	22.62	25.57
23.4	53.6	21	29	524	0	1008.8	4.5	0.7	2	27.53	44.25	99232.97	204.2	599.05	0	0.01	22.57	22.47	22.57
23.4	53.1	10	27	518	0	1008.9	7.3	6.6	1	27.46	44.13	98972.92	197.07	589.15	0	0.01	18.77	18.77	18.77
23.5	53.3	12	24	515	0	1008.8	7.2	6	1	27.53	44.25	99231.03	232.25	586.4	0	0.01	20.48	20.18	20.48
23.3	52.5	18	12	507	0	1008.9	7.7	14.3	2	27.53	44.25	99230.13	201.25	626.77	0	0.01	19.48	19.48	19.48
23.2	53.1	16	11	499	0	1008.9	8	18.3	2	27.36	43.98	98618.55	103.08	597.27	0	0.01	21.63	21.63	21.63
23.1	53.2	13	3	487	0	1009	7.8	14.9	1	26.7	45.08	99230.6	24.16	511.87	0	0.01	16.93	16.57	16.93
23.2	53.6	9	12	484	0	1009	7.7	14	1	26.8	45.23	99231.37	30.94	563.92	0	0.01	23.33	23.33	23.33
23.1	54.4	10	9	481	0	1009	7.5	10.7	1	27.53	45.23	99232.37	55.65	547.72	0	0.01	20	19.4	20
23.2	55.4	11	19	479	0	1009.1	4.6	0.3	1	27.53	44.83	99233.73	72.78	590.68	0	0.01	19.18	19.18	19.18
23.1	54.5	10	27	480	0	1009	7.1	3	1	27.53	45.23	99234.9	304.05	580.45	0	0.01	20.65	20.65	20.65
23.2	54	11	37	482	0	1009	7.1	4.1	1	27.53	44.85	99236.08	644.35	571.27	0	0.01	18.28	18.28	18.28
23.1	53.7	14	30	481	0	1009	7.5	10.9	1	28.5	44.25	99237.58	1235.25	604.57	0	0.01	17.05	17.05	17.05
23.1	53.5	9	25	477	0	1009	7.5	11.4	1	28.52	44.25	99238.83	1340.08	618.53	0	0.01	15.35	15.35	15.35
23.3	54.9	10	33	477	0	1009	7.3	7.1	1	28.52	43.35	99240.47	1007.18	582.43	0	0.01	20.43	19.54	20.43
23.4	53.8	9	39	477	0	1008.3	4.2	0.5	1	28.52	43.27	99241.23	1182.17	557.18	0	0.01	16.5	16.5	16.5
23.5	55.3	5	236	521	0	1007.9	3.5	0.1	1	28.52	43.27	99240.47	728.83	588.38	0	0.01	15.25	14.05	15.25
24	49.1	12	0	791	0	1015.7	8	19.4	2	26.9	49.17	99805.9	101.76	687.65	0	0.01	14	13.33	14
23.4	50.1	8	0	728	0	1015.6	8	19.4	1	25.57	49.17	99820.63	0	608.15	0	0.01	22.33	22.33	22.33
22.7	52	19	0	663	0	1015.7	8	19.4	2	24.78	49.75	99833.65	0.98	593.13	0	0.01	27.53	27.53	27.53
21.9	54.4	20	0	595	0	1015.7	8	19.4	2	23.62	51.28	99845.35	3.88	669.63	0	0.01	19.83	19.43	19.83
21.5	55.5	14	7	513	0	1015.7	8	19.4	1	23.54	51.98	99594.46	8.28	599.28	0	0.01	23.4	23.4	23.4
21.1	56.6	9	0	504	0	1015.7	8	19.4	1	22.67	53.58	99865.73	1.85	636.42	0	0.01	21.77	20.97	21.77
20.9	57.5	5	0	500	0	1015.7	8	19.4	1	22.62	54.08	99873.2	17.32	596	0	0.01	24.88	24.03	24.88
20.4	59.1	7	0	500	0	1015.7	8	19.4	1	22.15	54.55	99881.17	22.68	603.93	0	0.01	28.75	26.67	28.75
19.9	60.8	26	0	497	0	1015.7	8	19.4	5	21.68	55.67	99885.82	7.38	582.85	0	0.01	25.52	24.4	25.52
20.3	59.4	17	8	500	0	1015.7	8	19.4	2	22.62	55.07	99891.22	263.42	607.72	0	0.01	24.58	24.23	24.58
20.5	58.9	11	2	495	0	1015.7	7.9	18.4	1	23.53	54.15	99896.08	631.85	606.87	0	0.01	19.47	19.08	19.47
20.1	60.1	3	5	495	0	1015.7	7.9	18.8	2	24.17	53.15	99899.95	598.53	598.42	0	0.01	19.6	19.55	19.6
20.7	58.1	30	0	495	0	1015.7	7.9	18.7	4	24.58	52.38	99903.23	747.83	610.45	0	0.01	18.68	18.68	18.68
20.5	59.2	9	1	496	0	1015.8	8	19.4	1	24.58	52.12	99905.47	740.5	586.88	0	0.01	21.75	21.75	21.75
20.6	59.9	34	0	491	0	1015.8	8	19.4	4	25.54	50.48	99788.59	544.95	591.77	0	0.01	26.3	25.05	26.3
20.1	61.6	44	2	494	0	1015.8	8	19.4	5	25.57	50.15	99912.52	310.95	575.3	0	0.01	25.95	25.95	25.95
20.1	61.2	98	2	499	0	1015.7	7.6	13.7	7	25.57	49.3	99914.45	221.2	592.48	0	0.01	18.95	18.85	18.95
20.2	61.6	39	9	502	0	1015.7	7.3	8.2	5	25.57	49.17	99916.15	217.73	571.75	0	0.01	26.55	24.58	26.55
20.3	61.2	88	7	500	0	1015.6	7.4	9.3	7	24.9	50.05	99916.72	174.87	596.95	0	0.01	21.03	20.3	21.03
20.1	61.5	13	3	503	0	1015.7	7.5	11.3	2	25.57	49.35	99917.48	288.73	622.22	0	0.01	18.47	17.67	18.47
20.2	60.9	17	0	499	0	1015.6	7.8	15.7	3	24.88	49.85	99917.48	120.93	588.62	0	0.01	20.72	20.05	20.72
20.2	60.7	18	0	494	0	1015.6	7.6	13.1	3	24.58	50.15	99916.25	38.6	583.88	0	0.01	21.08	20.78	21.08
20.2	61.1	15	6	496	0	1015.5	7.6	12.4	3	24.58	50.15	99913.92	309.08	595.35	0	0.01	24.58	24.58	24.58
20.4	60.4	10	5	496	0	1015.5	7.5	11.4	2	24.58	50.15	99913.15	348.95	582.55	0	0.01	21.78	21.78	21.78
20.4	59.7	7	2	496	0	1015.5	7.4	10.8	1	24.58	50.15	99911.47	199.62	575.83	0	0.01	19.58	19.58	19.58
20.8	58.3	7	2	494	0	1015.6	7.4	11.3	1	24.58	49.65	99910.6	178.1	581.72	0	0.01	18.48	18.48	18.48
21.1	58.1	6	0	491	0	1015.6	7.4	10.4	1	25.32	49.11	99788.88	260.75	580.3	0	0.01	20.2	20.2	20.2
20.7	59.8	17	1	487	0	1015.7	7.3	8.9	2	25.57	49.17	99909.62	210.08	575.4	0	0.01	19.75	19.75	19.75
20.4	60.6	45	5	489	0	1015.7	7.5	11.1	5	25.08	49.17	99910.1	153.8	570.65	0	0.01	22.08	21.68	22.08
20.3	60	31	20	489	0	1015.7	7.4	9.7	5	24.85	49.17	99911.27	105.03	581.12	0	0.01	22.05	22.05	22.05
20.6	59.3	57	11	490	0	1015.7	7.4	10.7	6	25.57	49.17	99912.37	143.2	577.82	0	0.01	18.03	18.03	18.03
20.5	58.7	19	6	500	0	1015.6	7.4	10.2	2	25.3	49.17	99912.57	75.93	586.82	0	0.01	18.37	18.37	18.37
20.6	58	70	7	503	0	1015.6	7.5	12.8	6	24.58	49.17	99912.57	45.32	590.73	0	0.01	15.1	15.1	15.1
20.6	58.7	9	8	503	0	1015.5	7.4	11	1	24.58	49.17	99911.6	13.48	608.37	0	0.01	18.27	17.67	18.27
20.7	58.7	39	14	502	0	1015.5	7.2	7.8	4	24.58	49	99910.45	87.8	610.48	0	0.01	19.18	18.58	19.18
21.4	55.8	7	11	502	0	1015.4	7.4	11.1	1	24.93	48.18	99909.27	116.1	564.21	0	0.01	20.25	19.67	20.25
21.3	55.7	20	3	494	0	1015.5	7.4	11	2	25.57	48.18	99907.5	211.86	606.34	0	0.01	20.42	20	20.42
21	56.4	5	25	493	0	1015.4	7.4	12	1	25.57	48.18	99905.98	407.47	602.68	0	0.01	17.53	17.53	17.53
20.9	57	8	20	494	0	1015.5	7.4	10.5	1	25.57	48.18	99904.75	375.82	602.18	0	0.01	15.43	15.43	15.43
20.8	57.5	12	16	493	0	1015.5	7.5	12.3	1	25.72	47.63	99904.15	396.5	590.62	0	0.01	18.8	18.05	18.8
20.6	57.8	22	6	493	0	1015.5	7.5	12.3	2	26.55	47.2	99902.98	418.93	597.08	0	0.01	19.9	19.65	19.9
20.8	57.6	26	25	501	0	1015.5	7.8	17.4	4	26.55	46.72	99902.25	431.22	585.77	0	0.01	20.6	19.4	20.6
20.9	56.8	36	3	498	0	1015.5	7.6	14.6	4	25.95	46.82	99901.15	154.58	571.9	0	0.01	14.13	14.13	14.13
20.3	59.1	5	21	499	0	1015.5	7.4	11.1	1	25.35	47.2	99900.55	41.63	669.13	0	0.01	13.65	13.65	13.65
20.1	59.6	5	15	505	0	1015.4	7.5	11.6	1	24.48	47	99476.48	78.27	578.3	0	0.01	18.92	18.92	18.92
20.1	59.5	4	19	509	0	1015.4	7.5	12.4	1	24.97	46.85	98602.76	16.16	558.03	0	0.01	16.68	16.68	16.68
20.1	59.1	73	34	509	0	1015.3	7.7	15.2	6	24.58	48.18	99895.83	7.62	560.63	0	0.01	19.05	18.72	19.05
20	60.1	24	32	511	0	1015.3	7.5	11.7	3	24	49.17	99893.12	12.37	614.83	0	0.01	20.22	19.82	20.22
20.1	60	15	36	515	0	1015.3	7.6	13.3	3	23.6	49.4	99891.15	13.47	599.43	0	0.01	21.92	21.92	21.92
20.1	60	23	26	511	0	1015.3	7.6	13.3	3	23.6	50.15	99889.77	21.38	635.48	0	0.01	29.47	29.47	29.47
20.2	59.4	10	27	509	0	1015.3	7.6	13.2	1	23.6	50.15	99887.3	24.38	593.82	0	0.01	17.43	17.43	17.43
20.5	58.5	8	19	503	0	1015.3	7.5	12.5	1	23.6	50.15	99885.27	93.1	625.43	0	0.01	15.95	15.95	15.95
20.4	58.5	10	17	500	0	1015.2	7.7	15.5	1	23.73	50.02	99883.5	98.37	598.87	0	0.01	23.18	22.12	23.18
20.3	59.2	11	14	493	0	1015.2	7.6	14	1	24.58	49.17	99882.03	203.77	611.38	0	0.01	24.88	22.97	24.88
20.5	58.7	7	26	490	0	1015.3	7.5	13	1	24.58	49.17	99880.87	128.63	602.52	0	0.01	25.92	24.77	25.92
20.7	58.6	42	15	492	0	1015.2	7.4	10.9	4	25.07	48.59	99758.68	215.95	588.55	0	0.01	21.71	21.2	21.71
20.5	58.2	5	11	491	0	1015.3	7.5	11.6	1	25.3	48.18	99878.47	218.85	589.82	0	0.01	18.4	18.08	18.4
20	59.6	7	7	490	0	1015.3	7.7	15.8	1	24.58	48.18	99877.57	57.17	561.8	0	0.01	16.38	16.38	16.38
20.1	59.5	8	18	493	0	1015.3	7.7	14.9	1	24.58	48.85	99876.5	3.51	620.95	0	0.01	14.88	14.88	14.88
19.9	59.9	1	8	496	0	1015.3	7.8	17.2	1	24.1	49.17	99876.18	11.76	592.17	0	0.01	17.98	17.98	17.98
19.7	60.8	15	5	495	0	1015.4	7.9	18.8	3	23.6	49.53	99876.18	0.96	634.73	0	0.01	20.52	20.12	20.52
19.9	60.6	2	14	501	0	1015.4	7.9	18.7	2	23.6	50.15	99876.18	30.6	608.96	0	0.01	22.33	22.33	22.33
19.8	60.6	20	9	500	0	1015.4	7.9	18.2	3	23.6	50.15	99876.92	66.92	552.4	0	0.01	17.67	17.33	17.67
19.6	61.7	1	3	494	0	1015.4	8	19.4	2	23.57	50.09	99756.8	28.7	588.48	0	0.01	13.75	12.77	13.75
19.8	62	15	10	495	0	1015.4	7.8	16.4	3	23.6	51.05	99878.15	5	582.55	0	0.01	18.17	18.08	18.17
20.1	61.7	54	7	498	0	1015.4	7.6	12.5	7	24.33	50.21	99618.83	47.44	600.03	0	0.01	21.9	20.7	21.9
20.1	60.6	8	7	497	0	1015.5	7.6	12.7	2	24.58	50.05	99880.58	80.13	568.9	0	0.01	19.8	19.7	19.8
20.3	61.4	110	7	499	0	1015.4	7.6	13.7	7	24.58	49.17	99881.78	52.57	607.22	0	0.01	21.35	20.65	21.35
20.4	60.3	8	1	503	0	1015.5	7.6	13.8	2	24.58	49.17	99882.55	49.53	613.02	0	0.01	20.65	20.65	20.65
20.8	59.2	6	0	500	0	1015.5	7.7	15.6	1	24.58	49.87	99883.15	53.07	617.78	0	0.01	19.97	19.67	19.97
20.6	59.7	15	5	492	0	1015.7	7.9	18.4	2	24.65	49.77	99885.45	182.33	607.28	0	0.01	28.13	23.87	28.13
20.6	59	16	3	486	0	1015.6	7.9	19.1	2	24.72	49.17	99888.4	256.8	585.13	0	0.01	17.9	17.37	17.9
20.7	58.3	10	2	481	0	1015.6	8	19.4	1	24.58	49.17	99891.67	140.5	575.47	0	0.01	28.17	28.17	28.17
20.5	59.3	14	3	478	0	1015.6	5	0.1	1	24.58	49.52	99894	90.8	576.2	0	0.01	21.63	21.63	21.63
20.7	60.4	17	6	476	0	1015.6	4.8	0.7	3	24.54	49.61	99707.19	123.5	565.53	0	0.01	23.37	23.37	23.37
20.9	59.6	4	6	481	0	1015.5	4.8	0.6	1	25.17	49.17	99897.6	400.07	582.6	0	0.01	21.2	20.4	21.2
20.6	59.3	22	4	482	0	1015.5	5	0.3	2	25.23	49.5	99898.8	253.8	577.33	0	0.01	23	22.33	23
20.4	60.2	10	7	486	0	1015.5	5.1	0.9	2	24.58	49.23	99897.88	70.18	544.43	0	0.01	24.45	23.8	24.45
20.2	60.8	65	9	488	0	1015.5	5	0.5	7	24.58	49.77	99896.95	38.43	601.14	0	0.01	29.78	27.93	29.78
20.3	60.3	17	13	497	0	1015.5	4.9	0.1	3	24.58	50.15	99896.12	18.53	597.6	0	0.01	24.49	23.18	24.49
20.3	60.2	10	13	498	0	1015.5	5	0.9	2	24.58	49.25	99896.75	41.57	557.9	0	0.01	21.82	20.84	21.82
20.3	60.6	42	11	501	0	1015.5	5	0.5	5	24.58	49.45	99896.83	27.35	598.5	0	0.01	24.45	23.75	24.45
20.4	60.3	22	11	507	0	1015.5	4.9	0.7	3	24.58	49.85	99897.4	19.85	604.17	0	0.01	23.15	23.15	23.15
20.4	60.5	5	20	508	0	1015.5	4.9	0.5	2	24.58	50.12	99896.68	72.38	596.75	0	0.01	22.55	22.55	22.55
20.6	59.5	9	11	504	0	1015.6	5	0.7	1	24.18	50.15	99895.85	45.45	611.72	0	0.01	22.08	21.95	22.08
20.3	60.8	4	10	505	0	1015.5	5	0.6	2	24.58	50.15	99895.85	9.69	634.04	0	0.01	23.85	23.12	23.85
20.2	61	13	11	505	0	1015.5	5	0.4	2	24.42	50.15	99895.85	14.06	599.63	0	0.01	20.98	20.98	20.98
20.3	60.8	12	14	498	0	1015.6	5.1	0.6	2	24.35	50.15	99895.85	45.1	636.97	0	0.01	24.12	23.37	24.12
20.4	60.9	13	8	495	0	1015.6	5.1	0.4	2	23.68	51.05	99895.95	29.17	629.7	0	0.01	25.48	25.4	25.48
20.1	62.1	12	7	495	0	1015.6	5	0.4	2	23.6	51.35	99896.83	1.96	680.21	0	0.01	26.87	26.65	26.87
20.1	62.7	11	8	492	0	1015.6	4.8	0.4	2	24.27	51.18	99897.5	27.23	607.86	0	0.01	26	25.95	26
20.3	61.9	10	17	497	0	1015.6	4.9	0.4	2	24.58	50.25	99898.3	203.65	596.95	0	0.01	26.25	26.25	26.25
20.2	61.8	14	16	499	0	1015.5	4.8	0.8	2	25.25	49.88	99899.47	600.85	604.82	0	0.01	24.42	24.42	24.42
20.2	61.1	8	15	499	0	1015.6	4.9	0.3	2	25.57	49.17	99901.08	901.45	580.48	0	0.01	26.73	26.73	26.73
20.2	61.1	15	14	504	0	1015.5	4.9	0.5	3	25.57	49.17	99902.22	1103.38	615.48	0	0.01	25.93	25.07	25.93
25.6	49.3	5	2	703	0	1012.9	7.8	17	2	29.5	48.72	99642.1	537.28	784.2	0	0.01	14.77	14.77	14.77
25.6	49	6	3	688	0	1012.9	7.9	17.5	2	29.5	47.82	99641.17	506.78	769.93	0	0.01	16.33	15.97	16.33
25.8	50.3	10	3	683	0	1012.9	8	18.6	2	29.5	46.68	99640.22	464	781.72	0	0.01	21	20.53	21
25.7	47.6	5	0	683	0	1013.5	8	19.4	2	29.32	44.75	99025.2	263.63	790.52	0	0.01	16.23	16.23	16.23
25.3	48.4	26	0	662	0	1014	8	19.4	5	29.28	43.85	99650.1	54.6	714.13	0	0.01	33.3	33.3	33.3
25	47.5	13	0	626	0	1013.9	8	19.4	2	27.85	44.62	99662.07	0	651.53	0	0.01	25.48	25.48	25.48
24.6	48.4	25	0	586	0	1014	8	19.4	5	27.22	45.23	99672.58	1.95	603.9	0	0.01	20.97	20.97	20.97
23.8	50.6	18	0	545	0	1014	7.8	15.5	2	26.55	46.2	99683.08	17.76	587.37	0	0.01	29.23	29.23	29.23
23.4	52	20	17	513	0	1014	8	19.4	2	26.55	46.22	99690.52	159.55	605.78	0	0.01	31.38	30.67	31.38
23.5	51.5	8	0	499	0	1014	8	19.4	1	27.22	45.75	99697.72	158.58	647.31	0	0.01	35.15	34.75	35.15
23.5	51.8	3	0	505	0	1014	5.1	0.1	1	27.53	45.23	99704.58	224.18	667.02	0	0.01	28.74	28.74	28.74
23.5	51.9	17	3	506	0	1014	5.1	0.7	2	27.53	45.23	99709.18	200.02	637.12	0	0.01	27.19	27.19	27.19
23.4	51.8	17	26	509	0	1014	5	0.6	2	27.53	45.23	99713.13	168.53	600.23	0	0.01	32.67	31.82	32.67
23.3	52.9	30	63	509	0	1013.9	5.1	0.3	4	27.53	44.9	99716.47	293.3	589.87	0	0.01	32.93	32.85	32.93
22.4	54.4	70	49	508	0	1013.9	8	19.4	6	27.5	45.16	99597.91	401.37	598.08	0	0.01	79.5	63.64	79.5
22.2	54.9	24	65	502	0	1013.9	8	19.4	2	27.53	44.25	99721.02	351.87	643.68	0	0.01	42.67	39.4	42.67
21.9	55.9	27	18	502	0	1013.9	8	19.4	4	27.53	44.25	99721.85	276.45	646.23	0	0.01	34.95	34.02	34.95
22.1	55	22	0	498	0	1013.9	8	19.4	2	27.83	43.95	99723.08	238.85	674.97	0	0.01	34.05	33.65	34.05
22.3	55.1	13	0	490	0	1013.8	7.6	12.8	1	28.52	43.27	99724.32	205.63	612.55	0	0.01	34.96	34.96	34.96
22.3	55.4	44	18	494	0	1013.9	7.2	5.3	4	28.52	43.27	99724.75	161.76	626.74	0	0.01	36.72	36.31	36.72
22.6	53.8	200	79	501	0	1013.8	7.1	5.4	6	28.07	43.27	99725.02	156.4	590.45	0	0.01	37.98	37.45	37.98
22.5	55.6	15	16	506	0	1013.8	7.4	9.5	2	27.33	43.86	99000.36	105.07	662.75	0	0.01	36.38	36.38	36.38
22.6	55.2	14	8	520	0	1013.8	7.5	10.2	1	27.53	44.25	99724.75	39.82	605.37	0	0.01	29.87	29.87	29.87
22.6	54.5	48	3	521	0	1013.6	7.5	11.8	4	27.53	44.25	99723.92	10.15	611.8	0	0.01	30.87	30.87	30.87
23.3	52.4	27	0	516	0	1013.6	7.6	14.8	4	27.53	44.25	99722	31.87	612.85	0	0.01	28.12	27.33	28.12
24.2	50.2	24	0	508	0	1013.6	7.6	14.8	3	28.25	44.25	99719.67	159.36	674.5	0	0.01	31.32	31.32	31.32
24.5	48.8	19	0	503	0	1013.6	7.6	16.6	3	28.52	44.25	99717.33	355.45	749.38	0	0.01	32.45	32.45	32.45
24.5	48.5	13	0	492	0	1013.6	7.3	11.4	2	28.52	44.07	99715.33	449.48	714.78	0	0.01	31.8	31.6	31.8
24.2	50.9	24	5	490	0	1013.6	7.1	6.8	3	29.28	42.93	99713.6	512.92	647.38	0	0.01	37.67	36.37	37.67
24.2	50	24	7	486	0	1013.6	7.2	8.2	3	29.1	42.28	99712.4	323.78	604.73	0	0.01	31.92	31.92	31.92
23.7	51.4	14	7	488	0	1013.7	7.4	10.6	1	29.5	41.62	99711.3	346.72	557.77	0	0.01	28.52	28.52	28.52
23.4	52.3	69	15	498	0	1013.7	4.4	0.9	6	29.02	41.3	99710.98	162.92	573.98	0	0.01	32.93	32.93	32.93
23.6	51.8	200	21	505	0	1013.6	7	4.6	6	28.52	42.17	99710.98	137.45	602.58	0	0.01	36.3	35.9	36.3
23.7	51.4	52	21	508	0	1013.6	7	5	6	28.52	42.28	99710.8	108.95	596.27	0	0.01	30.5	30.32	30.5
23.6	50.9	56	582	512	0	1013.6	7.2	8.4	6	28.52	42.28	99709.53	30.52	598.6	0	0.01	32.07	31.52	32.07
24	51.8	16	38	517	0	1013.6	7.1	6.2	3	28.52	42.28	99707.98	134.55	647.07	0	0.01	30.67	29.77	30.67
24.1	51	85	44	514	0	1013.6	4.4	0.5	7	28.52	42.28	99706.62	133.12	660.87	0	0.01	31.47	29.5	31.47
23.8	49.7	14	19	511	0	1013.6	7.2	9.4	1	28.52	42.28	99704.92	93.56	672.54	0	0.01	30.27	29.55	30.27
23.6	50.7	20	8	510	0	1013.5	7.5	12.7	2	28.52	42.28	99703.12	159.88	828.03	0	0.01	31.47	31.12	31.47
23.1	51.5	25	8	509	0	1013.5	7.9	19.3	4	29.42	41.19	99441.67	426.53	686.45	0	0.01	30.4	28.94	30.4
23.2	51.7	24	46	500	0	1013.6	7.8	18.2	2	29.5	41.3	99700.58	324.53	647.15	0	0.01	26.82	26.02	26.82
23	52	19	6	491	0	1013.5	8	19.4	2	29.5	41.3	99699.42	299.23	693.85	0	0.01	34.65	31.47	34.65
22.9	52.8	102	7	491	0	1013.5	7.7	13.7	6	29.38	40.71	99276.73	243.3	667.88	0	0.01	33.02	31.33	33.02
22.8	54.5	11	16	494	0	1013.5	7.2	5.8	1	30.02	40.32	99698.27	205.62	690.63	0	0.01	29.57	29.17	29.57
23.1	53	75	13	498	0	1013.6	7.2	5.8	6	30.48	40.32	99697.23	202.91	731.59	0	0.01	26.9	26.9	26.9
23.2	54.5	8	13	505	0	1013.5	7.3	6.2	1	30.37	39.47	99696.12	154.1	616.83	0	0.01	27.2	27.2	27.2
23.3	52.9	11	23	515	0	1013.4	7.3	6.6	1	29.5	39.93	99695.25	86.17	617.33	0	0.01	27.3	27.3	27.3
23.3	52.4	17	27	516	0	1013.5	7.3	7.5	2	29.5	40.32	99695.2	74.81	613.47	0	0.01	26.25	25.61	26.25
23.3	51.8	29	24	513	0	1013.5	7.5	10.7	4	29.5	40.25	99693.2	170.62	618.9	0	0.01	31.24	30.38	31.24
23.1	52.8	20	32	518	0	1013.5	7	2.9	2	29.5	39.33	99691.72	70.43	632.07	0	0.01	30.48	30.48	30.48
22.9	53.4	11	51	519	0	1013.4	7.2	5.2	1	28.87	39.33	97999.63	61.6	652.5	0	0.01	30.3	30.3	30.3
23.1	52.5	21	24	511	0	1013.4	7.4	9.7	2	28.52	40.87	99687.73	75.11	606.81	0	0.01	29.5	28.95	29.5
23.5	51.6	26	21	509	0	1013.4	7.3	7.6	4	28.65	41.3	99685.73	45.33	677.1	0	0.01	30.83	29.85	30.83
23.4	52.5	22	15	505	0	1013.4	7.3	7.9	2	30.18	40.62	99684.15	141.63	700.6	0	0.01	33.95	32.52	33.95
24.3	48.8	11	7	491	0	1013.3	7.4	10.9	2	31.82	39.48	99682.95	429.25	647.8	0	0.01	36.18	35.58	36.18
24.3	48.9	24	14	488	0	1013.3	7.1	6.3	3	33.23	38.55	99681.68	733.65	664.43	0	0.01	34.65	34.65	34.65
23.8	51	37	30	490	0	1013.4	7.2	7.3	4	33.93	36.92	99681.38	682.28	654.5	0	0.01	32.45	32.45	32.45
23.7	52.3	26	18	491	0	1013.4	7.3	7.2	4	34.42	34.92	99680.5	655.22	656.7	0	0.01	29.07	29.07	29.07
23.2	52.1	17	6	491	0	1013.4	7.4	9.5	2	33.68	34.62	99680.23	309.32	638.3	0	0.01	29.37	29.37	29.37
23.2	52.2	8	45	496	0	1013.4	7.5	11.3	1	32	35.33	99679.52	61.52	574.53	0	0.01	24.65	24.65	24.65
23.3	51.7	31	42	498	0	1013.4	7.5	11.9	4	30.8	36.4	99678.58	13.07	579.82	0	0.01	18.75	18.75	18.75
23.2	52.6	38	27	501	0	1013.4	7.5	10.7	4	30.48	37.37	99677.68	4.16	642.5	0	0.01	28.44	27.46	28.44
23.3	51.6	19	29	504	0	1013.5	7.4	9.8	2	29.55	38.6	99677.55	2.95	618.6	0	0.01	34.04	33.08	34.04
23	52.5	34	21	509	0	1013.5	7.6	12.3	4	29.5	38.35	99678.13	0	604.17	0	0.01	31.62	31.22	31.62
23	52.7	20	25	511	0	1013.5	7.6	12	2	29.5	39.12	99679.3	29.57	706.6	0	0.01	31.85	31.85	31.85
23.2	51.9	33	15	512	0	1013.5	7.6	12.8	4	29.5	39.33	99680.43	111.95	733.83	0	0.01	27.18	27.18	27.18
23.1	52.8	28	426	509	0	1013.6	7.7	14.9	4	29.46	39.29	99561.04	31.15	643.83	0	0.01	39.59	38.34	39.59
23.1	53.5	27	73	507	0	1013.5	7.7	13.6	4	29.32	39.52	99682.65	41.43	634.48	0	0.01	39.1	38.3	39.1
23.1	53.8	21	35	507	0	1013.6	7.8	14.7	2	28.52	40.32	99683.92	9.25	604.78	0	0.01	26.77	26.77	26.77
22.8	54.5	19	20	505	0	1013.5	7.9	16.3	2	28.52	40.32	99685.05	0	595.53	0	0.01	34.65	34.65	34.65
22.4	54.2	16	11	501	0	1013.6	8	19.4	2	28.52	40.32	99685.42	17.04	611.27	0	0.01	27.88	27.88	27.88
22.6	56.2	30	11	499	0	1013.6	7.4	8.5	4	29.07	40.32	99686.77	16.17	639.62	0	0.01	32.03	31.06	32.03
23	54.5	15	7	500	0	1013.6	7.4	9	2	29.5	40.32	99688.6	129.53	619.48	0	0.01	35.48	34.03	35.48
23.2	53.7	29	2	494	0	1013.6	7.4	9.1	4	29.52	40.3	99690.47	377.48	616.53	0	0.01	33.87	32.97	33.87
23.2	54.3	15	4	490	0	1013.6	7	2.6	2	30.48	39.33	99692.3	416.95	621.43	0	0.01	36	35.4	36
23.3	54.4	49	9	491	0	1013.7	7	3.3	4	30.45	39.29	99572.43	650.33	624.1	0	0.01	33.21	32.32	33.21
23.4	52.7	11	6	491	0	1013.5	7.3	8.9	1	30.48	39.33	99694.27	1098.47	642.2	0	0.01	27.1	27.1	27.1
23.5	51.8	11	8	494	0	1013.6	7.3	9.3	1	30.43	39.26	99507.26	620.4	660.13	0	0.01	27.09	26.35	27.09
23.1	53.1	6	17	498	0	1013.5	6.9	1.4	1	29.75	39	99694.27	221.17	619.23	0	0.01	27.68	26.88	27.68
23	52.9	17	21	500	0	1013.6	7.3	8.1	2	29.5	38.77	99693.85	171.78	593.47	0	0.01	29.15	29.15	29.15
23.1	52.4	12	36	504	0	1013.6	6.8	0.1	1	29.17	39.67	99693.28	182.95	585.33	0	0.01	33.78	32.8	33.78
23.1	52.8	22	25	506	0	1013.6	7.2	6.8	2	27.73	41.18	99572.59	75.63	636.77	0	0.01	26.7	25.88	26.7
22.8	53.3	10	10	506	0	1013.5	7.6	13.7	1	28.52	41.3	99694.02	238	680.17	0	0.01	23.42	23.42	23.42
22.4	54	10	5	504	0	1013.5	7.8	15.7	1	28.52	41.3	99694.27	108.18	657.75	0	0.01	32.12	32.12	32.12
22.3	54.2	5	8	504	0	1013.6	7.8	16.3	1	28.52	41.3	99693.8	8.84	597.95	0	0.01	25.58	25.12	25.58
22.3	54.7	21	15	499	0	1013.5	7.6	12.1	2	27.87	41.3	99692.63	0.96	601.47	0	0.01	27.83	27.4	27.83
22.2	55.5	24	21	499	0	1013.6	7.3	7.4	2	27.53	41.63	99692.3	22.29	594.6	0	0.01	29.66	28.68	29.66
22.2	56.1	47	16	500	0	1013.6	7.3	6.4	4	27.53	42.28	99691.72	53.65	621.13	0	0.01	36.18	35.22	36.18
22.2	55.4	11	18	507	0	1013.6	7.4	8.3	1	28.03	42.15	99691.32	127.82	651.53	0	0.01	26.22	25.95	26.22
22.4	55	14	14	509	0	1013.7	7.3	7.4	1	28.52	41.3	99691.63	142.93	617.25	0	0.01	31	30.13	31
22.3	55	12	38	507	0	1013.7	7.8	16.4	1	28.44	41.19	99432.42	146.87	641.82	0	0.01	27.92	27.85	27.92
22.3	56	11	15	507	0	1013.7	7.5	10.4	1	28.52	41.3	99693.5	170.15	633.32	0	0.01	31.48	30.72	31.48
22.2	60.1	17	20	505	0	1013.8	7.3	5.1	3	27.65	42.17	99694.67	35.75	597.35	0	0.01	24.58	24.58	24.58
22.1	56.7	11	12	500	0	1013.7	7.1	2.9	1	28.05	42.4	99696.28	496.9	688.73	0	0.01	27.4	26.2	27.4
22.1	56.3	10	15	500	0	1013.8	7.5	9.5	1	28.52	42.6	99698.05	916.4	751.27	0	0.01	28.3	28.3	28.3
22	57.2	12	10	499	0	1013.8	7.4	7.5	1	29.4	42.28	99699.75	1148.98	791.07	0	0.01	33.52	33.12	33.52
22.1	57.6	15	16	498	0	1013.7	7.2	4.8	2	29.5	41.62	99701.38	1183.12	741.27	0	0.01	29.92	29.92	29.92
24.1	50.2	16	0	825	0	1014.2	8	19.4	4	28.52	43.63	99679.88	98.48	781.3	0	0.01	14.13	14.13	14.13
23.8	48.6	60	0	769	0	1014.3	8	19.4	6	28.4	43.08	99269.1	22.35	654.93	0	0.01	35.1	34.3	35.1
23.4	49.7	17	0	705	0	1014.3	8	19.4	2	27.36	43	99090.77	8.55	597.07	0	0.01	26.42	26.1	26.42
23.2	50.4	29	0	638	0	1014.3	8	18.8	4	27	43.8	99714.57	21.15	605.23	0	0.01	28.68	28.23	28.68
23.2	50.5	12	8	565	0	1014.3	7.8	16.4	1	25.67	43.33	97185.83	12.97	625.28	0	0.01	29.82	29.82	29.82
22.8	51.2	11	7	539	0	1014.3	8	19.4	1	25.41	45.45	99114.09	38.21	640.68	0	0.01	28.38	28.12	28.38
22.7	51.5	12	0	533	0	1014.3	8	19.4	1	25.57	46.22	99735.02	0	556.36	0	0.01	35	33.17	35
22.3	52.5	27	22	539	0	1014.3	8	19.4	4	25.35	45.82	98894.82	43.53	585.52	0	0.01	34.57	32.93	34.57
22.3	52.8	32	0	535	0	1014.2	8	19.4	4	25.57	46.22	99744.5	15.42	653.7	0	0.01	27.1	27.1	27.1
22.7	51.3	9	0	531	0	1014.3	8	19.4	1	25.57	46.22	99748.47	3.52	605.3	0	0.01	24.47	24.47	24.47
22.6	51.3	29	0	525	0	1014.2	8	19.4	4	26.18	46.1	99750.87	45.5	622.45	0	0.01	34.73	34.5	34.73
22.4	52.3	6	2	523	0	1014.2	7.7	13.3	1	26.98	44.8	99752.17	83.63	588.52	0	0.01	33.43	32.33	33.43
22.3	52.1	15	6	518	0	1014.2	7.8	15.3	2	26.67	43.93	99029.6	124.16	609.63	0	0.01	28.67	28.4	28.67
21.9	54.1	11	2	514	0	1014.2	7.8	15.4	1	27.53	44.25	99754.62	95.65	620.78	0	0.01	31.47	30.85	31.47
21.7	53.9	18	24	511	0	1014.1	8	18.3	2	27.52	44.25	99756.18	98.05	594.52	0	0.01	31.52	31.48	31.52
21.8	55.2	28	16	515	0	1014.2	7.7	13.6	4	26.32	43.88	98910.82	72.12	593.58	0	0.01	32.28	31.25	32.28
22.1	52.3	99	12	521	0	1014.2	7.8	15.4	6	26.55	44.25	99756.22	15.3	542.6	0	0.01	28.72	28.72	28.72
22.1	51.9	113	5	520	0	1014.1	8	19.4	6	26.12	44.68	99756.22	3.88	603.8	0	0.01	28.12	28.12	28.12
22.3	53.7	8	4	520	0	1014.1	7.7	13.5	1	26.22	44.93	99755.57	0	580.57	0	0.01	22.41	22.41	22.41
22.4	52.7	26	11	522	0	1014.1	8	18.3	4	26.05	45.23	99754.73	4.84	603.75	0	0.01	35.16	34.19	35.16
22.3	51.6	22	0	517	0	1014	8	19.4	2	25.57	45.63	99753.77	9.48	592.87	0	0.01	29.28	29.18	29.28
22.3	52.1	8	0	515	0	1013.9	8	19.4	1	26.21	44.5	99632.29	26.37	575.37	0	0.01	24.66	23.98	24.66
22.3	52	17	0	511	0	1013.9	8	19.4	2	26.55	44.25	99750.13	38.25	606.22	0	0.01	29.72	29.13	29.72
22	52.5	27	0	507	0	1014	8	19.4	4	26.55	43.28	99747.7	29.55	616.15	0	0.01	26.62	25.87	26.62
21.9	52.6	7	0	503	0	1013.8	7.9	17.8	1	26.55	43.27	99745.57	9.32	606.53	0	0.01	23.6	23.6	23.6
21.7	52.8	15	0	499	0	1013.9	8	19.3	2	26.55	43.27	99744.33	9.35	586.1	0	0.01	20.8	19.73	20.8
21.6	53.7	15	0	492	0	1013.9	8	18.9	2	26.55	42.87	99741.88	2.4	577.32	0	0.01	24.28	23.75	24.28
21.7	53.6	13	2	490	0	1014	7.9	17.9	1	26.55	43.27	99739.88	0	594.84	0	0.01	22.32	22.32	22.32
21.7	52	24	6	494	0	1014	8	19.4	2	25.97	43.85	99738.52	4.04	600.93	0	0.01	24.67	23.9	24.67
21.8	51.4	135	13	492	0	1014	7.8	16.5	6	25.57	44.25	99738.52	0.95	570.63	0	0.01	21.63	21.63	21.63
22	50.7	97	20	498	0	1013.9	7.8	16.1	6	25.57	44.25	99737.8	40.73	564.83	0	0.01	20.47	20.18	20.47
22	50.8	101	8	499	0	1013.9	7.8	17.5	6	25.53	44.25	99737.5	20.95	524.2	0	0.01	23.8	23.62	23.8
22.1	51.3	72	5	504	0	1013.8	7.7	14.3	6	24.83	44.25	99736.3	0	568.1	0	0.01	27.38	26.4	27.38
22.6	50.6	40	8	505	0	1013.8	7.4	10.8	4	25.24	43.68	98442.18	0	521.28	0	0.01	19.61	19.61	19.61
23	50.4	33	28	507	0	1013.8	4.7	0.1	4	25.24	43.68	98439.91	44.07	602.52	0	0.01	24.67	24.67	24.67
23.3	49.7	17	19	507	0	1013.8	4.5	0.7	2	26.8	43.02	99729.85	154.53	593.65	0	0.01	20.57	20.57	20.57
23.8	50.5	21	20	512	0	1013.9	4.5	0.6	2	27.96	42	99607.95	384.2	585.84	0	0.01	35.77	33.22	35.77
24.1	47	18	12	507	0	1013.9	4.5	0.3	3	29.5	40.3	99728.32	711.02	615.58	0	0.01	28.5	26.75	28.5
24	47	18	10	509	0	1013.8	4.5	0.9	3	29.98	38.85	99727.48	513.27	618.47	0	0.01	18.85	18.85	18.85
23.9	46.3	8	0	506	0	1013.8	7.5	15	1	29.95	38.32	99726.15	361.37	595.5	0	0.01	23.62	22.52	23.62
23.8	47.2	20	1	502	0	1013.7	4.6	0.5	2	30.48	37.37	99724.87	516.23	592.72	0	0.01	20.36	19.73	20.36
24.1	46.9	10	15	501	0	1013.7	4.5	0.1	2	29.55	37.93	99722.37	396.67	554.82	0	0.01	19.41	18.64	19.41
23.9	46.5	16	11	512	0	1013.7	7.3	10.2	2	28.45	38.91	99497.92	251.52	593.15	0	0.01	20.27	19.97	20.27
23.7	47.2	34	7	513	0	1013.6	4.7	0.9	4	27.15	39.03	98334.79	205.38	637.52	0	0.01	21.8	21.8	21.8
23.7	46.8	36	16	518	0	1013.6	7.5	15.1	4	27.2	39.83	98509.66	160.8	590.18	0	0.01	19.85	19.85	19.85
23.7	45.2	49	9	521	0	1013.6	7.8	19.4	4	25.92	41.21	99489.58	78.5	599.22	0	0.01	18.65	18.44	18.65
23.3	47.3	34	23	516	0	1013.5	7.5	13.2	4	26.55	41.3	99709.82	70.38	567.89	0	0.01	23.77	23.57	23.77
22.9	47.5	60	11	510	0	1013.6	7.7	16.7	6	25.75	42.1	99706.98	75.67	609.27	0	0.01	23.19	23.19	23.19
22.8	48.2	31	30	508	0	1013.5	7.7	16.5	4	25.57	42.28	99703.88	117.95	560.32	0	0.01	47.56	47.56	47.56
23	47.3	6	10	500	0	1013.5	7.8	18.2	1	25.9	42.28	99701.88	104.58	577.96	0	0.01	37.53	37.2	37.53
23.6	45.7	11	0	494	0	1013.5	7.7	17.6	1	27.11	41.64	99579.27	138.22	575.11	0	0.01	19.84	19.45	19.84
23.7	45	6	0	492	0	1013.5	7.6	16.8	1	26.92	39.77	97488.81	425.7	573.09	0	0.01	19.48	19.48	19.48
23.7	45.2	10	3	486	0	1013.5	7.7	18.8	1	28.15	39.79	98404.06	509.78	590.3	0	0.01	18.1	18.1	18.1
23.5	45.2	5	0	476	0	1013.5	7.5	15.8	1	28.52	39.42	99695.33	570.18	595.38	0	0.01	22.41	22.41	22.41
23	47.6	35	5	480	0	1013.5	7.4	12.5	4	28.43	39.33	99694.3	504	408	0	0.01	22.03	21.95	22.03
22.2	50.9	64	19	486	0	1013.5	7.5	11.5	6	27.5	40.14	99572.71	312.72	600.3	0	0.01	20.13	20.02	20.13
22	49.5	31	59	492	0	1013.6	7.5	12.5	4	26.32	39.98	98848.42	231.6	556.22	0	0.01	15.24	15.24	15.24
22.1	49.3	73	25	497	0	1013.6	7.5	12.3	6	26.32	39.98	98847.82	130.92	572.12	0	0.01	18.14	17.05	18.14
22.2	51	56	29	512	0	1013.5	7.7	14.4	6	26.1	40.65	98847.68	116.13	558.39	0	0.01	17.25	16.42	17.25
22.4	49.9	61	29	515	0	1013.6	7.6	14.5	6	25.07	43.27	99693.28	25.16	566.13	0	0.01	17.35	17.35	17.35
22.1	50.5	87	19	511	0	1013.7	8	19.4	6	25.5	43.15	99434.04	50.21	603.37	0	0.01	19.25	19.12	19.25
21.8	50.8	154	29	509	0	1013.6	7.7	15.1	6	25.1	43.73	99695.4	64.73	601.28	0	0.01	18.42	18.42	18.42
21.9	51.4	41	21	510	0	1013.6	7.9	16.8	4	25.57	43.82	99696.23	36.33	580.98	0	0.01	18.45	18.45	18.45
22	50.8	74	9	502	0	1013.6	7.9	17.8	6	24.8	44.42	99697.17	47.77	616.35	0	0.01	16.55	16.38	16.55
22.1	51.4	53	44	505	0	1013.7	7.8	15	6	24.58	44.88	99698.55	55.95	577.23	0	0.01	17.93	17.3	17.93
21.9	51.5	88	38	511	0	1013.6	7.8	15.6	6	25.52	44.25	99699.18	8.25	576.67	0	0.01	18.68	18.68	18.68
22	50.9	65	13	508	0	1013.6	7.9	17	6	25.57	44.25	99699.9	3.57	558.08	0	0.01	17.25	17.25	17.25
22.3	51	79	13	508	0	1013.6	7.9	17.4	6	25.57	44.25	99700.17	1.67	579.87	0	0.01	19.02	19.02	19.02
22.1	50.4	36	9	507	0	1013.6	8	19.4	4	26.25	43.27	99701.2	142.6	591.22	0	0.01	17.8	17.8	17.8
22.3	53.1	15	7	501	0	1013.7	4.6	0.5	2	27.18	42.63	99702.77	331.1	603.05	0	0.01	22.83	22.83	22.83
22.8	53.3	3	9	492	0	1013.8	4.5	0.7	1	28.22	40.63	99704.22	281.64	578.43	0	0.01	15.88	15.62	15.88
23.4	50	12	2	491	0	1013.7	4.4	0.5	1	28.52	39.33	99705.68	246.37	581.38	0	0.01	17.75	16.95	17.75
23.6	48	11	5	492	0	1013.7	4.4	0.7	1	29.03	38.82	99706.83	450.34	578.59	0	0.01	21.13	20.63	21.13
23.9	45.1	11	1	485	0	1013.7	7.1	8.1	1	29.5	38.35	99708.03	629.68	587.9	0	0.01	19.67	18.67	19.67
24.2	46.8	33	4	480	0	1013.8	4.2	0.6	5	29.21	38.25	99448.73	350.57	539.52	0	0.01	25.58	20.92	25.58
24.2	45.9	18	4	484	0	1013.5	7.1	6.9	3	27.78	39.08	99706.93	187.77	532.52	0	0.01	23.83	22.23	23.83
23.8	46.5	11	7	490	0	1013.6	7.1	6.2	1	27.02	39.85	99704.6	155.68	569.63	0	0.01	23.5	22	23.5
23.2	48.8	6	10	485	0	1013.6	4.5	0.4	1	26.46	40.94	99364.16	172.55	555.23	0	0.01	21.28	20.4	21.28
23	48.5	8	59	493	0	1013.6	7	4.5	1	26.55	41.3	99700.67	181.98	632.97	0	0.01	23.67	23.6	23.67
23.1	48.9	17	67	503	0	1013.6	4.3	0.6	2	26.48	41.19	99439.58	169.25	607.53	0	0.01	22.23	21.77	22.23
22.7	49.5	11	21	510	0	1013.5	7.2	6.6	1	26.55	41.52	99697.33	85.72	640.2	0	0.01	16.08	16.08	16.08
22.5	49.6	14	13	510	0	1013.5	7.2	6.8	1	25.75	42.28	99694.03	41.45	579.3	0	0.01	18.35	18.35	18.35
22.3	50.2	16	12	513	0	1013.5	7.3	7.7	2	25.57	42.47	99692.4	32.92	693.4	0	0.01	14.75	14.75	14.75
22.1	50.8	15	12	511	0	1013.5	7.4	8.9	2	25.57	43.97	99692.37	32.55	564.03	0	0.01	18.52	18.52	18.52
22	51.8	85	15	508	0	1013.6	7.2	5.3	6	25.57	43.27	99693.28	10.18	568.57	0	0.01	22.12	21.65	22.12
22.2	50.9	57	8	505	0	1013.6	7.6	12.1	6	26.37	42.93	99694.08	14.62	565.83	0	0.01	19.68	19.35	19.68
22.1	52.7	73	14	509	0	1013.7	7.4	8.8	6	25.5	42.91	99079.89	23.08	583.38	0	0.01	27.28	27.12	27.28
22.3	51.5	22	17	512	0	1013.6	7.6	12.6	2	25.57	43.9	99695.55	45.25	593.95	0	0.01	29.85	28.52	29.85
22.2	51.1	96	25	520	0	1013.7	7.7	14.6	6	25.65	44.17	99696.32	77.89	599.56	0	0.01	23.77	22.87	23.77
22.1	52.1	14	16	519	0	1013.6	7.5	9.5	1	26.58	43.23	99697.68	256.64	621.55	0	0.01	25.27	25.27	25.27
21.5	53.3	9	9	514	0	1013.7	7.5	10	1	27.38	42.04	99134.93	404.58	636.8	0	0.01	24.57	24.57	24.57
21.4	53.7	13	3	503	0	1013.7	7.5	9.6	1	27.51	41.26	99610.39	508.35	599.43	0	0.01	24.43	22.97	24.43
21.5	53.5	8	5	493	0	1013.7	7.6	10.5	1	27.53	41.3	99700.17	778.22	591.68	0	0.01	21.31	19.38	21.31
21.5	53.3	10	8	483	0	1013.7	7.5	10.2	1	27.53	41.57	99700.57	698.32	616.62	0	0.01	20.43	19.8	20.43
23.3	39.3	6	11	810	0	989.7	8	19.4	4	26.87	38	97269.13	58.31	673.42	0	0.01	3.92	2.75	3.92
21.7	36.1	1	0	722	0	989.7	8	19.4	3	25.8	36.62	97281.85	0	575.18	0	0.01	0	1.97	0
20.8	38.4	1	0	631	0	989.7	8	19.4	3	24	34.36	91870.36	2.98	562.35	0	0.01	1.95	1.19	1.95
20.3	39.5	1	0	544	0	989.8	8	19.4	3	24.37	36.38	97304.78	24.6	510.68	0	0.01	1.86	0.93	1.86
19.6	40.4	1	0	450	0	989.8	8	19.4	1	23.6	36.72	97314.22	10.7	524.92	0	0.01	1.63	0.98	1.63
19.3	41.8	2	2	412	0	989.8	8	18.4	1	23.55	37.37	97322.78	11.4	494.6	0	0.01	0.8	0.88	0.8
19.1	42	1	3	419	0	989.7	8	19.4	1	22.62	37.7	97330.05	12.4	559.9	0	0.01	0	0.98	0
18.8	42.8	1	1	418	0	989.8	8	19.4	3	21.93	38.63	97334.92	2.51	560.27	0	0.01	3.5	2.07	3.5
18.6	43.7	2	0	420	0	989.7	7.9	16.6	3	22.1	38.87	97340.75	58.49	558.5	0	0.01	2.62	1.19	2.62
18.5	45.1	1	7	424	0	989.7	7.7	13.4	3	22.93	38.35	97344.53	362.05	542.7	0	0.01	8.55	2.34	8.55
18.8	42.8	1	0	422	0	989.7	8	19.4	3	23.6	37.85	97348.47	321.78	526.77	0	0.01	1.72	1.32	1.72
18.9	42.5	4	3	415	0	989.7	7.9	18.2	3	23.32	37.65	97350.9	241.43	538.42	0	0.01	0.97	0.98	0.97
18.7	44.3	1	51	417	0	989.7	7.4	8.4	3	22.85	38.35	97352.87	317.6	545.92	0	0.01	1.38	0.97	1.38
18.4	46.1	1	137	414	0	989.7	4.8	0.1	3	23.6	38.35	97354.68	777.42	515.23	0	0.01	1.39	1	1.39
17.6	47.1	1	35	414	0	989.7	8	16.3	3	23	38.35	97354.92	262.55	510.73	0	0.01	1.97	1.97	1.97
17.4	46.6	1	20	414	0	989.7	7.9	14.4	3	21.66	39.23	97237.96	74.65	551.58	0	0.01	1.5	1.05	1.5
17.3	46.5	199	11	425	0	989.7	8	17.6	8	20.65	40.32	97355.9	2.35	556.58	0	0.01	0.98	0.98	0.98
16.9	50.5	1	3	430	0	989.6	8	14.7	3	20.18	41.88	97355.32	1.41	557.72	0	0.01	1.19	0.97	1.19
16.7	49	1	0	436	0	989.6	8	19.4	3	20.65	41.58	97354.22	2.83	542.65	0	0.01	1.33	0.98	1.33
16.7	48.3	26	0	436	0	989.6	8	19.4	6	20.65	41.3	97353.75	14.72	578.83	0	0.01	2.15	1.97	2.15
16.6	49.2	1	0	439	0	989.5	7.8	15.3	3	20.64	41.28	97295.29	82.83	563.67	0	0.01	2.79	1.86	2.79
16.8	48.8	3	0	433	0	989.5	7.8	15.3	3	21.62	40.71	97292.95	608.6	635.77	0	0.01	1.97	1.97	1.97
16.8	49.7	1	1	427	0	989.5	7.5	10.4	3	21.63	40.32	97348.48	838.6	605.67	0	0.01	2.5	2.5	2.5
16.9	49.8	1	0	417	0	989.5	7.5	11	3	22.55	39.6	97347.32	611.38	546.4	0	0.01	1.54	1.43	1.54
17	49.2	1	1	416	0	989.5	7.6	12	3	23.52	39.33	97346.15	850.62	610.23	0	0.01	1.96	1.07	1.96
17.1	48.9	21	1	412	0	989.6	7.8	15.5	4	23.35	39.33	97345.48	770.43	557.12	0	0.01	6.81	3.07	6.81
17	47.5	1	0	409	0	989.6	8	19.4	3	21.35	39.33	97345.92	126.93	597.88	0	0.01	11.05	5.6	11.05
16.9	48.5	6	12	411	0	989.6	7.3	7.1	3	20.63	40.28	97347	19.9	535.53	0	0.01	9.03	4.53	9.03
16.6	49.6	2	13	416	0	989.6	7.5	9.8	3	19.67	42.28	97348.03	11.33	608.37	0	0.01	1.93	1.93	1.93
16.4	49.1	27	16	419	0	989.6	7.9	16.6	6	19.67	42.28	97347.05	1.92	538.02	0	0.01	0.98	0.98	0.98
16.4	49.4	154	6	424	0	989.5	7.8	14.1	8	19.67	42.75	97347.05	1.71	600.62	0	0.01	0.97	1.38	0.97
16.6	48.8	3	43	432	0	989.5	7.6	12.2	3	19.67	42.28	97346.77	22.33	603.77	0	0.01	0.95	0.97	0.95
16.4	49.7	111	18	436	0	989.5	7.6	11.9	8	19.67	42.28	97346.07	12.7	560.87	0	0.01	0	0.98	0
16.4	49.5	1	2	434	0	989.4	7.9	17.1	3	20.18	41.77	97345.95	36.04	560.92	0	0.01	1.75	0.98	1.75
16.8	48.5	1	5	430	0	989.6	7.8	15.1	3	20.95	41	97345.08	293.2	588.68	0	0.01	1.97	0.98	1.97
17.1	47.9	1	0	424	0	989.4	7.5	10.5	3	21.63	40.32	97344.67	554.57	587.9	0	0.01	1.87	0.98	1.87
17.4	47.2	1	1	414	0	989.5	7.4	10.5	3	21.93	40.32	97343.87	992.43	575.4	0	0.01	1.82	1.22	1.82
17.9	45.5	1	5	411	0	989.5	7.5	13	3	22.62	40.32	97343.82	772.3	566.15	0	0.01	0.98	0.98	0.98
18	46.6	16	1	409	0	989.5	7.4	10.4	4	22.56	39.67	97089.21	745.5	551.62	0	0.01	16	2.39	16
17.1	46.4	1	13	408	0	989.5	8	19.4	3	21.72	39.98	97341.63	334.43	601.48	0	0.01	19.05	4.32	19.05
16.6	47.7	7	0	410	0	989.4	8	19.4	3	20.65	40.32	97340.17	28.53	553.42	0	0.01	5.85	3.38	5.85
16.4	50	6	2	410	0	989.4	7.8	14.5	3	20.65	40.32	97339.07	30.63	547.7	0	0.01	1.92	0.96	1.92
16.4	50.7	3	6	418	0	989.4	7.6	10.8	3	20.48	41.02	97337.5	13.6	560.17	0	0.01	2.19	1.21	2.19
16.4	48.9	1	5	428	0	989.4	7.7	14	3	19.67	41.3	97336.35	23.76	489.48	0	0.01	2.82	1.25	2.82
16.3	50.2	1	9	433	0	989.3	7.4	7.9	3	19.67	41.3	97333.95	13.57	568.98	0	0.01	0.98	0.98	0.98
16.5	48.9	4	29	440	0	989.3	7.6	12.8	3	19.67	41.38	97331.5	82.9	520.57	0	0.01	2.75	1.95	2.75
16.7	48.5	1	10	441	0	989.3	7.8	15	3	19.73	41.42	97329	74.4	549	0	0.01	3.68	3.05	3.68
16.9	47.6	1	8	433	0	989.3	7.5	10.4	3	20.65	41.3	97327.72	161.77	596.78	0	0.01	0.98	0.98	0.98
17	48.2	1	10	422	0	989.3	7	2.8	3	20.89	40.68	96726.39	237.3	570.88	0	0.01	2.12	1.78	2.12
17	48	1	15	421	0	989.3	7.1	4.7	3	21.57	40.2	97033.53	569.18	557.38	0	0.01	2.73	1.37	2.73
17	48.3	1	13	413	0	989.3	7	2.9	3	21.46	40	96559.71	815.2	537.57	0	0.01	2.48	1.26	2.48
16.7	49.5	1	17	417	0	989.3	7	2.2	3	21.63	40.32	97323.45	990.15	531.37	0	0.01	10.78	5.97	10.78
16.4	50.3	1	17	417	0	989.3	7.3	7.2	3	21.03	40.92	97322.48	356.98	521.93	0	0.01	23.62	13.77	23.62
16	49.9	1	19	421	0	989.3	7.5	10	3	19.7	41.3	97321.92	125.06	443.33	0	0.01	4.24	2.62	4.24
16.1	51.5	1	20	422	0	989.3	7.5	8.5	3	19.67	41.5	97321.48	4.1	586.83	0	0.01	0.92	0.98	0.92
16.1	51.2	1	15	422	0	989.3	7.8	14	3	19.59	42.12	96951.18	1.47	559.13	0	0.01	0.98	0.98	0.98
16	50.1	1	2	422	0	989.3	8	19.4	3	18.63	43.41	97031.06	0	518.18	0	0.01	6	5.18	6
15.7	51.2	1	0	424	0	989.4	7.7	13.3	3	18.68	43.37	97323.35	0	561.87	0	0.01	7.08	5.02	7.08
15.9	52	6	41	427	0	989.5	7	1.8	3	18.72	44.07	97324.72	39.41	567.53	0	0.01	6.72	4.42	6.72
16.1	51	1	69	429	0	989.4	7.3	7.3	3	18.95	43.48	97325.63	146.88	571.77	0	0.01	3.97	3.47	3.97
15.8	52.4	3	26	433	0	989.5	7.1	3.9	3	18.68	44.72	97326.4	122.58	571.27	0	0.01	1.94	1.5	1.94
16	50.8	1	9	434	0	989.5	7.6	13.1	3	18.68	45.23	97327.93	103.74	562.76	0	0.01	2.93	2.45	2.93
16	51	2	10	432	0	989.5	8	18.4	3	18.68	45.23	97328.73	52.42	550.63	0	0.01	0	0.98	0
15.5	52.6	1	3	425	0	989.4	7.9	16.6	3	18.28	45.23	97330.1	25.74	509.82	0	0.01	1.91	1.33	1.91
15.8	52.3	1	5	421	0	989.6	7.8	15.3	3	18.63	45.12	97076.85	0	508.52	0	0.01	1.05	1.05	1.05
15.9	53.4	1	9	420	0	989.6	7.3	5.7	3	18.68	44.45	97333.43	110.48	559.22	0	0.01	0	1.91	0
16	52.3	4	6	421	0	989.6	7.5	9.8	3	19.52	43.9	96923.08	477.98	557.02	0	0.01	2.67	2.29	2.67
15.9	53.2	1	3	421	0	989.6	7.4	8	3	19.98	43.27	97338.25	762.55	562.38	0	0.01	5.9	3.93	5.9
16	55.1	1	10	427	0	989.6	7.1	1.5	3	20.65	43.27	97339.48	775.42	590.85	0	0.01	4.83	2.13	4.83
16.1	53	1	12	429	0	989.5	7.1	2.7	3	20.65	42.45	97341.47	1043.03	570.68	0	0.01	7.57	4.03	7.57
15.9	52.2	2	8	422	0	989.5	7.3	6.3	3	20.65	42.28	97342.13	832.4	523.18	0	0.01	2.27	1.97	2.27
15.9	52.1	2	20	421	0	989.4	7.6	11.1	3	20.57	42.37	97340.83	363.8	575.12	0	0.01	2.25	1.7	2.25
15.8	51.4	1	15	422	0	989.5	7.7	13	3	19.67	43.27	97339.5	231.13	573.82	0	0.01	12.12	7.2	12.12
15.6	52.1	1	35	428	0	989.5	7.4	8.8	3	18.42	44.8	97339.18	109.35	560.2	0	0.01	7.86	4.52	7.86
15.7	52.2	1	28	431	0	989.5	7.3	7.3	3	18.68	45.23	97339.62	130.75	579.97	0	0.01	1.1	0.98	1.1
15.5	54.4	1	108	441	0	989.4	7.3	6.1	3	18.42	45.75	97340.17	138.58	581.26	0	0.01	2.6	2.35	2.6
15.3	53.4	1	35	446	0	989.4	7.5	9.8	3	18.66	46.16	97221.5	173.15	609.18	0	0.01	3.93	2.95	3.93
15.3	56.4	1	40	454	0	989.4	7	0.7	3	17.7	46.22	97338.6	131.23	599.35	0	0.01	3.93	1.97	3.93
15.3	55.2	1	43	453	0	989.5	7.5	9	3	17.7	47.35	97337.63	145.2	556.88	0	0.01	4.83	3.07	4.83
15.3	52.9	1	14	448	0	989.5	7.8	14.7	3	17.7	47.8	97337.22	158.65	576.37	0	0.01	1.62	1.57	1.62
15.1	54.1	7	18	447	0	989.5	7.7	13.1	3	17.7	47.2	97337.22	76.02	547.3	0	0.01	0	1	0
15.1	54.9	2	23	446	0	989.5	7.8	12.9	3	17.7	47.2	97337.22	62.07	547.08	0	0.01	0	0.98	0
15.6	52.5	1	16	443	0	989.6	7.8	14.1	3	17.7	47.2	97337.52	80.41	536.57	0	0.01	2.62	1.88	2.62
15.6	54	2	13	440	0	989.5	7.3	6.2	3	17.7	47.2	97338.2	76.33	576.63	0	0.01	5.17	3.15	5.17
15.4	58.9	3	34	444	0	989.6	7	0.6	3	17.7	46.6	97338.8	68.5	577.53	0	0.01	1.97	1.58	1.97
15.4	57.9	6	20	438	0	989.6	7	0.2	3	19.07	45.73	97223.21	845.75	591.43	0	0.01	1.1	1.05	1.1
15.5	56.2	1	17	428	0	989.6	7	0.2	3	19.67	45.58	97342.13	1175.58	600.8	0	0.01	2.92	1.62	2.92
15.5	60.5	4	23	423	0	989.6	6.9	0.3	4	19.67	45.23	97342.82	1352.42	590.65	0	0.01	2.84	1.28	2.84
15.7	56.6	1	18	416	0	989.6	7.2	3	3	19.67	45.23	97344.08	2027.58	591.05	0	0.01	0	0.98	0
15.9	54.5	1	19	418	0	989	6.9	0.9	3	20	44.72	97344.28	1816.03	577.03	0	0.01	1.59	1.32	1.59
16.6	57.4	1	163	458	0	988.4	4	0.5	3	19.63	44.17	97161.02	838.8	596.2	0	0.01	0.98	0.98	0.98
20.1	54.5	52	0	895	0	1011.7	8	19.4	7	24.8	48.63	99412.17	9.52	734.47	0	0.01	31.02	29.68	31.02
18.4	58.7	6	0	806	0	1011.7	8	19.4	4	23.5	48.77	99429.87	5.14	687.17	0	0.01	44.45	42.05	44.45
17.5	61.4	15	0	721	0	1011.7	8	19.4	5	22.4	49.85	99444.77	3.6	676.65	0	0.01	36.68	34.72	36.68
16.6	65	15	0	630	0	1011.8	8	19.4	5	21.03	51.15	99454.4	5.53	679.05	0	0.01	33.18	31.62	33.18
16	67	7	0	533	0	1011.8	8	19.4	4	20.65	52.3	99466.07	3.98	634.42	0	0.01	32.9	31.73	32.9
15.3	69.9	11	0	510	0	1011.7	8	19.4	4	19.72	53.9	99477	22.25	655.35	0	0.01	37.7	37.6	37.7
14.6	72.2	16	6	509	0	1011.8	8	19.4	8	18.88	55.85	99486.05	4.2	635.75	0	0.01	37.52	37.52	37.52
14.1	73.9	6	1	507	0	1011.9	8	19.3	7	18.52	57.52	99494.58	4.8	644.35	0	0.01	30.45	30.05	30.45
14.1	74.8	10	2	505	0	1011.9	8	19.4	7	17.98	57.93	99499.68	17.12	651.05	0	0.01	32.1	31.9	32.1
14.9	71.7	13	6	505	0	1011.9	7.9	18	7	19.45	55.9	99507.88	135.95	676.35	0	0.01	38.17	37.4	38.17
15.2	71.3	11	3	502	0	1011.9	7.8	17.1	5	20.58	55.07	99513.77	257.87	669.83	0	0.01	34.35	34.28	34.35
15.3	71.4	4	21	503	0	1011.9	7.8	17.2	5	20.92	54.1	99519.17	295.7	666	0	0.01	31.02	30.66	31.02
15	71.2	6	12	502	0	1012	7.9	18.6	5	21.63	53.1	99523.67	273.52	664.7	0	0.01	28.4	28.4	28.4
15.1	71.3	10	0	502	0	1011.9	8	19.3	5	21.63	53.1	99527.6	291.42	653.67	0	0.01	34.18	34.18	34.18
14.6	72.9	19	2	506	0	1012	8	19.4	8	21.02	53.1	99531.87	178.13	648.97	0	0.01	31.87	31.65	31.87
14	75.7	14	34	509	0	1011.9	8	19.4	7	19.85	53.9	99534.07	109.27	645.82	0	0.01	27.1	26.92	27.1
13.6	79.3	11	12	510	0	1011.9	7.8	16.9	7	19.08	55.8	99537.08	63.7	644.75	0	0.01	32.42	32.42	32.42
13.2	81.3	27	0	512	0	1011.9	8	19.1	10	18.68	58.37	99538.72	31.33	659.48	0	0.01	32.68	31.88	32.68
13.3	80.5	9	8	516	0	1012	8	19.4	8	17.8	59.9	99540.3	15.07	661.88	0	0.01	30.67	29.53	30.67
13.2	81.8	13	0	519	0	1011.9	8	18.9	8	17.7	60.97	99541.47	2.33	658.75	0	0.01	36.8	36.8	36.8
13.4	81.3	7	1	520	0	1011.9	8	19.4	8	18.08	60.58	99541.85	10.45	664.58	0	0.01	32.87	32.87	32.87
13.6	79.9	9	3	523	0	1011.9	8	19.2	7	18.78	58.48	99542.35	45.65	669.28	0	0.01	33.47	33.47	33.47
13.6	79.7	17	2	521	0	1011.9	8	19.2	8	19.67	56.13	99542.83	103.22	671.88	0	0.01	34.1	32.8	34.1
13.8	79.6	1	2	518	0	1011.8	8	19.4	7	19.67	55.07	99542.83	174.62	676.15	0	0.01	31.83	30.4	31.83
14.2	78	15	3	509	0	1011.9	7.9	17.4	8	20.52	54.62	99542.83	177.42	636.95	0	0.01	41.4	41.4	41.4
14.3	77	8	2	509	0	1011.9	7.9	18.1	7	20.88	54.08	99542.83	209.85	657.18	0	0.01	35.94	35.94	35.94
13.9	78.4	12	0	507	0	1011.9	8	18.6	7	20.82	54.5	99542.83	172	651.02	0	0.01	35.58	35.58	35.58
13.5	79.7	34	1	503	0	1012	8	19.4	10	19.72	55.3	99543.5	76.7	635.15	0	0.01	35.48	34.22	35.48
13.5	80	21	11	503	0	1012	8	19.2	9	18.85	57.02	99544.95	25.4	667.67	0	0.01	32.23	30.57	32.23
13.4	80.2	13	6	510	0	1011.9	8	19.3	8	18.68	58.05	99545.78	18.93	694.7	0	0.01	28.73	28.73	28.73
13.3	79.9	23	3	508	0	1011.8	8	19.4	8	18.68	59	99545.78	1.68	653.98	0	0.01	32.6	32.6	32.6
13.3	79.6	12	5	512	0	1011.9	8	19.4	7	18.08	59.97	99545.42	4.63	667.98	0	0.01	32.8	32.8	32.8
13.2	81.3	60	16	515	0	1011.8	7.9	17.9	10	17.7	61.48	99544.28	1.47	659.27	0	0.01	31	30.48	31
13.3	80	26	17	519	0	1011.8	7.9	18.5	10	17.7	61.25	99543.72	12.22	682.93	0	0.01	32.57	31.68	32.57
13.6	79.3	9	15	522	0	1011.8	7.8	16.4	7	18.45	59.87	99542.48	67.25	679.2	0	0.01	39.78	39.08	39.78
14.3	75.8	6	9	524	0	1011.8	7.9	17.3	7	19.42	58.27	99541.85	187.02	675.53	0	0.01	37.38	36.88	37.38
14.8	72.3	6	0	518	0	1011.9	7.8	17.1	7	19.67	57.77	99541.85	160.92	698.92	0	0.01	33.98	33.32	33.98
14.9	72.8	10	0	523	0	1011.8	7.8	16.6	7	19.73	56.63	99541.85	133.32	669.78	0	0.01	39.18	38.38	39.18
14.4	75.1	7	2	521	0	1011.9	7.8	16.6	7	20.65	56.1	99541.85	197.23	694.67	0	0.01	43.52	41.55	43.52
14.1	77.3	13	11	517	0	1011.9	7.9	17.8	7	20.65	56.67	99542.02	234.57	692.2	0	0.01	46.15	44.58	46.15
14	77.4	22	23	517	0	1011.9	7.8	16	8	20.65	56.05	99543.18	792.23	656.67	0	0.01	42.07	40	42.07
13.4	79.7	12	10	516	0	1011.9	7.9	18.4	7	20.12	55.65	99543.95	182.23	702.33	0	0.01	33.8	33.67	33.8
13.2	80	18	12	513	0	1011.9	8	19.2	9	19.25	56.48	99545.22	40.34	701.13	0	0.01	42.9	41.52	42.9
13.3	80.6	11	15	511	0	1011.9	8	19.1	8	18.68	57.42	99545.78	1.95	662.33	0	0.01	47.2	46.22	47.2
13.4	79.7	21	13	512	0	1011.9	8	18.7	8	18.87	57.03	99546.57	12.92	671.45	0	0.01	41.3	40.7	41.3
13.5	79.7	21	15	514	0	1011.9	8	19.1	8	19.67	57.03	99546.77	16.02	681.78	0	0.01	44.57	44.17	44.57
13.6	79.7	46	15	522	0	1011.9	8	19.4	10	19.22	57.48	99546.77	6.67	677.27	0	0.01	43.73	43.73	43.73
13.3	79.5	6	15	523	0	1011.9	8	19	7	18.67	58.6	99488.59	18.13	658.73	0	0.01	37.97	37.97	37.97
13.9	77.7	7	13	522	0	1012	7.9	17.9	7	17.67	59.87	99358.31	12.97	703.63	0	0.01	38.28	38.28	38.28
14.5	74.2	12	5	524	0	1012	7.8	16.6	7	18.6	59.48	99545.78	77.06	695.5	0	0.01	38.62	38.62	38.62
14.1	77.2	11	3	522	0	1012	7.8	17	7	19.67	58.02	99546	186.22	686.87	0	0.01	41.95	40.93	41.95
14.4	74.7	8	5	512	0	1012	7.9	17.6	7	20.47	57.58	99546.77	226.35	687.5	0	0.01	47.28	45.57	47.28
14	76.3	6	0	504	0	1012	7.9	17.4	7	20.65	57.03	99547.38	218.7	669.68	0	0.01	39.62	38.85	39.62
13.8	77.3	16	3	504	0	1012	8	19.4	8	20.65	56.23	99547.75	211.77	686.95	0	0.01	42.28	42.28	42.28
13.8	77.9	12	2	505	0	1012.1	7.9	17.8	7	20.33	56.05	99548.48	158.03	675.22	0	0.01	43.81	43.21	43.81
13.6	79.4	18	3	506	0	1012	7.9	17.6	8	19.53	56.52	99549.72	57.3	661.48	0	0.01	45.73	44.42	45.73
13.5	79.5	23	7	513	0	1012.1	7.9	17.6	8	18.68	57.8	99550.88	17.1	679.28	0	0.01	32.57	31.2	32.57
13.6	79.7	14	12	524	0	1012.1	8	19.4	7	18.12	59.57	99552.25	1.64	671.68	0	0.01	41	40.5	41
13.4	80.6	18	14	531	0	1012.1	7.9	17.5	9	17.55	60	98709.52	15.8	688.8	0	0.01	40.32	38.35	40.32
13.2	81.6	8	15	531	0	1012.1	7.9	17.5	8	17.7	61.7	99553.78	21.53	661.87	0	0.01	35.92	35.42	35.92
13.3	80.9	7	12	528	0	1012.2	8	19.1	8	17.7	61.95	99555.92	14.1	655.35	0	0.01	36.95	36.28	36.95
13.3	81	14	14	530	0	1012.2	8	18.8	8	17.7	61.95	99558.42	6.2	661.38	0	0.01	41.28	41.08	41.28
13.4	81.6	12	20	527	0	1012.2	7.9	18.6	8	18.15	61.5	99560.02	36.7	662.37	0	0.01	34.93	34.57	34.93
13.7	78.9	11	6	521	0	1012.2	8	18.8	7	18.12	61.53	99562.08	39.3	660.53	0	0.01	42.7	40.73	42.7
13.6	79.5	8	17	519	0	1012.2	7.9	17.8	7	17.7	62.9	99563.13	12.67	666.27	0	0.01	44.62	43.47	44.62
13.7	79.4	6	13	519	0	1012.2	7.9	17.8	7	17.7	62.67	99565.2	3.96	690.5	0	0.01	41.2	40.5	41.2
13.7	78.9	10	7	517	0	1012.3	7.9	18.4	7	17.7	62.07	99567.27	7.88	708.13	0	0.01	42.05	42.05	42.05
14.1	76.9	7	5	516	0	1012.4	7.9	18	7	17.7	62.23	99568.4	2.25	690.47	0	0.01	40.37	40.37	40.37
14.7	74	11	2	517	0	1012.3	7.8	16.6	7	17.73	61.69	99147.4	27.65	731.25	0	0.01	37.37	36.15	37.37
14.8	73.9	13	0	510	0	1012.3	7.8	15.8	7	18.75	61.48	99572.35	87.48	743.02	0	0.01	35.97	35.25	35.97
14.8	74	2	0	506	0	1012.3	7.8	16.9	7	19.67	60.32	99575.13	177.83	735.68	0	0.01	41.68	39.77	41.68
14.7	74.1	5	3	504	0	1012.3	7.8	15.5	7	20.57	59.48	99576.77	235.5	712.25	0	0.01	41.45	40.23	41.45
14.5	75.6	8	6	499	0	1012.3	7.8	15.7	7	20.65	59	99577.93	286.98	698.35	0	0.01	33.35	33.35	33.35
13.8	78.3	9	6	500	0	1012.2	7.9	18.1	7	20.65	58.53	99578.23	246.93	699.11	0	0.01	29.52	29.52	29.52
13.8	79.4	10	9	508	0	1012.2	7.9	17.4	7	20.2	58.02	99577.78	126.02	723.07	0	0.01	31.67	31.22	31.67
13.9	78.9	5	13	518	0	1012.2	7.9	17.6	7	19.67	57.18	99577.25	69.89	646.95	0	0.01	40.93	40.78	40.93
13.8	78.9	10	21	523	0	1012.3	8	18.7	7	19.67	57.03	99576.85	51.15	697.07	0	0.01	43.73	43.73	43.73
13.8	77.9	13	23	537	0	1012.3	8	19.4	7	19.47	58.03	99577.25	42.45	711.9	0	0.01	34.67	34.07	34.67
13.7	78.4	8	15	538	0	1012.3	8	19.4	7	18.68	59	99578.03	19.97	683.33	0	0.01	26.78	26.58	26.78
13.6	78.5	30	15	536	0	1012.3	8	19.4	10	17.72	60.2	99578.23	1	648.33	0	0.01	27.38	26.68	27.38
13.6	78.9	11	16	537	0	1012.3	7.8	16.5	7	17.7	61.37	99578.23	12	719.27	0	0.01	36.75	36.55	36.75
13.5	79.4	10	14	530	0	1012.3	7.8	17.1	7	18.4	60.27	99578.07	40.23	683.63	0	0.01	47.45	46.05	47.45
13.4	81	9	14	521	0	1012.2	7.9	17.7	8	18.2	60.47	99577.25	49.2	670.7	0	0.01	34.52	34.32	34.52
13.2	81.5	6	9	519	0	1012.3	7.9	18.6	8	18	60.97	99577.92	11.8	673.2	0	0.01	39.08	38.42	39.08
13.2	80.7	9	18	518	0	1012.3	7.9	18.3	8	18.07	61.25	99578.23	12.32	657.25	0	0.01	41.58	40.88	41.58
13.2	80.4	13	19	511	0	1012.4	8	19.4	8	16.83	62.82	99579.1	2.78	691.75	0	0.01	37.88	37.88	37.88
13	81.3	8	15	523	0	1012.3	8	19.4	8	16.72	63.72	99579.8	4.3	709.68	0	0.01	43.65	42.27	43.65
13	81.5	11	15	528	0	1012.4	7.8	15.6	8	16.7	63.84	99460.39	12.2	673.22	0	0.01	44.2	41.71	44.2
13.4	81.1	7	16	535	0	1012.4	7.6	12.9	8	16.72	64.32	99582.75	11.95	707.82	0	0.01	41.92	41.52	41.92
13.7	80	10	12	543	0	1012.4	7.5	11.8	8	17.45	63.82	99583.88	35.85	702.18	0	0.01	40.42	40.22	40.42
14	80	6	17	554	0	1012.4	7.5	10.4	8	18.45	61.48	99585.23	110.52	682.92	0	0.01	39.45	38.98	39.45
14.4	77.8	21	14	551	0	1012.5	7.4	9.6	8	19.62	59.45	99587.03	170.75	696.55	0	0.01	41.68	41.15	41.68
14.6	75.9	19	8	554	0	1012.5	7.3	8.6	8	19.67	58.28	99588.38	161.42	682.5	0	0.01	40.6	40.33	40.6
14.6	75.1	4	8	553	0	1012.3	7.4	10.1	7	19.67	57.15	99589.48	170.22	683.07	0	0.01	39.8	39.8	39.8
15.2	75	1	44	563	0	1011.3	7.3	7.9	5	19.67	57.08	99590.62	182.33	665.17	0	0.01	34.85	34.85	34.85
20.1	53.9	11	0	562	0	1013.2	8	19.4	1	23.92	48.58	99585.22	3.57	683.95	0	0.01	36.91	36.48	36.91
19.3	56.8	9	0	543	0	1013.3	8	19.4	1	22.9	49.87	99596.7	5.85	802.87	0	0.01	32.95	32.6	32.95
18.5	58.9	5	0	538	0	1013.3	8	19.4	3	21.63	51.13	99606.37	4.42	634.79	0	0.01	36.75	36.63	36.75
17.9	61.1	19	0	530	0	1013.3	8	19.4	5	21.48	51.26	98892.4	10.44	665.42	0	0.01	38.31	38.31	38.31
17.7	61.6	15	1	504	0	1013.3	8	19.4	5	20.73	52.62	99626.42	7.78	647.6	0	0.01	34.83	34.83	34.83
17.2	63.7	22	0	503	0	1013.3	8	19.4	5	20.65	53.1	99633.88	12.98	672.4	0	0.01	39.7	39.7	39.7
16.9	64.6	14	0	500	0	1013.4	8	19.4	4	20.65	53.1	99641.55	37.92	637.4	0	0.01	41.3	41.3	41.3
16.8	65.9	5	46	498	0	1013.4	7.8	15.6	4	20.56	53.85	99227.38	29.47	684.7	0	0.01	38.71	37.33	38.71
16.8	65.3	17	78	507	0	1013.4	7.8	16.1	5	21.22	53.18	99654.63	99.97	675.87	0	0.01	49.6	49.6	49.6
16.9	64.7	10	33	511	0	1013.4	7.8	17.1	4	21.63	53.1	99659.92	136.7	665.02	0	0.01	45.55	45.55	45.55
16.9	64.5	12	22	515	0	1013.4	7.9	17.8	4	21.63	53.1	99665.18	118.8	671.45	0	0.01	43.92	43.12	43.92
16.6	65.5	7	4	517	0	1013.4	7.9	18.1	4	21.63	53.1	99668.15	118.05	658.88	0	0.01	43.9	43.9	43.9
16.6	65.9	7	1067	511	0	1013.4	7.9	18.2	4	21.63	52.7	99671.48	166.81	645.64	0	0.01	44.5	43.9	44.5
16.2	67.3	11	127	501	0	1013.4	8	19.1	4	21.12	52.75	99674.05	75.12	689.81	0	0.01	37.97	37.97	37.97
15.8	69.5	25	51	504	0	1013.4	8	19.4	7	19.98	54.75	99675.92	6.5	637.72	0	0.01	41.37	40.37	41.37
15.6	73.5	11	26	501	0	1013.4	7.9	16.8	5	19.58	55.54	99255.33	2.08	654.82	0	0.01	42.9	41.83	42.9
15.6	70.8	16	11	501	0	1013.4	7.9	18.3	6	19.67	57.73	99679.23	3.65	660.18	0	0.01	41	41	41
15.4	71.9	27	12	509	0	1013.4	7.8	16.7	8	19.41	57.12	98387.71	5.67	631.43	0	0.01	39.85	39.85	39.85
15.3	74.6	22	5	510	0	1013.4	7.8	15.3	6	19.67	57.87	99680.93	10.67	710	0	0.01	41.92	39.82	41.92
15.5	71.8	18	0	509	0	1013.3	7.9	17.4	6	19.67	58.02	99681.3	5.27	702.68	0	0.01	42.18	40.58	42.18
15.6	71.8	11	0	511	0	1013.3	7.9	17.8	5	20.03	57.25	99680.5	88.97	684.65	0	0.01	38.85	38.12	38.85
15.4	72.4	10	0	512	0	1013.3	8	18.4	5	20.65	57.03	99680.5	204.95	668.25	0	0.01	37.27	35.3	37.27
15.4	72.8	19	0	506	0	1013.4	8	18.6	6	20.68	56.5	99680.5	234.15	645.58	0	0.01	43.7	43.2	43.7
15.3	73.4	11	0	503	0	1013.4	8	18.4	5	21.63	55.23	99680.5	210.57	638.42	0	0.01	42.42	42.42	42.42
15.4	74.1	11	1	496	0	1013.3	8	18.6	5	21.63	55.07	99680.5	316.8	679.12	0	0.01	42.28	41.35	42.28
15.3	74.9	12	2	493	0	1013.5	7.9	17.3	5	21.63	55.07	99680.5	168.8	615.62	0	0.01	39.83	39.83	39.83
15.2	74.5	15	5	494	0	1013.5	8	18.4	6	20.73	55.07	99681.77	76.43	723.82	0	0.01	31.47	31.47	31.47
15.2	74.5	16	10	499	0	1013.5	8	18.8	6	20.65	55.95	99683.43	48.45	619.52	0	0.01	44.88	44.48	44.88
15.2	74.1	25	11	502	0	1013.4	7.9	17.4	8	20.65	56.05	99684.43	26.36	678.45	0	0.01	47.83	47.83	47.83
15.3	73.5	17	7	506	0	1013.4	8	19.2	6	20.65	56.05	99685.35	14.27	697.45	0	0.01	48.55	46.71	48.55
15.1	73.7	21	7	508	0	1013.3	8	19.4	6	20.65	56.05	99684.72	0.98	749.5	0	0.01	47.88	47.2	47.88
15.1	74.6	12	8	511	0	1013.3	7.9	17.4	5	20.27	56.05	99684.43	10.45	695.71	0	0.01	47.2	47.2	47.2
15.2	74.1	10	13	510	0	1013.3	7.9	18	5	19.67	56.45	99683.6	27.35	660.1	0	0.01	45.67	45.67	45.67
15.3	73.7	10	9	510	0	1013.3	7.9	17.8	5	20.2	56.41	99562.61	63.42	672.75	0	0.01	42.05	40.95	42.05
15.3	74.4	16	6	509	0	1013.3	7.9	17.3	6	21.38	55.32	99682.13	150.22	665.88	0	0.01	49.38	48.18	49.38
15.4	73.7	12	3	506	0	1013.3	7.8	16.7	5	21.63	55.07	99681.48	221.72	646.25	0	0.01	51.13	50.48	51.13
15.6	73.1	11	2	497	0	1013.4	7.9	17.2	5	21.63	55.07	99681.48	354.65	675.15	0	0.01	51.13	48.18	51.13
15.8	71.2	17	1	492	0	1013.4	7.8	16.2	6	21.95	54.75	99682.2	287	651.88	0	0.01	52.62	50.87	52.62
15.7	71	14	2	489	0	1013.4	7.9	17.7	5	22.28	52.53	98204.12	176.2	632.02	0	0.01	52.02	51.67	52.02
15.8	71.1	22	36	491	0	1013.4	7.9	17.7	6	21.82	52.41	98390.97	144.05	653.05	0	0.01	55.07	53.87	55.07
15.7	70.9	20	4	493	0	1013.4	7.9	18.9	6	20.7	54.75	99683.92	95.06	644.55	0	0.01	42.57	41.67	42.57
15.4	72.5	24	2	503	0	1013.4	8	19.4	6	19.03	56.86	98634.16	6.88	623.95	0	0.01	44.87	43.37	44.87
15.3	72.8	39	0	509	0	1013.4	7.9	17.9	8	18.56	57.91	99016.47	20.28	673.88	0	0.01	45.23	43.15	45.23
15.1	73.5	16	2	510	0	1013.4	8	19.4	6	19	58.2	99683.58	10.22	700.38	0	0.01	47.72	47.72	47.72
15.1	73.9	53	3	510	0	1013.4	8	19.4	10	19.43	59	99683.45	43.38	727.98	0	0.01	44.25	44.25	44.25
15.2	73.8	29	22	523	0	1013.3	7.8	16.2	8	18.68	59	99683.45	14.77	703.45	0	0.01	47.3	46.5	47.3
15	74.1	42	8	520	0	1013.4	7.8	17.1	8	19.48	57.8	99683.45	76.3	666.78	0	0.01	42.4	41.6	42.4
15.1	73.3	18	1	520	0	1013.4	8	18.8	6	20.65	56.72	99683.77	175.4	669.25	0	0.01	46.72	45.92	46.72
15.3	72.7	10	0	515	0	1013.5	7.9	18.6	5	20.65	56.05	99685.43	236.98	649.18	0	0.01	48.72	46.62	48.72
15.5	71.8	14	1	510	0	1013.5	7.9	17.5	5	21.13	55.72	99686.88	287	657.2	0	0.01	45.35	43.85	45.35
15.5	71.9	8	0	492	0	1013.5	7.8	17.1	5	21.63	55.52	99688.05	350.2	687.6	0	0.01	43.02	43.02	43.02
15.4	73	19	2	490	0	1013.5	7.9	17.5	6	21.38	54.63	99690.03	164.47	620.53	0	0.01	51.53	50.78	51.53
15.5	71.8	26	0	483	0	1013.6	8	19.4	8	20.62	55.1	99691.67	85.03	648.33	0	0.01	49.67	49.15	49.67
15.3	72.1	32	11	489	0	1013.5	7.6	13.5	8	19.6	56.2	99356.66	53.58	706.18	0	0.01	51.02	49.95	51.02
15.1	73.1	45	13	492	0	1013.7	7.7	14.6	8	18.8	57.9	99696.45	15.92	733.78	0	0.01	43.42	43.08	43.42
14.8	74.6	38	7	496	0	1013.7	7.9	17.1	10	18.4	59.3	99698.23	0	706	0	0.01	44.13	42.62	44.13
14.8	74.9	40	14	498	0	1013.7	7.8	16.4	10	18.3	60.37	99701	12.13	670.47	0	0.01	41.53	39.95	41.53
14.7	75.3	96	12	502	0	1013.7	7.9	17	10	18.68	60.6	99703	12.37	669.22	0	0.01	40.7	39.97	40.7
14.6	76.4	126	11	500	0	1013.7	7.9	17	10	17.72	61.53	99706.37	22.6	734.85	0	0.01	46.5	44.57	46.5
14.7	75.3	57	9	501	0	1013.8	7.9	17	10	17.7	61.95	99709	8.83	616.3	0	0.01	42.6	40.63	42.6
14.6	75.7	79	18	501	0	1013.8	7.9	17.5	10	17.7	63.15	99711.2	7.17	691.87	0	0.01	38.37	36.93	38.37
14.6	75.3	113	25	498	0	1013.8	7.9	17.8	10	17.21	63.77	99491.02	4.58	652.17	0	0.01	43.07	41.87	43.07
14.3	76.8	81	13	495	0	1013.9	8	18.7	10	17.14	60.95	96580.95	15.32	735.57	0	0.01	42.86	42.86	42.86
14.4	77	99	9	500	0	1013.9	7.9	17.2	10	17.7	62.93	99721.08	38.17	687.18	0	0.01	52.47	50.97	52.47
14.5	76.7	92	5	501	0	1014	7.9	17.1	10	17.97	62.67	99723.72	43.32	696.78	0	0.01	46.23	43.87	46.23
14.6	77.8	60	5	501	0	1013.9	7.8	16.3	10	18.08	62.55	99726.1	90.85	676.52	0	0.01	44.75	42.28	44.75
14.8	75.4	19	2	511	0	1014.1	7.9	17.8	8	19.12	61.08	99729.87	339.58	700.58	0	0.01	49.12	48.12	49.12
15.2	73.7	6	0	508	0	1014	7.8	15.6	5	19.75	59.9	99734.02	415.97	687.4	0	0.01	48.47	47.85	48.47
15.2	74.1	15	1	502	0	1014.1	7.7	13.8	6	20.65	58.97	99739.02	316.8	671.33	0	0.01	52.93	50.45	52.93
15.4	73.1	6	0	499	0	1014.1	7.8	15.4	5	20.65	58.02	99743.5	281.12	693.4	0	0.01	40.02	39.28	40.02
15.4	73.2	24	1	495	0	1014.1	7.7	13.8	6	20.45	58.02	99746.33	344.68	721.5	0	0.01	40.18	39.98	40.18
15.5	72.3	24	1	482	0	1014.2	7.7	15.1	6	19.67	58.02	99748.7	206.8	676.7	0	0.01	47.52	46.88	47.52
15.4	73.9	20	0	486	0	1014	7.8	15.3	6	19.67	58.02	99749.33	114.27	678.9	0	0.01	41.28	41.28	41.28
15.3	73.2	18	3	487	0	1014.1	8	19.4	6	18.98	58.7	99749.33	101.38	705.23	0	0.01	41.72	41.32	41.72
14.9	73.9	23	11	488	0	1014	8	19.3	8	18.67	59.83	99691.03	52.45	714	0	0.01	41.16	41.16	41.16
14.9	74.1	55	6	490	0	1014	7.9	17.3	10	18.33	60.94	99562.24	54.68	675.95	0	0.01	46.87	46.59	46.87
15	73.6	18	19	499	0	1014.1	7.8	17.1	6	17.69	61.91	99692.67	65.85	699.58	0	0.01	54.05	53.07	54.05
14.9	74.4	20	29	502	0	1014.1	8	19.4	8	17.67	61.83	99563.44	44.05	641.2	0	0.01	42.83	42.83	42.83
14.7	75.2	14	26	510	0	1014	7.9	18.5	7	17.7	62.12	99751.3	11.82	643.37	0	0.01	47.08	46.42	47.08
14.6	76	36	13	514	0	1014	8	19.4	10	17.7	63.35	99751.3	11.85	669.53	0	0.01	45.8	45.22	45.8
14.7	75.8	56	20	513	0	1014	8	19.4	10	17.17	64.45	99751.83	17.82	642.9	0	0.01	51.13	50.15	51.13
14.5	77.1	107	42	509	0	1014.1	8	19.4	10	17.3	64.32	99752.87	121.87	682.35	0	0.01	46.4	46.4	46.4
14.4	78	33	136	506	0	1014.2	7.7	14.8	10	17.7	63.92	99753.9	137.95	651.89	0	0.01	46.07	46.07	46.07
14.5	76.8	32	40	502	0	1014.3	7.7	14.7	10	17.7	63.92	99755.9	45.93	723.65	0	0.01	48.07	47.27	48.07
14.4	75.9	44	22	497	0	1014.2	7.7	15.2	10	17.43	64.18	99758.2	22.7	700.35	0	0.01	46.67	46.67	46.67
14.5	75.7	22	51	497	0	1014.3	7.8	16.8	8	16.72	64.9	99760.6	10.68	632.48	0	0.01	45.23	45.23	45.23
14.5	76.9	44	21	496	0	1014.3	7.7	14.4	10	17.25	65.3	99763.53	12.68	678.88	0	0.01	46.57	46.57	46.57
14.6	75.1	18	11	501	0	1014.4	7.7	14.6	8	18.02	63.27	99767.27	89.27	666.82	0	0.01	45.97	45.97	45.97
14.8	74.3	9	7	496	0	1014.4	7.7	13.9	7	18.68	61.93	99771	207.9	682.65	0	0.01	46.87	46.47	46.87
14.9	73.8	14	7	497	0	1014.5	7.7	14.9	7	19.3	60.97	99774.45	251.98	665.48	0	0.01	51.57	51	51.57
14.9	74.2	22	5	501	0	1014.4	7.6	13.4	8	19.67	60.1	99778.08	394.72	699.05	0	0.01	55.07	53.1	55.07
15	74	11	6	503	0	1014.5	7.7	13.8	5	19.67	59.98	99780.5	444.02	683.38	0	0.01	54.73	53.2	54.73
14.9	74.2	21	7	497	0	1014.6	7.6	12.3	8	19.67	59.95	99783.27	235.05	698.55	0	0.01	38.07	37.97	38.07
20.5	49.1	9	0	826	0	1021	8	19.4	2	25.57	44.58	100349.47	6.65	769.77	0	0.01	13.73	13.73	13.73
19.2	51.9	5	0	756	0	1021	8	19.4	1	24.63	44.42	100361.4	18.93	677.57	0	0.01	16.57	16.07	16.57
18.4	54.5	7	0	675	0	1021	8	19.4	3	22.85	45.23	100372.37	2.41	632.4	0	0.01	20.05	19.35	20.05
17.6	56.8	10	0	595	0	1021	8	19.2	3	22.02	46.37	100384.23	8.02	649.53	0	0.01	15.78	15.78	15.78
17.1	57.4	9	0	515	0	1021	8	19.4	3	21.25	47.58	100393.77	4.37	649.38	0	0.01	14.2	14.2	14.2
16.4	60.2	4	0	505	0	1021	8	19.4	4	20.25	48.58	100402.43	3.17	648.18	0	0.01	13.17	13.17	13.17
16.1	60.8	1	0	506	0	1021.1	7.9	17.9	4	19.48	50.13	100410.08	2.73	650.08	0	0.01	14.13	14.13	14.13
15.6	62.5	31	0	510	0	1021.2	8	19.4	7	19.38	50.83	100416.08	19.53	641.68	0	0.01	16.23	16.23	16.23
15.5	64.2	8	3	512	0	1021.2	7.9	17.7	4	20.18	50.15	100423.52	41.37	650.82	0	0.01	12.1	11.7	12.1
15.8	63.3	1	5	507	0	1021.2	7.9	17	4	19.83	48.17	96455.17	159.97	650.55	0	0.01	9.88	9.88	9.88
16.4	60.6	10	0	507	0	1021.1	7.8	17.1	4	21.56	49	100093.32	187.18	653.25	0	0.01	13.2	13.2	13.2
16.8	58.6	2	3	506	0	1021.1	7.8	17	3	21.21	48.21	98490.86	156.68	620.72	0	0.01	12.67	12.67	12.67
16.6	60.9	17	6	501	0	1021.2	7.7	14.2	5	21.63	48.62	100439.48	140	652.1	0	0.01	7.62	7.62	7.62
16.5	60.2	77	3	494	0	1021	7.6	13.6	9	21.63	48.18	100441.82	119.7	658.77	0	0.01	14.32	14.32	14.32
15.7	66.1	17	3	498	0	1021.1	7.7	14	5	21.85	48.18	100443.78	109.3	686.85	0	0.01	16.35	15.95	16.35
15.4	64.9	113	1	504	0	1021	7.8	15.3	9	22.56	48.06	100182.63	82.17	700.58	0	0.01	18.63	18.63	18.63
15.5	64.2	59	5	511	0	1021	7.9	16.8	9	21.63	48.18	100445.53	38.02	736.37	0	0.01	24.58	24.58	24.58
15.1	67	120	0	515	0	1021	7.8	15.1	9	20.67	49.15	100445.53	9.02	647.07	0	0.01	14.92	14.92	14.92
15	66	9	0	518	0	1021	7.8	15.7	4	20.37	50.05	100445.53	4.29	688.88	0	0.01	13.97	13.97	13.97
14.6	68.1	4	0	526	0	1020.9	8	18.5	6	19.67	50.62	100445.53	4.6	715.22	0	0.01	23.4	23.4	23.4
14.7	68.8	4	2	519	0	1021	7.8	15.7	6	19.67	51.13	100444.57	80.07	690.35	0	0.01	17.95	16.75	17.95
15.1	67.9	8	4	514	0	1020.9	7.7	13.7	4	20.03	51.13	100443.2	409.23	705.25	0	0.01	8.85	8.85	8.85
15.2	68	3	4	510	0	1021	7.6	11.8	4	20.7	51.08	100442.53	442.75	674	0	0.01	9.38	9.38	9.38
15.3	68.2	6	2	509	0	1021	7.6	11.8	4	21.63	50.15	100441.6	459.1	647.33	0	0.01	12.88	12.48	12.88
15.7	65.6	8	0	504	0	1020.9	7.7	13.4	4	21.63	50.15	100441.6	480.75	654.18	0	0.01	8.88	8.88	8.88
15.5	64.2	12	0	505	0	1021	7.9	18.2	4	22.3	50.15	100441.6	495.48	645.05	0	0.01	12.78	12.78	12.78
14.9	66.1	95	0	504	0	1021.1	8	19.4	10	21.87	49.4	100442.02	205.83	666.83	0	0.01	17.28	17.28	17.28
15	68.1	136	2	505	0	1021	7.7	14	9	20.87	49.57	100442.95	54.93	611.5	0	0.01	20.68	20.28	20.68
15.1	65.9	47	1	510	0	1021.1	7.9	17.6	7	20.65	50.05	100444.05	21.37	666.63	0	0.01	18.85	18.85	18.85
15.1	65.5	21	2	512	0	1021	7.8	16.1	5	20.65	50.15	100444.55	5.03	662.6	0	0.01	24.42	24.42	24.42
14.8	66.1	88	0	514	0	1021	7.9	17.6	10	20.1	50.27	100444.55	3.7	680.45	0	0.01	22.42	22.3	22.42
15.1	65.2	9	5	517	0	1021	7.8	16.1	4	19.67	51.13	100444.55	6.93	669.88	0	0.01	19.95	19.67	19.95
15.2	67.2	56	2	520	0	1021	7.7	14.1	9	19.67	51.13	100444.55	21.7	674.67	0	0.01	18.87	18.55	18.87
16.4	60.6	9	0	517	0	1020.9	7.7	15.1	4	19.73	51.13	100443.65	34.27	628.77	0	0.01	17.13	17.05	17.13
17.1	58.2	5	1	515	0	1020.9	7.6	15.8	3	20.65	50.48	100443.32	171.95	668.78	0	0.01	5.88	5.88	5.88
17.4	57.1	1	0	511	0	1020.9	7.6	15.1	3	20.65	50.15	100442.58	217.72	674.52	0	0.01	7.95	7.95	7.95
17.2	58.2	15	0	508	0	1020.9	7.6	14.9	4	20.75	49.11	100319.88	351.12	674.75	0	0.01	5.89	5.89	5.89
17.1	58.1	12	5	505	0	1020.9	7.6	15.8	3	21.56	49	100100.06	405.05	684.02	0	0.01	6.52	6.52	6.52
16.6	59.5	12	3	500	0	1020.8	7.6	15.3	3	21.63	48.78	100439.25	383.02	642.43	0	0.01	11.57	11.57	11.57
16.2	60.1	24	19	503	0	1020.8	7.8	17.2	5	21.63	48.18	100438.08	197.78	653.3	0	0.01	22.37	22.37	22.37
15.6	62.5	4	11	504	0	1020.9	7.8	17.9	4	21.22	48.6	100437.23	66.2	606.9	0	0.01	23.5	23.5	23.5
15.3	63.1	10	15	506	0	1020.8	7.9	19	4	20.65	49.17	100435.7	36.87	703.23	0	0.01	13.77	13.77	13.77
15.2	64.1	11	9	508	0	1020.8	7.9	18.4	4	20.1	49.72	100435	52.05	653.45	0	0.01	15.12	15.12	15.12
14.8	64.9	3	14	514	0	1020.8	7.9	18.6	6	19.67	50.15	100433.63	10.78	638.15	0	0.01	16.22	16.22	16.22
14.7	65.6	5	77	514	0	1020.8	8	19.4	6	19.67	50.23	100431.3	2.82	645.87	0	0.01	13.18	13.18	13.18
14.9	64.7	68	44	511	0	1020.7	8	19.4	10	19.67	51.13	100429.57	19.15	630.87	0	0.01	12.78	12.78	12.78
15.3	63.5	1	12	507	0	1020.7	8	19.4	4	18.85	51.55	100428	16	697.58	0	0.01	11.15	11.15	11.15
15.4	62.7	1	5	503	0	1020.7	8	19.4	4	18.68	52.12	100426.63	0	685.22	0	0.01	12.02	12.02	12.02
15.6	63.3	1	3	500	0	1020.8	5	0.1	4	18.97	51.83	100425.28	26.44	665.75	0	0.01	15.15	14.58	15.15
15.9	61.3	2	11	494	0	1020.7	4.9	0.7	4	19.67	50.73	100423.82	81.93	677.52	0	0.01	13.98	13.35	13.98
16.1	60.9	1	1	494	0	1020.7	7.6	13.9	4	20.65	49.97	100422.73	238.69	646.11	0	0.01	12.73	12.73	12.73
16.2	60.4	149	0	489	0	1020.6	7.6	13.2	9	20.65	49.43	100421.67	183.16	642.05	0	0.01	11.15	11.15	11.15
15.8	62	2	4	489	0	1020.7	4.8	0.6	4	20.65	49.17	100420.57	99.6	700.27	0	0.01	11.8	11.42	11.8
15.5	62.9	14	3	490	0	1020.8	4.9	0.3	4	20.48	49.47	100419.27	78.19	615.85	0	0.01	16.07	15.65	16.07
15.5	63.1	3	13	490	0	1020.8	7.7	14	4	19.67	50.5	100418.23	51.48	643.58	0	0.01	20.42	20.42	20.42
15.4	63.3	13	12	491	0	1020.8	7.6	12.9	4	19.17	51.23	100417.9	35.98	684.05	0	0.01	20.44	20.44	20.44
15.1	65.1	5	14	505	0	1020.7	4.9	0.9	4	18.68	52.27	100417.02	21.55	674.55	0	0.01	20.35	20.35	20.35
15.2	64	10	9	509	0	1020.7	5	0.5	4	18.45	53.33	100417.02	32.48	723.78	0	0.01	19.48	19.48	19.48
15.3	64.1	5	46	512	0	1020.7	5	0.1	4	17.98	54.08	100417.02	12.73	678.23	0	0.01	16.83	16.83	16.83
15.4	64.5	6	50	521	0	1020.9	5	0.9	4	18.68	53.22	100417.68	69.43	697.17	0	0.01	10.77	10.37	10.77
15.2	64.4	8	19	522	0	1020.8	4.9	0.5	4	19.72	52.07	100418.18	81.03	682.07	0	0.01	13.43	12.77	13.43
15.2	65.8	6	13	516	0	1020.8	5	0.7	4	20.65	50.17	100419.15	106.53	625.87	0	0.01	10.83	10.83	10.83
15.6	63.1	113	10	514	0	1020.9	4.8	0.5	9	20.12	48.88	97866.92	43.53	647.72	0	0.01	12.7	12.55	12.7
15.6	62.6	104	8	508	0	1020.9	4.9	0.7	9	20.65	49.75	100420.77	21.03	660.88	0	0.01	15.3	15.12	15.3
15.9	61.5	1	4	497	0	1020.8	7.8	16.7	4	21.63	49.17	100421.93	25	592.27	0	0.01	12.52	12.52	12.52
15.8	61.3	4	0	493	0	1021	7.7	14.3	4	20.87	48.97	100422.3	10.17	639.23	0	0.01	13.35	13.35	13.35
16.1	61.3	12	1	495	0	1021	7.7	14.1	4	20.65	48.22	100423.93	21.1	658.58	0	0.01	14.18	14.18	14.18
16.2	60.1	3	0	490	0	1021	7.6	14.3	4	20.82	48.95	100426.8	347.27	656.35	0	0.01	17.18	17.18	17.18
16	60.2	2	0	487	0	1021	7.8	17.1	4	21.61	48.42	100338.95	621.65	624.37	0	0.01	13.33	13.33	13.33
15.9	61.9	1	0	483	0	1021	7.7	15.3	4	22.51	48.11	100276.62	453.18	635.03	0	0.01	16.69	16.69	16.69
15.9	62.6	1	0	478	0	1021	7.7	14.2	4	20.98	48.18	100433.65	215.3	629.73	0	0.01	12.57	12.57	12.57
15.9	63.4	55	3	469	0	1020.8	7.7	13.8	9	21.28	48.18	100435.15	475.7	612.13	0	0.01	10.9	10.9	10.9
15.7	62.9	28	6	472	0	1020.9	7.7	13.6	7	21.63	48.18	100435.7	380.4	626.55	0	0.01	11.8	11.8	11.8
15.4	63.5	18	14	474	0	1020.9	7.7	14.9	5	20.7	49.12	100434.17	131.53	588.38	0	0.01	15.73	15.73	15.73
15.3	63.4	42	14	478	0	1020.9	7.7	15.1	7	20.27	49.17	100432.95	51.92	642.1	0	0.01	17.9	16.72	17.9
15.4	63.4	3	19	488	0	1020.9	5	0.6	4	19.67	49.97	100432.75	9.65	671.7	0	0.01	20.1	19.72	20.1
15.3	63.9	2	19	492	0	1020.8	7.7	13.8	4	19.67	50.15	100432.75	0	668	0	0.01	15.73	15.73	15.73
15	65.1	6	18	493	0	1020.8	5	0.4	4	18.79	50.95	100310.3	24.24	685	0	0.01	14	14	14
15	66.2	1	28	498	0	1020.8	5	0.6	4	18.68	52.12	100431.18	16.45	637.5	0	0.01	16.6	16.6	16.6
15.1	66.7	4	22	501	0	1020.8	5.1	0.4	4	18.68	52.42	100430.48	22.85	663.77	0	0.01	17.63	16.83	17.63
15	66.5	9	18	502	0	1020.9	7.8	15.2	4	18.77	52.82	100429.52	24.5	658.93	0	0.01	14.48	14.4	14.48
14.9	66	3	16	501	0	1020.9	7.8	15.2	6	19.67	52.12	100428.82	39.13	700.13	0	0.01	15.82	15.1	15.82
14.9	66.8	11	14	500	0	1021	7.9	16.4	6	19.67	52.12	100428.57	56.85	682.07	0	0.01	17.83	17.83	17.83
14.9	66.6	1	15	499	0	1020.9	7.8	15.5	6	18.83	52.92	100427.83	18.12	660.5	0	0.01	15.67	15.67	15.67
15.2	66.1	12	19	500	0	1020.9	7.8	15.5	4	19.23	52.12	100428.38	4.81	673.11	0	0.01	9.57	9.57	9.57
15.5	64.9	2	21	501	0	1020.9	4.9	0.4	4	19.67	51.35	100428.42	7.74	640.85	0	0.01	10.83	10.83	10.83
15.6	66	10	23	502	0	1020.8	7.9	16.7	4	20.62	50.58	100428.82	46.22	685.28	0	0.01	12.98	12.98	12.98
15.8	65.5	7	25	502	0	1020.9	4.8	0.4	4	21.12	50.15	100428.82	250.46	758.46	0	0.01	24.58	24.58	24.58
16	63.9	9	21	504	0	1020.8	4.8	0.4	4	21.63	49.33	100428.82	407.47	688.95	0	0.01	21.83	21.43	21.83
16.1	64.4	7	24	512	0	1020.8	4.7	0.8	4	22.17	49.17	100429.35	550.2	673.38	0	0.01	23.93	23.67	23.93
16	62.8	33	20	510	0	1020.8	4.9	0.3	7	22.62	49.17	100429.8	775.1	647.85	0	0.01	21.17	20.63	21.17
16.2	65.8	4	58	527	0	1019.8	4.5	0.5	4	22.62	48.3	100430.67	874.63	649.78	0	0.01	20.5	20.5	20.5
16.8	64.9	10	207	587	0	1019.6	4.4	0.3	4	22.62	48.18	100429.75	526.35	694.95	0	0.01	17.43	17.43	17.43
21.2	52.2	7	0	810	0	1020	8	19.4	2	26.42	44.25	100251.68	90.82	684.02	0	0.01	20.9	20.5	20.9
20.6	54	3	0	715	0	1020.1	8	19.1	1	25.57	44.25	100264.23	30.1	579.55	0	0.01	25.4	25.4	25.4
19.9	55.9	5	0	626	0	1020.1	8	19.4	1	25.07	44.75	100275.5	8.27	603.38	0	0.01	21.29	21.29	21.29
19	58.8	4	0	529	0	1020.2	8	19.4	1	24.39	46.29	100164.16	4.82	562.32	0	0.01	21.77	21.77	21.77
18.5	60.4	2	30	466	0	1020.1	8	19.4	4	23.6	47.37	100296.82	131.52	597.15	0	0.01	23.95	23.95	23.95
18.4	61.1	1	86	464	0	1020.1	8	19.4	4	23.2	48.12	100181.25	30.23	582	0	0.01	27.73	27.71	27.73
18.2	61.7	2	7	465	0	1020	8	19.4	4	22.62	48.78	100311.63	8.71	619.63	0	0.01	23.48	23.1	23.48
17.8	63.2	4	0	465	0	1020.1	8	19.4	4	22.62	49.32	100316.5	0	600.95	0	0.01	21.18	21.18	21.18
17.4	64.7	1	0	461	0	1020.1	8	19.4	4	22.45	50.15	100322.67	18.61	608.2	0	0.01	22.34	22.34	22.34
17.5	65	12	31	459	0	1020.1	7.8	16.3	4	21.63	50.27	100326.45	3.38	576.68	0	0.01	19.38	19.38	19.38
17.5	65.4	7	9	457	0	1020.1	7.8	16.9	4	21.88	50.58	99904.4	16.25	597.75	0	0.01	24.15	24.15	24.15
18.1	62	5	0	455	0	1020.1	8	19.4	4	22.62	50.15	100333.02	38.37	597.7	0	0.01	25.67	24.63	25.67
18.1	62.2	3	0	452	0	1020.1	8	19.4	4	22.62	50.15	100334.95	14.17	582.17	0	0.01	26.07	24.77	26.07
17.9	62.6	4	0	457	0	1020.1	8	19.4	4	22.62	50.15	100336.88	41.73	621.97	0	0.01	23.03	23.03	23.03
17.5	64.2	2	2	455	0	1020.1	7.8	15.8	4	22.62	50.15	100338.35	286.17	620.63	0	0.01	21.63	21.63	21.63
16.5	69	5	10	457	0	1020.1	7.7	13.7	4	22.62	50.3	100339.85	107.05	617.38	0	0.01	21.68	21.68	21.68
16	71.1	5	15	463	0	1020.1	7.7	12.5	5	22.32	51.17	100341.12	41.48	644.58	0	0.01	25.28	25.28	25.28
15.9	71.7	7	19	471	0	1020.1	7.7	13.1	5	21.63	52.12	100341.3	22.48	591.1	0	0.01	20.4	20.4	20.4
15.7	71.9	7	16	475	0	1020	7.8	14.7	5	21.63	52.12	100341.3	7.22	659.1	0	0.01	22.8	22.4	22.8
16	70.7	3	16	479	0	1020	7.8	15.5	5	21.63	52.55	100340.32	10.42	668.62	0	0.01	21.63	20.65	21.63
15.7	73	11	13	482	0	1019.9	7.8	14.3	5	20.67	53.08	100339.78	12.22	656.85	0	0.01	67.47	63.05	67.47
15.6	73.3	7	14	478	0	1019.8	7.9	15.5	5	21.33	53.47	100338.33	3.47	541.93	0	0.01	26.9	26.9	26.9
15.8	72	9	8	476	0	1019.8	7.9	15.9	5	21.63	53.1	100336.43	3.5	600.03	0	0.01	22.53	22.53	22.53
16	71.5	11	5	473	0	1019.8	7.8	14.9	5	21.63	52.42	100334.43	43.85	587.7	0	0.01	19.42	19.42	19.42
16.2	71.5	1	10	465	0	1019.8	7.6	11.9	5	22.37	52.12	100332.97	116.08	599.43	0	0.01	20.65	20.65	20.65
16.3	72	4	9	460	0	1019.9	7.6	11	5	22.62	52.12	100331.68	148.35	595.62	0	0.01	23.05	22.25	23.05
16.6	69.9	6	20	456	0	1019.8	7.6	11	4	22.62	52.12	100330.48	178.65	550.57	0	0.01	57.78	57.78	57.78
16.3	69.7	11	5	456	0	1020	7.8	15.1	4	22.62	51.72	100330.48	121.38	576.4	0	0.01	33.6	33.6	33.6
16	70.9	7	2	456	0	1019.9	7.9	15.5	5	22.62	51.25	100330.68	96.45	571.4	0	0.01	25.07	24.87	25.07
15.8	72.2	1	17	462	0	1019.9	7.8	14	5	22.23	51.92	100331.47	125.17	625.52	0	0.01	28.32	26.55	28.32
15.9	71.2	3	14	469	0	1019.9	7.9	15.6	5	21.63	52.12	100331.47	104.85	584.17	0	0.01	24.05	22.88	24.05
15.8	71.7	6	12	474	0	1019.9	7.8	15.4	5	21.61	52.07	100241.96	87.32	618.67	0	0.01	24.17	22.87	24.17
15.7	72.3	6	9	480	0	1019.8	7.9	15.6	5	21.51	51.82	99763.24	97.05	633.27	0	0.01	18.3	18.3	18.3
15.9	71.4	2	14	484	0	1019.9	7.9	15.7	5	21.63	52.12	100329.02	126.4	661.35	0	0.01	24.32	24.2	24.32
16.1	70.4	3	11	490	0	1019.9	7.9	16.1	5	21.63	52.12	100327.85	124.87	649.65	0	0.01	17.38	16.4	17.38
16.1	70.4	7	3	483	0	1019.8	7.9	16.6	5	21.63	52.12	100326.95	118.82	598.8	0	0.01	21.52	20.85	21.52
16	70.7	5	1	477	0	1019.8	7.9	15.9	5	22.17	51.72	100326.02	110.48	595.85	0	0.01	26.58	26.58	26.58
16	70.8	4	8	470	0	1019.8	7.9	16.3	5	22.62	51.13	100324.85	116.44	604.55	0	0.01	30.72	30.72	30.72
15.6	71.9	12	2	469	0	1019.8	8	19.1	5	22.62	51.13	100324.15	60.34	578.87	0	0.01	24.35	24.35	24.35
15.6	72.4	7	5	463	0	1019.8	7.9	17.2	5	22.59	51.07	100201.88	3.28	614.65	0	0.01	32.41	32.41	32.41
15.8	71.4	1	10	463	0	1019.8	7.8	16.5	5	22.62	51.13	100322.62	22.08	622.64	0	0.01	32.48	32.32	32.48
15.6	72.9	12	18	473	0	1019.8	7.9	17.4	5	22.62	51.13	100322.62	88.32	673.97	0	0.01	26.88	26.08	26.88
15.9	71.2	4	11	479	0	1019.7	7.8	15.6	5	22.22	50.9	99471.62	65.52	598	0	0.01	23.68	23.18	23.68
15.7	72.7	2	7	484	0	1019.7	7.8	16.5	5	21.63	52.12	100320.4	54.9	584.83	0	0.01	20.12	20.12	20.12
15.7	71.9	4	16	482	0	1019.7	7.8	15.9	5	21.63	52.68	100318.97	110.03	655.97	0	0.01	15.45	15.45	15.45
15.6	72.4	6	14	492	0	1019.7	7.8	16.4	5	21.58	52.98	100093.13	94.5	657.58	0	0.01	19.48	19.48	19.48
15.7	72.3	4	15	489	0	1019.6	7.8	15.6	5	21.49	52.74	99643.16	65.27	596.42	0	0.01	25.75	25.48	25.75
15.7	73	12	30	493	0	1019.5	7.7	14.7	5	21.63	53.1	100313.28	66.3	630.1	0	0.01	18.74	18.68	18.74
15.8	72.1	6	21	493	0	1019.6	7.7	14.4	5	21.63	53.1	100311.52	97.52	623.86	0	0.01	23.25	23.25	23.25
15.7	72.5	5	11	496	0	1019.6	7.7	14.5	5	21.63	53.1	100309.52	57.92	731.76	0	0.01	26	26	26
15.7	71.9	3	12	487	0	1019.6	7.8	16.3	5	21.63	53.1	100308.42	50.88	655.53	0	0.01	24.22	24.22	24.22
15.8	71.3	1	8	485	0	1019.6	7.7	14.9	5	21.9	52.63	100306.62	74.28	602.6	0	0.01	28.28	28.08	28.28
16	73.2	4	8	475	0	1019.6	7.7	13.2	5	22.62	52.03	100305.82	80.65	586.3	0	0.01	28.82	28.82	28.82
16.4	69.5	10	5	468	0	1019.6	7.7	13.9	4	22.62	51.13	100304.92	70.65	611.33	0	0.01	32.58	32.58	32.58
16.8	67.6	5	0	463	0	1019.6	7.6	12.9	4	22.62	51.13	100304.92	77.46	618.98	0	0.01	28.03	28.03	28.03
16.1	70.8	5	0	468	0	1019.7	7.6	13.2	5	22.62	51.13	100304.55	84.95	634.35	0	0.01	26.43	26.43	26.43
15.9	71	1	6	467	0	1019.6	7.8	15.9	5	22.3	51.52	99453.9	19.42	556	0	0.01	24.8	24.8	24.8
16	70.8	3	5	469	0	1019.7	7.8	15.9	5	21.63	52.12	100303.93	0	591.43	0	0.01	29.62	29.62	29.62
15.8	72	5	7	474	0	1019.8	7.8	15.5	5	20.5	52.29	99003.18	3.85	579.06	0	0.01	23.4	23.4	23.4
15.5	73.7	10	38	481	0	1019.8	7.8	16.1	5	20.61	53.26	100115.04	45.73	535.89	0	0.01	22.17	21.97	22.17
15.6	72.7	4	35	479	0	1019.8	7.8	15.7	5	20.65	54.08	100303.93	59.75	622.8	0	0.01	22.62	22.62	22.62
15.7	71.9	1	26	483	0	1019.9	7.8	16.2	5	20.65	54.08	100304.43	31.38	681.57	0	0.01	25.78	25.78	25.78
15.5	73	15	28	486	0	1019.9	7.8	15.8	6	20.65	54.08	100306.15	23.7	619.48	0	0.01	25.48	25.48	25.48
15.7	72.4	2	51	490	0	1019.8	7.8	15.6	5	20.65	54.92	100307.72	34.2	593.1	0	0.01	20.72	20.72	20.72
15.6	73	14	26	490	0	1019.9	7.8	16.2	5	20.65	54.33	100309.47	71.87	621.03	0	0.01	23.23	22.25	23.23
15.7	72.5	8	23	489	0	1019.8	7.8	16.5	5	20.52	55.2	100310.6	15.13	633.07	0	0.01	23.07	22.22	23.07
15.4	73.5	8	27	485	0	1019.9	7.9	16.8	5	19.72	56.05	100312	4.4	700.25	0	0.01	24.07	24.07	24.07
15	74.7	3	23	481	0	1019.9	7.9	17.6	5	20.65	55.82	100313.77	9.2	673.02	0	0.01	31.67	30.4	31.67
15.1	75	1	11	473	0	1019.9	8	19.4	5	20	55.72	100314.42	7.26	666.93	0	0.01	31.27	29.67	31.27
15.1	75.1	8	5	469	0	1020	7.8	16.2	5	19.67	56.05	100315.35	5.89	635.23	0	0.01	21.57	21.57	21.57
15.4	73.8	7	3	473	0	1020	7.8	15.4	5	19.75	56.05	100315.82	37.78	658.95	0	0.01	19.35	19.35	19.35
15.6	72.8	5	3	470	0	1020	7.7	15	5	20.92	56.65	100317.58	139.42	635.05	0	0.01	27.22	27.22	27.22
15.6	72.7	3	1	467	0	1020	7.8	15.8	5	21.63	57.03	100319.98	300.55	613.17	0	0.01	27.1	27.1	27.1
15.7	72.5	9	0	465	0	1020	7.7	15.3	5	22.57	56.33	100322.58	380.15	589.83	0	0.01	33.3	32.1	33.3
15.5	72.9	9	0	462	0	1020	7.8	16.3	5	23.33	55.6	100324.82	445.27	602.53	0	0.01	30.63	30.63	30.63
15.2	73.9	1	0	458	0	1019.9	7.9	17.8	5	23.6	54.43	100326.55	447.6	614.23	0	0.01	25.57	25.57	25.57
15.1	75.4	1	2	460	0	1019.8	7.8	16.7	5	23.23	52.92	100326.85	265.63	592.25	0	0.01	26.25	25.65	26.25
14.9	75.7	12	9	469	0	1019.9	8	19.4	7	23.2	52.12	100326.15	227.9	572.98	0	0.01	21.05	21.05	21.05
14.9	75.7	2	17	476	0	1020	7.9	17.8	7	22.62	52.12	100325.35	226.47	619.78	0	0.01	27.42	27.42	27.42
14.9	75.7	5	25	479	0	1019.9	7.8	16.2	7	22.22	52.12	100324.58	252.1	599.12	0	0.01	25.85	25.05	25.85
14.8	76.5	13	15	485	0	1020	7.8	16.5	7	21.63	52.67	100324.58	200.62	679.53	0	0.01	19.77	19.7	19.77
14.6	77.3	3	17	487	0	1019.9	7.8	16.8	7	21.63	53.1	100324.58	194.47	649.22	0	0.01	25.17	25.17	25.17
14.6	77.5	3	19	484	0	1019.9	7.8	16.5	7	21.63	53.1	100324.58	162.28	616.38	0	0.01	29.27	29.27	29.27
14.6	77.6	2	15	480	0	1019.9	7.8	15.7	7	20.67	53.52	99595.83	100.32	570.58	0	0.01	31.67	31.67	31.67
14.7	77.1	9	14	478	0	1020	7.7	15.2	7	20.65	54.08	100324.58	100.82	635.28	0	0.01	26.83	26.83	26.83
14.6	77.9	5	22	476	0	1019.9	7.8	16.6	7	20.65	54.78	100323.88	96.02	584.75	0	0.01	29.5	29.5	29.5
14.6	77.4	9	20	474	0	1020	7.8	16.8	7	20.65	55.07	100323.62	97.15	616.03	0	0.01	32.52	32.5	32.52
14.5	77.6	8	11	475	0	1020.1	7.8	16.9	7	20.65	55.07	100324.78	77.52	644.9	0	0.01	27.52	27.13	27.52
14.5	77.8	8	15	480	0	1020.1	7.8	17	7	20.23	55.48	100325.57	50.3	665.68	0	0.01	28.48	28.07	28.48
14.3	78.3	5	19	485	0	1020	7.8	16.4	7	19.67	56.05	100326.53	72.7	643.22	0	0.01	29.72	29.2	29.72
14.6	77.4	7	18	486	0	1020	7.8	16	7	19.67	56.05	100327.65	64.28	685.52	0	0.01	41.53	39.33	41.53
14.7	77.8	17	16	488	0	1020	7.7	15	8	19.67	56.35	100329.55	101.75	671.82	0	0.01	33.6	32.23	33.6
15	76.9	5	18	491	0	1020.1	7.6	13.1	5	20.58	56.05	100331.07	197.73	659.07	0	0.01	29.68	29.55	29.68
15.3	75.3	2	15	495	0	1020	7.7	13.7	5	21.43	55.57	100143.7	209.8	631.5	0	0.01	31.91	31.91	31.91
15.4	75	10	17	496	0	1020.1	7.6	12.5	5	21.63	55.07	100334.43	214.67	637.65	0	0.01	30.57	30.52	30.57
15.5	73.9	6	15	495	0	1020.1	7.6	13.3	5	22.4	55.07	100335.73	198.3	622.85	0	0.01	29.93	29.72	29.93
