4.0 5.0 5.0 14:39:31
5.0 6.0 6.0 14:40:7
6.0 6.0 6.0 14:40:31
5.0 6.0 6.0 14:40:55
4.0 6.0 9.0 14:41:19
5.0 5.0 6.0 14:41:51
5.0 5.0 6.0 14:42:7
7.0 8.0 8.0 14:42:31
3.0 4.0 4.0 14:42:55
3.0 4.0 4.0 14:43:19
2.0 2.0 2.0 14:43:45
2.0 2.0 2.0 14:44:9
2.0 2.0 2.0 14:44:33
4.0 4.0 5.0 14:45:11
4.0 4.0 4.0 14:45:31
16.0 17.0 17.0 14:45:57
17.0 18.0 18.0 14:46:27
21.0 23.0 23.0 14:46:43
21.0 23.0 23.0 14:47:7
23.0 25.0 26.0 14:47:33
24.0 25.0 25.0 14:48:3
24.0 25.0 25.0 14:48:31
23.0 24.0 24.0 14:48:43
23.0 25.0 25.0 14:49:7
23.0 25.0 25.0 14:49:33
31.0 33.0 33.0 14:50:13
25.0 27.0 27.0 14:50:33
25.0 27.0 27.0 14:50:57
17.0 18.0 18.0 14:51:21
24.0 27.0 28.0 14:51:45
19.0 21.0 22.0 14:52:31
23.0 26.0 26.0 14:52:55
23.0 26.0 26.0 14:53:19
21.0 22.0 22.0 14:53:43
21.0 23.0 25.0 14:54:7
21.0 23.0 25.0 14:54:39
20.0 21.0 21.0 14:55:33
23.0 24.0 24.0 14:55:53
22.0 24.0 25.0 14:56:41
23.0 24.0 25.0 14:57:5
21.0 24.0 26.0 14:57:29
20.0 22.0 22.0 14:58:21
28.0 32.0 34.0 14:58:45
28.0 31.0 33.0 14:59:9
28.0 31.0 33.0 14:59:45
22.0 24.0 25.0 15:0:9
26.0 27.0 27.0 15:0:39
24.0 25.0 26.0 15:0:59
24.0 26.0 27.0 15:1:43
24.0 26.0 27.0 15:2:7
21.0 23.0 24.0 15:2:31
33.0 35.0 35.0 15:2:55
19.0 20.0 20.0 15:3:41
19.0 21.0 21.0 15:4:7
19.0 21.0 21.0 15:4:31
18.0 19.0 19.0 15:5:5
31.0 33.0 33.0 15:5:29
20.0 21.0 21.0 15:5:57
26.0 28.0 28.0 15:6:17
20.0 21.0 21.0 15:6:41
23.0 25.0 25.0 15:7:29
26.0 28.0 29.0 15:7:53
26.0 28.0 29.0 15:8:17
17.0 19.0 20.0 15:8:45
17.0 19.0 19.0 15:9:21
17.0 19.0 19.0 15:9:33
18.0 20.0 20.0 15:10:7
20.0 21.0 21.0 15:10:31
14.0 14.0 14.0 15:11:23
25.0 27.0 27.0 15:11:43
25.0 27.0 27.0 15:12:7
18.0 19.0 19.0 15:12:31
22.0 23.0 23.0 15:12:59
22.0 23.0 23.0 15:13:19
29.0 31.0 31.0 15:13:43
29.0 31.0 31.0 15:14:7
29.0 31.0 31.0 15:14:33
16.0 17.0 17.0 15:15:13
18.0 19.0 20.0 15:15:29
23.0 24.0 24.0 15:15:55
24.0 27.0 28.0 15:16:21
20.0 22.0 22.0 15:16:53
20.0 22.0 22.0 15:17:9
27.0 28.0 28.0 15:17:33
21.0 22.0 22.0 15:17:57
21.0 23.0 23.0 15:18:21
21.0 22.0 22.0 15:18:55
21.0 23.0 23.0 15:19:7
21.0 23.0 23.0 15:19:31
27.0 29.0 30.0 15:20:9
20.0 23.0 24.0 15:20:39
24.0 26.0 26.0 15:21:7
19.0 20.0 20.0 15:21:23
30.0 31.0 31.0 15:21:49
30.0 31.0 31.0 15:22:5
23.0 25.0 25.0 15:22:37
20.0 21.0 21.0 15:22:57
20.0 21.0 21.0 15:23:21
23.0 25.0 25.0 15:24:1
23.0 25.0 25.0 15:24:11
23.0 25.0 25.0 15:24:29
22.0 23.0 23.0 15:25:5
20.0 21.0 21.0 15:25:45
22.0 24.0 24.0 15:25:53
20.0 22.0 23.0 15:26:25
21.0 23.0 24.0 15:26:45
23.0 24.0 24.0 15:27:31
19.0 20.0 20.0 15:27:59
19.0 20.0 20.0 15:28:23
24.0 25.0 25.0 15:28:41
24.0 25.0 25.0 15:29:17
24.0 25.0 25.0 15:29:33
26.0 28.0 30.0 15:30:5
19.0 20.0 20.0 15:30:31
30.0 33.0 35.0 15:31:23
25.0 26.0 26.0 15:31:43
25.0 26.0 26.0 15:32:7
14.0 15.0 15.0 15:32:47
26.0 28.0 28.0 15:33:1
26.0 28.0 28.0 15:33:19
19.0 20.0 20.0 15:33:43
19.0 20.0 20.0 15:34:39
28.0 30.0 30.0 15:35:9
21.0 23.0 24.0 15:35:35
25.0 26.0 26.0 15:36:41
25.0 26.0 26.0 15:37:23
15.0 16.0 16.0 15:37:33
19.0 21.0 21.0 15:38:1
19.0 21.0 21.0 15:38:29
16.0 17.0 17.0 15:38:47
16.0 17.0 17.0 15:39:7
16.0 17.0 17.0 15:39:35
15.0 18.0 19.0 15:40:15
20.0 22.0 22.0 15:40:33
20.0 21.0 21.0 15:40:55
15.0 16.0 16.0 15:41:23
21.0 22.0 22.0 15:41:47
21.0 22.0 22.0 15:42:17
18.0 19.0 19.0 15:42:41
21.0 24.0 25.0 15:42:59
21.0 24.0 25.0 15:43:17
21.0 22.0 22.0 15:43:47
21.0 22.0 22.0 15:44:25
21.0 22.0 22.0 15:44:35
13.0 15.0 16.0 15:45:7
23.0 24.0 24.0 15:45:33
20.0 22.0 22.0 15:46:11
22.0 23.0 23.0 15:46:19
20.0 21.0 21.0 15:46:47
20.0 21.0 21.0 15:47:7
22.0 23.0 24.0 15:47:37
25.0 27.0 27.0 15:48:7
25.0 27.0 27.0 15:48:21
17.0 18.0 18.0 15:48:47
17.0 18.0 18.0 15:49:7
17.0 18.0 18.0 15:49:31
15.0 15.0 15.0 15:50:13
21.0 24.0 25.0 15:50:31
20.0 21.0 21.0 15:50:59
15.0 16.0 16.0 15:51:19
18.0 19.0 19.0 15:51:53
18.0 19.0 19.0 15:52:9
15.0 16.0 17.0 15:52:37
34.0 40.0 45.0 15:52:57
34.0 40.0 45.0 15:53:21
18.0 19.0 19.0 15:53:45
18.0 19.0 19.0 15:54:13
18.0 19.0 19.0 15:54:33
20.0 21.0 21.0 15:55:9
17.0 18.0 18.0 15:55:33
19.0 20.0 20.0 15:56:7
18.0 20.0 22.0 15:56:19
17.0 19.0 19.0 15:56:43
17.0 19.0 19.0 15:57:7
21.0 23.0 24.0 15:57:43
19.0 20.0 20.0 15:57:55
19.0 20.0 20.0 15:58:19
24.0 25.0 25.0 15:58:43
24.0 25.0 25.0 15:59:35
16.0 17.0 17.0 16:0:13
17.0 18.0 18.0 16:0:29
21.0 23.0 23.0 16:0:55
17.0 19.0 19.0 16:1:27
34.0 37.0 38.0 16:1:43
34.0 37.0 38.0 16:2:9
26.0 27.0 27.0 16:2:33
20.0 21.0 21.0 16:2:57
20.0 21.0 21.0 16:3:21
19.0 23.0 28.0 16:3:45
19.0 23.0 26.0 16:4:5
19.0 23.0 26.0 16:4:29
24.0 25.0 25.0 16:5:7
20.0 21.0 21.0 16:5:35
18.0 20.0 20.0 16:5:57
15.0 16.0 16.0 16:6:33
18.0 19.0 19.0 16:6:41
18.0 19.0 19.0 16:7:5
21.0 24.0 25.0 16:7:39
18.0 19.0 19.0 16:7:57
18.0 19.0 19.0 16:8:21
20.0 22.0 22.0 16:8:45
20.0 22.0 22.0 16:9:17
20.0 22.0 22.0 16:9:33
11.0 12.0 13.0 16:10:9
18.0 19.0 19.0 16:10:31
24.0 25.0 25.0 16:11:7
26.0 28.0 28.0 16:11:27
19.0 20.0 20.0 16:11:43
19.0 20.0 20.0 16:12:13
17.0 19.0 22.0 16:12:41
18.0 19.0 19.0 16:12:53
18.0 19.0 19.0 16:13:17
20.0 21.0 21.0 16:13:41
20.0 21.0 21.0 16:14:5
20.0 21.0 21.0 16:14:29
14.0 15.0 15.0 16:15:15
18.0 19.0 19.0 16:15:31
17.0 18.0 18.0 16:15:55
17.0 18.0 18.0 16:16:19
13.0 14.0 14.0 16:16:43
13.0 14.0 14.0 16:17:21
18.0 19.0 19.0 16:17:33
18.0 20.0 21.0 16:17:57
18.0 20.0 21.0 16:18:21
16.0 17.0 17.0 16:19:17
16.0 17.0 17.0 16:19:33
13.0 15.0 18.0 16:20:9
10.0 10.0 10.0 16:20:33
8.0 9.0 9.0 16:20:59
