662.0 1500.0 0.01 0.0 14:39:31
780.0 1398.0 0.01 0.0 14:40:7
825.0 1318.0 0.01 0.0 14:40:31
841.0 1315.0 0.01 0.0 14:40:55
881.0 1327.0 0.01 0.0 14:41:19
890.0 1334.0 0.01 0.0 14:41:51
888.0 1329.0 0.01 0.0 14:42:7
917.0 1317.0 0.01 0.0 14:42:31
899.0 1413.0 0.01 0.0 14:42:55
913.0 1454.0 0.01 0.0 14:43:19
940.0 1435.0 0.01 0.0 14:43:45
940.0 1422.0 0.01 0.0 14:44:9
952.0 1415.0 0.01 0.0 14:44:33
821.0 1418.0 0.01 0.0 14:45:11
490.0 1374.0 0.01 0.0 14:45:31
271.0 1167.0 0.01 0.0 14:45:57
136.0 961.0 0.01 0.0 14:46:27
39.0 861.0 0.01 0.0 14:46:43
23.0 725.0 0.01 0.0 14:47:7
19.0 691.0 0.01 0.0 14:47:33
1.0 643.0 0.01 0.0 14:48:3
7.0 663.0 0.01 0.0 14:48:31
5.0 588.0 0.01 0.0 14:48:43
22.0 561.0 0.01 0.0 14:49:7
5.0 567.0 0.01 0.0 14:49:33
11.0 630.0 0.01 0.0 14:50:13
1.0 542.0 0.01 0.0 14:50:33
6.0 602.0 0.01 0.0 14:50:57
11.0 611.0 0.01 0.0 14:51:21
9.0 597.0 0.01 0.0 14:51:45
1.0 569.0 0.01 0.0 14:52:31
1.0 605.0 0.01 0.0 14:52:55
1.0 610.0 0.01 0.0 14:53:19
5.0 576.0 0.01 0.0 14:53:43
27.0 624.0 0.01 0.0 14:54:7
6.0 596.0 0.01 0.0 14:54:39
43.0 603.0 0.01 0.0 14:55:13
99.0 567.0 0.01 0.0 14:55:33
147.0 580.0 0.01 0.0 14:55:53
188.0 575.0 0.01 0.0 14:56:35
229.0 582.0 0.01 0.0 14:56:41
211.0 574.0 0.01 0.0 14:57:5
200.0 577.0 0.01 0.0 14:57:29
177.0 566.0 0.01 0.0 14:57:59
234.0 590.0 0.01 0.0 14:58:21
287.0 610.0 0.01 0.0 14:58:45
314.0 584.0 0.01 0.0 14:59:9
396.0 613.0 0.01 0.0 14:59:45
416.0 578.0 0.01 0.0 15:0:9
310.0 598.0 0.01 0.0 15:0:39
194.0 517.0 0.01 0.0 15:0:59
173.0 571.0 0.01 0.0 15:1:43
141.0 588.0 0.01 0.0 15:2:7
109.0 593.0 0.01 0.0 15:2:31
169.0 598.0 0.01 0.0 15:3:37
169.0 579.0 0.01 0.0 15:3:41
129.0 626.0 0.01 0.0 15:4:7
87.0 567.0 0.01 0.0 15:4:31
94.0 599.0 0.01 0.0 15:5:5
101.0 569.0 0.01 0.0 15:5:29
47.0 615.0 0.01 0.0 15:5:57
5.0 633.0 0.01 0.0 15:6:17
1.0 568.0 0.01 0.0 15:6:41
4.0 593.0 0.01 0.0 15:7:25
111.0 581.0 0.01 0.0 15:7:29
213.0 562.0 0.01 0.0 15:7:53
202.0 580.0 0.01 0.0 15:8:17
177.0 567.0 0.01 0.0 15:8:45
158.0 569.0 0.01 0.0 15:9:21
143.0 588.0 0.01 0.0 15:9:33
168.0 583.0 0.01 0.0 15:10:7
230.0 581.0 0.01 0.0 15:10:31
192.0 553.0 0.01 0.0 15:11:11
168.0 588.0 0.01 0.0 15:11:23
217.0 628.0 0.01 0.0 15:11:43
247.0 602.0 0.01 0.0 15:12:7
197.0 619.0 0.01 0.0 15:12:31
97.0 572.0 0.01 0.0 15:12:59
25.0 584.0 0.01 0.0 15:13:19
10.0 561.0 0.01 0.0 15:13:43
26.0 573.0 0.01 0.0 15:14:7
28.0 604.0 0.01 0.0 15:14:33
6.0 614.0 0.01 0.0 15:15:13
0.0 590.0 0.01 0.0 15:15:29
6.0 555.0 0.01 0.0 15:15:55
0.0 576.0 0.01 0.0 15:16:53
6.0 597.0 0.01 0.0 15:17:9
7.0 605.0 0.01 0.0 15:17:33
36.0 603.0 0.01 0.0 15:17:57
147.0 649.0 0.01 0.0 15:18:21
137.0 573.0 0.01 0.0 15:18:55
110.0 562.0 0.01 0.0 15:19:7
116.0 546.0 0.01 0.0 15:19:31
94.0 616.0 0.01 0.0 15:20:9
116.0 597.0 0.01 0.0 15:20:39
103.0 602.0 0.01 0.0 15:21:7
102.0 590.0 0.01 0.0 15:21:23
134.0 592.0 0.01 0.0 15:21:49
198.0 625.0 0.01 0.0 15:22:5
381.0 583.0 0.01 0.0 15:22:57
409.0 577.0 0.01 0.0 15:23:21
436.0 590.0 0.01 0.0 15:24:11
449.0 612.0 0.01 0.0 15:24:29
386.0 546.0 0.01 0.0 15:25:5
386.0 626.0 0.01 0.0 15:25:45
437.0 639.0 0.01 0.0 15:25:53
343.0 606.0 0.01 0.0 15:26:25
267.0 624.0 0.01 0.0 15:26:45
317.0 636.0 0.01 0.0 15:27:25
224.0 733.0 0.01 0.0 15:27:31
113.0 611.0 0.01 0.0 15:27:59
118.0 651.0 0.01 0.0 15:28:23
113.0 613.0 0.01 0.0 15:29:17
56.0 549.0 0.01 0.0 15:29:33
11.0 608.0 0.01 0.0 15:30:5
30.0 585.0 0.01 0.0 15:30:31
37.0 597.0 0.01 0.0 15:31:5
1.0 597.0 0.01 0.0 15:31:23
49.0 573.0 0.01 0.0 15:31:43
95.0 608.0 0.01 0.0 15:32:7
68.0 579.0 0.01 0.0 15:32:47
88.0 617.0 0.01 0.0 15:33:1
7.0 612.0 0.01 0.0 15:33:19
0.0 583.0 0.01 0.0 15:33:43
0.0 593.0 0.01 0.0 15:34:23
7.0 597.0 0.01 0.0 15:34:39
180.0 574.0 0.01 0.0 15:35:9
217.0 579.0 0.01 0.0 15:35:35
203.0 592.0 0.01 0.0 15:35:57
366.0 576.0 0.01 0.0 15:37:33
222.0 589.0 0.01 0.0 15:38:29
316.0 561.0 0.01 0.0 15:38:47
436.0 582.0 0.01 0.0 15:39:7
388.0 528.0 0.01 0.0 15:39:35
215.0 529.0 0.01 0.0 15:40:15
120.0 612.0 0.01 0.0 15:40:55
182.0 548.0 0.01 0.0 15:41:23
170.0 632.0 0.01 0.0 15:41:47
20.0 444.0 0.01 0.0 15:42:41
0.0 567.0 0.01 0.0 15:42:59
0.0 595.0 0.01 0.0 15:43:47
0.0 641.0 0.01 0.0 15:44:25
0.0 621.0 0.01 0.0 15:44:35
0.0 552.0 0.01 0.0 15:45:7
0.0 607.0 0.01 0.0 15:45:33
0.0 543.0 0.01 0.0 15:46:11
7.0 603.0 0.01 0.0 15:46:19
5.0 581.0 0.01 0.0 15:46:47
35.0 535.0 0.01 0.0 15:47:7
58.0 575.0 0.01 0.0 15:47:37
1.0 590.0 0.01 0.0 15:48:7
0.0 598.0 0.01 0.0 15:48:21
0.0 542.0 0.01 0.0 15:48:47
28.0 562.0 0.01 0.0 15:49:7
78.0 550.0 0.01 0.0 15:49:31
59.0 456.0 0.01 0.0 15:50:13
8.0 613.0 0.01 0.0 15:50:31
1.0 549.0 0.01 0.0 15:50:59
0.0 496.0 0.01 0.0 15:51:19
0.0 556.0 0.01 0.0 15:51:53
0.0 600.0 0.01 0.0 15:52:9
10.0 541.0 0.01 0.0 15:52:37
38.0 572.0 0.01 0.0 15:52:57
203.0 673.0 0.01 0.0 15:53:21
711.0 654.0 0.01 0.0 15:53:45
718.0 618.0 0.01 0.0 15:54:13
675.0 642.0 0.01 0.0 15:54:33
635.0 574.0 0.01 0.0 15:55:9
814.0 585.0 0.01 0.0 15:55:33
1166.0 606.0 0.01 0.0 15:56:7
1054.0 599.0 0.01 0.0 15:56:19
1089.0 555.0 0.01 0.0 15:56:43
824.0 606.0 0.01 0.0 15:57:7
1073.0 665.0 0.01 0.0 15:57:43
1011.0 596.0 0.01 0.0 15:57:55
949.0 568.0 0.01 0.0 15:58:19
870.0 648.0 0.01 0.0 15:58:43
668.0 555.0 0.01 0.0 15:59:7
446.0 606.0 0.01 0.0 15:59:35
259.0 566.0 0.01 0.0 16:0:13
225.0 547.0 0.01 0.0 16:0:29
276.0 590.0 0.01 0.0 16:0:55
409.0 608.0 0.01 0.0 16:1:43
394.0 633.0 0.01 0.0 16:2:9
374.0 624.0 0.01 0.0 16:2:33
342.0 627.0 0.01 0.0 16:2:57
265.0 613.0 0.01 0.0 16:3:21
312.0 581.0 0.01 0.0 16:3:45
242.0 604.0 0.01 0.0 16:4:5
214.0 584.0 0.01 0.0 16:4:29
207.0 594.0 0.01 0.0 16:5:7
211.0 629.0 0.01 0.0 16:5:35
198.0 615.0 0.01 0.0 16:5:57
202.0 619.0 0.01 0.0 16:6:33
203.0 571.0 0.01 0.0 16:6:41
242.0 593.0 0.01 0.0 16:7:5
232.0 595.0 0.01 0.0 16:7:39
225.0 634.0 0.01 0.0 16:7:57
209.0 653.0 0.01 0.0 16:8:21
174.0 618.0 0.01 0.0 16:8:45
113.0 616.0 0.01 0.0 16:9:17
59.0 596.0 0.01 0.0 16:9:33
11.0 554.0 0.01 0.0 16:10:9
0.0 470.0 0.01 0.0 16:10:31
0.0 578.0 0.01 0.0 16:11:7
0.0 605.0 0.01 0.0 16:11:27
33.0 589.0 0.01 0.0 16:11:43
62.0 534.0 0.01 0.0 16:12:13
70.0 543.0 0.01 0.0 16:12:41
67.0 640.0 0.01 0.0 16:12:53
68.0 599.0 0.01 0.0 16:13:17
93.0 551.0 0.01 0.0 16:13:41
189.0 614.0 0.01 0.0 16:14:5
495.0 582.0 0.01 0.0 16:14:29
626.0 604.0 0.01 0.0 16:15:15
815.0 564.0 0.01 0.0 16:15:31
1030.0 579.0 0.01 0.0 16:15:55
1355.0 636.0 0.01 0.0 16:16:19
1606.0 655.0 0.01 0.0 16:16:43
1270.0 608.0 0.01 0.0 16:17:21
1063.0 604.0 0.01 0.0 16:17:33
1004.0 598.0 0.01 0.0 16:17:57
988.0 586.0 0.01 0.0 16:18:21
1218.0 585.0 0.01 0.0 16:18:45
1351.0 564.0 0.01 0.0 16:19:17
1038.0 541.0 0.01 0.0 16:19:33
543.0 596.0 0.01 0.0 16:20:9
686.0 670.0 0.01 0.0 16:20:33
874.0 765.0 0.01 0.0 16:20:59
