27.0 62.0 100848.0 14:39:31
27.0 62.0 100848.0 14:40:7
28.0 61.0 100847.0 14:40:31
28.0 61.0 100847.0 14:40:55
28.0 60.0 100847.0 14:41:19
29.0 60.0 100847.0 14:41:51
29.0 60.0 100847.0 14:42:7
29.0 60.0 100847.0 14:42:31
29.0 60.0 100846.0 14:42:55
29.0 59.0 100846.0 14:43:19
29.0 59.0 100846.0 14:43:45
29.0 59.0 100846.0 14:44:9
29.0 59.0 100846.0 14:44:33
29.0 58.0 100845.0 14:45:11
29.0 56.0 100845.0 14:45:31
29.0 53.0 100845.0 14:45:57
29.0 52.0 100847.0 14:46:27
29.0 51.0 100852.0 14:46:43
29.0 50.0 100858.0 14:47:7
28.0 50.0 100864.0 14:47:33
28.0 49.0 100869.0 14:48:3
28.0 49.0 100874.0 14:48:31
28.0 49.0 100879.0 14:48:43
28.0 49.0 100884.0 14:49:7
27.0 49.0 100888.0 14:49:33
27.0 50.0 100893.0 14:50:13
27.0 50.0 100897.0 14:50:33
27.0 50.0 100901.0 14:50:57
27.0 50.0 100904.0 14:51:21
27.0 50.0 100908.0 14:51:45
27.0 50.0 100911.0 14:52:23
26.0 51.0 100914.0 14:52:31
26.0 51.0 100917.0 14:52:55
26.0 51.0 100920.0 14:53:19
26.0 51.0 100922.0 14:53:43
26.0 51.0 100924.0 14:54:7
26.0 51.0 100926.0 14:54:39
26.0 52.0 100928.0 14:55:13
26.0 51.0 100930.0 14:55:33
27.0 51.0 100932.0 14:55:53
27.0 50.0 100935.0 14:56:41
27.0 50.0 100936.0 14:57:5
27.0 50.0 100937.0 14:57:29
27.0 50.0 100939.0 14:57:59
28.0 49.0 100940.0 14:58:21
28.0 49.0 100941.0 14:58:45
28.0 49.0 100942.0 14:59:9
28.0 49.0 100943.0 14:59:45
28.0 49.0 100943.0 15:0:9
28.0 48.0 100944.0 15:0:59
28.0 48.0 100945.0 15:1:43
28.0 48.0 100946.0 15:2:7
28.0 48.0 100946.0 15:2:31
28.0 48.0 100946.0 15:2:55
28.0 48.0 100947.0 15:3:41
28.0 48.0 100947.0 15:4:7
28.0 48.0 100946.0 15:4:31
28.0 48.0 100946.0 15:5:5
28.0 48.0 100946.0 15:5:29
28.0 48.0 100946.0 15:5:57
27.0 48.0 100946.0 15:6:17
27.0 48.0 100946.0 15:6:41
28.0 48.0 100945.0 15:7:29
28.0 47.0 100944.0 15:7:53
28.0 47.0 100943.0 15:8:17
28.0 47.0 100943.0 15:8:45
28.0 48.0 100942.0 15:9:21
28.0 47.0 100942.0 15:9:33
28.0 47.0 100942.0 15:10:7
28.0 47.0 100941.0 15:10:31
29.0 46.0 100941.0 15:11:23
29.0 46.0 100941.0 15:11:43
29.0 45.0 100941.0 15:12:7
29.0 45.0 100941.0 15:12:31
28.0 45.0 100941.0 15:12:59
28.0 46.0 100941.0 15:13:19
28.0 46.0 100941.0 15:13:43
28.0 46.0 100941.0 15:14:7
27.0 47.0 100942.0 15:14:33
27.0 48.0 100942.0 15:15:13
27.0 47.0 100942.0 15:15:29
27.0 47.0 100942.0 15:15:55
27.0 47.0 100942.0 15:16:21
27.0 47.0 100942.0 15:16:53
28.0 47.0 100942.0 15:17:9
28.0 47.0 100941.0 15:17:33
28.0 47.0 100941.0 15:17:57
28.0 47.0 100941.0 15:18:21
28.0 47.0 100940.0 15:18:55
28.0 47.0 100939.0 15:19:7
28.0 47.0 100939.0 15:19:31
28.0 47.0 100938.0 15:20:9
29.0 45.0 100936.0 15:21:23
29.0 45.0 100936.0 15:21:49
29.0 45.0 100935.0 15:22:5
29.0 45.0 100934.0 15:22:37
29.0 45.0 100934.0 15:22:57
30.0 45.0 100933.0 15:23:21
30.0 45.0 100932.0 15:24:1
30.0 44.0 100932.0 15:24:11
30.0 44.0 100932.0 15:24:29
30.0 44.0 100931.0 15:25:5
30.0 43.0 100930.0 15:25:53
30.0 43.0 100930.0 15:26:25
30.0 43.0 100929.0 15:26:45
30.0 43.0 100928.0 15:27:31
29.0 43.0 100928.0 15:27:59
30.0 43.0 100926.0 15:28:41
29.0 43.0 100925.0 15:29:17
29.0 44.0 100924.0 15:29:33
29.0 44.0 100923.0 15:30:5
29.0 44.0 100922.0 15:30:31
29.0 44.0 100921.0 15:31:5
28.0 44.0 100920.0 15:31:23
28.0 45.0 100919.0 15:31:43
28.0 45.0 100918.0 15:32:7
27.0 46.0 100917.0 15:32:47
27.0 46.0 100916.0 15:33:1
27.0 47.0 100914.0 15:33:19
27.0 47.0 100913.0 15:33:43
27.0 47.0 100912.0 15:34:23
27.0 47.0 100912.0 15:34:39
28.0 47.0 100911.0 15:35:9
28.0 46.0 100909.0 15:35:35
29.0 45.0 100909.0 15:35:57
30.0 45.0 100907.0 15:36:41
30.0 44.0 100907.0 15:37:23
30.0 44.0 100906.0 15:37:33
30.0 43.0 100906.0 15:38:1
30.0 42.0 100905.0 15:38:29
31.0 42.0 100905.0 15:38:47
31.0 42.0 100905.0 15:39:7
31.0 42.0 100905.0 15:39:35
30.0 42.0 100905.0 15:40:15
30.0 42.0 100904.0 15:40:33
29.0 43.0 100904.0 15:40:55
29.0 43.0 100904.0 15:41:23
29.0 43.0 100904.0 15:41:47
29.0 43.0 100903.0 15:42:17
27.0 46.0 100904.0 15:43:17
27.0 46.0 100904.0 15:43:47
27.0 47.0 100905.0 15:44:35
27.0 47.0 100905.0 15:45:7
27.0 47.0 100905.0 15:45:33
27.0 46.0 100906.0 15:46:19
27.0 46.0 100906.0 15:46:47
28.0 46.0 100907.0 15:47:7
27.0 46.0 100907.0 15:47:37
27.0 47.0 100907.0 15:48:7
27.0 47.0 100908.0 15:48:21
27.0 47.0 100908.0 15:48:47
27.0 47.0 100909.0 15:49:7
27.0 47.0 100909.0 15:49:31
27.0 47.0 100910.0 15:50:13
27.0 47.0 100910.0 15:50:31
27.0 47.0 100911.0 15:50:59
27.0 47.0 100911.0 15:51:19
27.0 47.0 100912.0 15:51:53
27.0 47.0 100912.0 15:52:9
27.0 47.0 100912.0 15:52:37
27.0 47.0 100913.0 15:52:57
28.0 47.0 100914.0 15:53:21
28.0 47.0 100915.0 15:53:45
28.0 46.0 100915.0 15:54:13
29.0 46.0 100916.0 15:54:33
29.0 45.0 100917.0 15:55:9
29.0 45.0 100918.0 15:55:33
30.0 44.0 100918.0 15:56:7
30.0 44.0 100919.0 15:56:19
31.0 43.0 100919.0 15:56:43
31.0 42.0 100920.0 15:57:7
31.0 42.0 100920.0 15:57:43
32.0 41.0 100921.0 15:57:55
32.0 41.0 100921.0 15:58:19
32.0 41.0 100921.0 15:58:43
31.0 41.0 100921.0 15:59:7
30.0 41.0 100920.0 15:59:35
29.0 43.0 100920.0 16:0:13
29.0 43.0 100919.0 16:0:29
29.0 43.0 100918.0 16:0:55
29.0 43.0 100917.0 16:1:27
29.0 43.0 100917.0 16:1:43
29.0 43.0 100916.0 16:2:9
29.0 43.0 100916.0 16:2:33
29.0 44.0 100916.0 16:2:57
28.0 44.0 100916.0 16:3:45
28.0 45.0 100915.0 16:4:5
28.0 45.0 100915.0 16:4:29
28.0 45.0 100915.0 16:5:7
28.0 45.0 100915.0 16:5:35
28.0 45.0 100914.0 16:5:57
28.0 45.0 100913.0 16:6:41
28.0 45.0 100913.0 16:7:5
28.0 45.0 100913.0 16:7:39
28.0 45.0 100912.0 16:7:57
28.0 45.0 100912.0 16:8:21
28.0 45.0 100912.0 16:8:45
28.0 45.0 100912.0 16:9:33
27.0 46.0 100912.0 16:10:9
27.0 46.0 100913.0 16:10:31
27.0 46.0 100913.0 16:11:7
27.0 46.0 100913.0 16:11:27
28.0 46.0 100914.0 16:11:43
28.0 46.0 100914.0 16:12:13
28.0 46.0 100915.0 16:12:41
28.0 46.0 100915.0 16:12:53
28.0 45.0 100916.0 16:13:17
28.0 46.0 100916.0 16:13:41
28.0 46.0 100917.0 16:14:5
28.0 46.0 100917.0 16:14:29
28.0 46.0 100918.0 16:15:15
28.0 45.0 100919.0 16:15:31
29.0 45.0 100919.0 16:15:55
29.0 45.0 100920.0 16:16:19
29.0 45.0 100920.0 16:16:43
29.0 45.0 100921.0 16:17:21
29.0 45.0 100922.0 16:17:33
29.0 44.0 100922.0 16:17:57
29.0 44.0 100923.0 16:18:21
29.0 44.0 100923.0 16:18:45
29.0 44.0 100923.0 16:19:17
29.0 44.0 100924.0 16:19:33
29.0 44.0 100923.0 16:20:9
29.0 44.0 100920.0 16:20:33
29.0 45.0 100914.0 16:20:59
