6 51 24.0 62.0 100719 0 605 0.01 0.0 31.0 33.0 33.0 1 1 1.0 2.0 25/10/2022 10 37 2 45.4728192 9.2345008
6 51 24.0 62.0 100719 0 605 0.01 0.0 31.0 33.0 33.0 1 1 1.0 2.0 25/10/2022 10 37 2 45.4728192 9.2345008
6 52 24.0 62.0 100722 12 625 0.01 0.0 30.0 32.0 32.0 1 2 2.0 2.0 25/10/2022 10 37 18 45.4728183 9.2345
6 53 24.0 62.0 100724 138 728 0.01 0.0 28.0 31.0 33.0 1 1 1.0 1.0 25/10/2022 10 37 42 45.4728183 9.2345
6 54 25.0 62.0 100726 232 713 0.01 0.0 28.0 31.0 33.0 1 2 1.0 2.0 25/10/2022 10 38 6 45.4728679 9.2343843
6 56 0 0 0 219 671 0.01 0.0 29.0 30.0 30.0 1 0 2.0 2.0 25/10/2022 10 38 26 45.47287 9.234375
6 57 25.0 62.0 100731 0 0 0 0.0 34.0 36.0 36.0 1 1 0.0 1.0 25/10/2022 10 39 6 45.47287 9.234375
6 60 26.0 62.0 100733 383 667 0.01 0.0 0.0 0.0 0.0 0 1 1.0 0.0 25/10/2022 10 39 16 45.47287 9.234375
6 61 0 0 0 344 641 0.01 0.0 0.0 0.0 0.0 0 0 1.0 0.0 25/10/2022 10 41 2 45.47287 9.234375
6 61 26.0 60.0 100740 377 667 0.01 0.0 29.0 32.0 35.0 1 2 1.0 1.0 25/10/2022 10 41 6 45.47287 9.234375
6 62 27.0 59.0 100742 357 634 0.01 0.0 44.0 47.0 47.0 1 2 1.0 2.0 25/10/2022 10 41 32 45.47287 9.234375
6 1 27.0 58.0 100743 0 0 0 0.0 0.0 0.0 0.0 0 1 0.0 0.0 25/10/2022 10 41 58 45.47287 9.234375
