4 0 118 96 03 25 10 10 37 15 636
4 0 117 96 03 25 10 10 37 16 436
4 0 117 96 03 25 10 10 37 18 435
4 0 116 96 03 25 10 10 37 19 634
4 0 115 96 03 25 10 10 37 20 434
4 0 115 96 03 25 10 10 37 21 634
4 0 115 96 03 25 10 10 37 22 433
4 0 115 96 03 25 10 10 37 23 632
4 0 115 96 03 25 10 10 37 24 432
4 0 115 96 03 25 10 10 37 25 631
4 0 115 96 03 25 10 10 37 26 431
4 0 114 96 03 25 10 10 37 27 630
4 0 115 96 03 25 10 10 37 28 430
4 0 115 96 03 25 10 10 37 29 729
4 0 114 96 03 25 10 10 37 30 529
4 0 114 96 03 25 10 10 37 31 728
4 0 113 96 03 25 10 10 37 32 528
4 0 113 96 03 25 10 10 37 33 727
4 0 113 96 03 25 10 10 37 34 427
4 0 112 96 03 25 10 10 37 35 626
4 0 112 96 03 25 10 10 37 36 426
4 0 111 96 03 25 10 10 37 37 625
4 0 111 96 03 25 10 10 37 38 725
4 0 110 96 03 25 10 10 37 39 524
4 0 109 96 03 25 10 10 37 40 624
4 0 109 96 03 25 10 10 37 41 423
4 0 110 96 03 25 10 10 37 42 523
4 0 110 96 03 25 10 10 37 43 722
4 0 110 96 03 25 10 10 37 44 422
4 0 111 96 03 25 10 10 37 45 621
4 0 111 96 03 25 10 10 37 46 721
4 0 111 96 03 25 10 10 37 47 521
4 0 111 96 03 25 10 10 37 48 620
4 0 111 96 03 25 10 10 37 49 420
4 0 111 96 03 25 10 10 37 50 619
4 0 111 96 03 25 10 10 37 51 619
4 0 111 96 03 25 10 10 37 52 418
4 0 111 96 03 25 10 10 37 53 618
4 0 111 96 03 25 10 10 37 54 717
4 0 111 96 03 25 10 10 37 55 517
4 0 112 96 03 25 10 10 37 56 716
4 0 112 96 03 25 10 10 37 57 516
4 0 112 96 03 25 10 10 37 58 716
4 0 113 96 03 25 10 10 37 59 515
4 0 113 96 03 25 10 10 38 0 614
4 0 114 96 03 25 10 10 38 1 414
4 0 114 96 03 25 10 10 38 2 614
4 0 114 96 03 25 10 10 38 3 413
4 0 114 96 03 25 10 10 38 4 613
4 0 114 96 03 25 10 10 38 5 412
4 0 114 96 03 25 10 10 38 6 612
4 0 114 96 03 25 10 10 38 7 412
4 0 114 96 03 25 10 10 38 8 611
4 1 114 96 03 25 10 10 38 9 411
4 2 114 96 03 25 10 10 38 10 610
4 2 114 96 03 25 10 10 38 11 410
4 2 114 96 03 25 10 10 38 12 610
4 2 113 96 03 25 10 10 38 13 409
4 1 113 96 03 25 10 10 38 14 609
4 1 113 96 03 25 10 10 38 15 408
4 0 113 96 03 25 10 10 38 16 607
4 0 112 96 03 25 10 10 38 17 407
4 0 112 96 03 25 10 10 38 18 607
4 0 111 96 03 25 10 10 38 19 407
4 0 111 96 03 25 10 10 38 20 806
4 0 111 96 03 25 10 10 38 21 606
4 0 110 96 03 25 10 10 38 22 806
4 0 110 96 03 25 10 10 38 23 605
4 0 111 96 03 25 10 10 38 24 805
4 0 111 96 03 25 10 10 38 25 605
4 0 111 96 03 25 10 10 38 26 805
4 0 110 96 03 25 10 10 38 27 604
4 0 110 96 03 25 10 10 38 28 804
4 0 110 96 03 25 10 10 38 29 604
4 0 110 96 03 25 10 10 38 30 804
4 0 109 96 03 25 10 10 38 31 604
4 0 109 96 03 25 10 10 38 32 803
4 0 108 96 03 25 10 10 38 33 603
4 0 107 96 03 25 10 10 38 34 802
4 0 107 96 03 25 10 10 38 35 602
4 1 106 96 03 25 10 10 38 36 802
4 1 105 96 03 25 10 10 38 37 602
4 0 105 96 03 25 10 10 38 38 801
4 0 104 96 03 25 10 10 38 39 601
4 0 104 96 03 25 10 10 38 40 801
4 0 104 96 03 25 10 10 38 41 600
4 0 104 96 03 25 10 10 38 42 800
4 0 104 96 03 25 10 10 38 43 599
4 0 104 96 03 25 10 10 38 44 799
4 0 104 96 03 25 10 10 38 45 599
4 0 104 98 03 25 10 10 38 46 798
4 0 103 98 03 25 10 10 38 47 598
4 0 104 98 03 25 10 10 38 48 798
4 0 104 98 03 25 10 10 38 49 597
4 0 104 98 03 25 10 10 38 50 797
4 0 104 98 03 25 10 10 38 51 596
4 0 103 98 03 25 10 10 38 52 796
4 0 102 98 03 25 10 10 38 53 595
4 0 102 98 03 25 10 10 38 54 795
4 0 102 98 03 25 10 10 38 55 594
4 0 103 98 03 25 10 10 38 56 794
4 0 104 98 03 25 10 10 38 57 593
4 0 104 98 03 25 10 10 38 58 793
4 0 105 98 03 25 10 10 38 59 592
4 0 106 98 03 25 10 10 39 0 792
4 0 107 98 03 25 10 10 39 1 592
4 0 107 98 03 25 10 10 39 2 791
4 0 108 98 03 25 10 10 39 3 591
4 0 108 98 03 25 10 10 39 4 790
4 0 108 98 03 25 10 10 39 5 589
4 0 108 98 03 25 10 10 39 6 689
4 0 108 98 03 25 10 10 39 7 489
4 1 108 98 03 25 10 10 39 8 688
4 1 108 98 03 25 10 10 39 9 488
4 1 107 98 03 25 10 10 39 10 587
4 1 106 98 03 25 10 10 39 11 786
4 1 106 98 03 25 10 10 39 12 486
4 1 105 98 03 25 10 10 39 13 685
4 0 105 98 03 25 10 10 39 14 785
4 0 104 98 03 25 10 10 39 15 984
4 0 105 98 03 25 10 10 39 16 684
4 0 105 98 03 25 10 10 39 17 484
4 0 105 98 03 25 10 10 39 18 583
4 0 105 98 03 25 10 10 39 19 782
4 0 105 98 03 25 10 10 39 20 482
4 0 105 98 03 25 10 10 39 21 681
4 0 105 98 03 25 10 10 39 22 481
4 1 105 98 03 25 10 10 39 23 680
4 1 105 98 03 25 10 10 39 24 480
4 1 106 98 03 25 10 10 39 25 679
4 1 106 98 03 25 10 10 39 26 779
4 1 106 98 03 25 10 10 39 27 578
4 1 106 98 03 25 10 10 39 28 778
4 1 106 98 03 25 10 10 39 29 577
4 1 106 98 03 25 10 10 39 30 777
4 1 106 98 03 25 10 10 39 31 577
4 0 106 98 03 25 10 10 39 34 676
4 0 105 98 03 25 10 10 39 36 675
4 0 105 98 03 25 10 10 39 37 475
4 0 105 98 03 25 10 10 39 38 574
4 0 105 98 03 25 10 10 39 39 773
4 0 105 98 03 25 10 10 39 40 573
4 0 105 98 03 25 10 10 39 41 772
4 0 104 98 03 25 10 10 39 42 572
4 0 104 98 03 25 10 10 39 43 771
4 0 104 98 03 25 10 10 39 44 571
4 0 104 98 03 25 10 10 39 45 770
4 0 104 98 03 25 10 10 39 46 570
4 0 104 98 03 25 10 10 39 47 769
4 0 104 98 03 25 10 10 39 48 569
4 0 104 98 03 25 10 10 39 49 768
4 0 104 98 03 25 10 10 39 50 568
4 0 104 98 03 25 10 10 39 51 767
4 0 104 98 03 25 10 10 39 52 566
4 0 104 98 03 25 10 10 39 53 766
4 0 104 98 03 25 10 10 39 54 565
4 0 104 98 03 25 10 10 39 56 565
4 0 104 98 03 25 10 10 39 57 764
4 0 104 98 03 25 10 10 39 58 564
4 0 104 98 03 25 10 10 40 0 164
4 0 104 98 03 25 10 10 40 4 563
4 0 104 98 03 25 10 10 40 5 762
4 0 104 98 03 25 10 10 40 7 761
4 0 104 98 03 25 10 10 40 8 562
4 0 104 98 03 25 10 10 40 9 761
4 0 104 98 03 25 10 10 40 11 761
4 0 104 98 03 25 10 10 40 13 759
4 0 104 98 03 25 10 10 40 14 558
4 0 104 98 03 25 10 10 40 15 758
4 0 104 98 03 25 10 10 40 16 557
4 0 104 98 03 25 10 10 40 17 757
4 0 104 98 03 25 10 10 40 18 556
4 0 104 98 03 25 10 10 40 20 555
4 0 104 98 03 25 10 10 40 21 754
4 0 104 98 03 25 10 10 40 22 554
4 0 104 98 03 25 10 10 40 23 753
4 0 104 98 03 25 10 10 40 24 553
4 0 104 98 03 25 10 10 40 25 752
4 0 103 98 03 25 10 10 40 26 552
4 0 103 98 03 25 10 10 40 27 751
4 0 103 98 03 25 10 10 40 28 550
4 0 103 98 03 25 10 10 40 29 750
4 0 103 98 03 25 10 10 40 30 849
4 0 102 98 03 25 10 10 40 32 748
4 0 102 98 03 25 10 10 40 33 548
4 0 102 98 03 25 10 10 40 34 647
4 0 101 98 03 25 10 10 40 36 546
4 0 101 98 03 25 10 10 40 37 745
4 0 101 98 03 25 10 10 40 38 845
4 0 101 98 03 25 10 10 40 39 644
4 0 100 98 03 25 10 10 40 40 744
4 0 100 98 03 25 10 10 40 41 543
4 0 99 98 03 25 10 10 40 42 743
4 0 99 98 03 25 10 10 40 43 542
4 0 99 98 03 25 10 10 40 44 742
4 0 98 98 03 25 10 10 40 45 541
4 0 98 98 03 25 10 10 40 46 640
4 0 97 98 03 25 10 10 40 47 840
4 0 97 98 03 25 10 10 40 48 639
4 0 96 98 03 25 10 10 40 49 839
4 0 96 98 03 25 10 10 40 50 638
4 0 96 98 03 25 10 10 40 52 538
4 0 97 98 03 25 10 10 40 53 737
4 0 98 98 03 25 10 10 40 54 537
4 0 99 98 03 25 10 10 40 55 736
4 0 100 98 03 25 10 10 40 56 536
4 0 101 98 03 25 10 10 40 57 735
4 0 101 98 03 25 10 10 40 58 535
4 0 101 98 03 25 10 10 40 59 735
4 0 100 98 03 25 10 10 41 0 534
4 0 100 98 03 25 10 10 41 1 734
4 0 100 98 03 25 10 10 41 2 534
4 0 100 98 03 25 10 10 41 3 733
4 0 99 98 03 25 10 10 41 4 532
4 0 99 98 03 25 10 10 41 5 732
4 0 98 98 03 25 10 10 41 6 532
4 0 98 98 03 25 10 10 41 7 731
4 0 99 98 03 25 10 10 41 8 531
4 0 99 98 03 25 10 10 41 9 730
4 0 99 98 03 25 10 10 41 10 530
4 0 99 98 03 25 10 10 41 11 730
4 0 99 98 03 25 10 10 41 12 529
4 0 98 98 03 25 10 10 41 13 729
4 0 98 98 03 25 10 10 41 14 529
4 0 98 98 03 25 10 10 41 15 728
4 0 98 98 03 25 10 10 41 16 528
4 0 98 98 03 25 10 10 41 18 528
4 0 98 98 03 25 10 10 41 20 126
4 0 98 98 03 25 10 10 41 20 526
4 0 98 98 03 25 10 10 41 21 726
4 0 98 98 03 25 10 10 41 22 525
4 0 97 98 03 25 10 10 41 23 725
4 0 97 98 03 25 10 10 41 24 525
4 0 97 98 03 25 10 10 41 25 724
4 0 96 98 03 25 10 10 41 26 524
4 0 96 98 03 25 10 10 41 27 724
4 0 95 98 03 25 10 10 41 28 523
4 0 95 98 03 25 10 10 41 29 723
4 0 94 98 03 25 10 10 41 30 522
4 0 93 98 03 25 10 10 41 31 722
4 0 93 98 03 25 10 10 41 32 522
4 0 92 98 03 25 10 10 41 33 722
4 0 93 98 03 25 10 10 41 35 721
4 0 93 98 03 25 10 10 41 36 520
4 0 93 98 03 25 10 10 41 37 720
4 0 93 98 03 25 10 10 41 38 520
4 0 92 98 03 25 10 10 41 39 720
4 0 92 98 03 25 10 10 41 40 519
4 0 92 98 03 25 10 10 41 41 718
4 0 92 98 03 25 10 10 41 42 518
4 0 92 98 03 25 10 10 41 43 718
4 0 91 98 03 25 10 10 41 44 518
4 0 91 98 03 25 10 10 41 45 717
4 0 90 98 03 25 10 10 41 46 517
4 0 90 98 03 25 10 10 41 47 716
4 0 89 98 03 25 10 10 41 48 516
4 0 89 98 03 25 10 10 41 49 716
4 0 89 98 03 25 10 10 41 50 516
4 0 88 98 03 25 10 10 41 51 715
4 0 88 98 03 25 10 10 41 52 515
4 0 87 98 03 25 10 10 41 53 714
4 0 87 98 03 25 10 10 41 54 514
4 0 87 98 03 25 10 10 41 55 714
4 0 86 98 03 25 10 10 41 56 513
4 0 86 98 03 25 10 10 41 57 713
4 0 86 98 03 25 10 10 41 58 512
4 0 86 98 03 25 10 10 41 59 712
4 0 85 98 03 25 10 10 42 0 512
4 0 85 98 03 25 10 10 42 1 711
4 0 85 98 03 25 10 10 42 2 511
4 0 84 98 03 25 10 10 42 3 711
4 0 84 98 03 25 10 10 42 4 511
4 0 85 98 03 25 10 10 42 7 310
4 0 87 98 03 25 10 10 42 7 709
4 0 87 98 03 25 10 10 42 8 509
4 0 88 98 03 25 10 10 42 9 709
4 0 88 98 03 25 10 10 42 10 508
4 0 88 98 03 25 10 10 42 11 708
4 0 88 98 03 25 10 10 42 12 807
4 0 88 98 03 25 10 10 42 13 607
4 0 88 98 03 25 10 10 42 14 806
4 0 88 98 03 25 10 10 42 15 606
4 0 88 98 03 25 10 10 42 16 705
