26;51;98910;649;1137;0.01;0;1;1;2;26
27;50;98909;609;1075;0.01;0;0;0;0;50
27;49;98910;635;1168;0.01;0;0;1;1;74
28;48;98910;667;1091;0.01;0;0;2;4;98
28;48;98910;638;1057;0.01;0;2;3;4;122
28;47;98910;645;1011;0.01;0;2;3;4;158
28;47;98910;0;0;0;0;0;1;3;176
28;47;98910;601;982;0.01;0;1;1;2;192
28;46;98910;593;1014;0.01;0;1;1;2;216
28;46;98910;590;971;0.01;0;0;0;0;240
28;46;98910;589;969;0.01;0;0;2;5;268
28;46;98910;578;953;0.01;0;0;2;5;302
28;45;98910;554;925;0.01;0;0;4;8;326
28;45;98910;436;1002;0.01;0;1;1;1;350
29;44;98909;451;1184;0.01;0;1;2;3;374
29;44;98908;422;1159;0.01;0;0;1;1;410
29;43;98908;291;1070;0.01;0;2;6;11;422
29;42;98908;226;1017;0.01;0;2;6;11;446
28;41;98908;184;786;0.01;0;1;2;4;470
28;40;98912;137;827;0.01;0;3;3;4;492
27;38;98919;7;623;0.01;0;3;3;4;520
27;38;98924;0;604;0.01;0;0;2;5;546
26;37;98930;0;599;0.01;0;0;2;5;566
26;37;98935;0;563;0.01;0;0;2;5;602
0;0;0;2;578;0.01;0;1;1;2;644
0;0;0;3;538;0.01;0;0;0;0;648
25;37;98950;25;560;0.01;0;0;0;0;672
25;37;98955;31;505;0.01;0;0;0;0;696
24;37;98959;14;477;0.01;0;1;1;2;720
24;37;98963;6;546;0.01;0;1;1;2;748
24;38;98967;16;548;0.01;0;1;1;1;772
24;38;98970;0;0;0;0;0;0;1;792
24;38;98974;10;495;0.01;0;0;0;1;824
23;38;98977;24;584;0.01;0;0;1;2;846
23;38;98980;0;0;0;0;0;0;0;866
23;39;98982;2;565;0.01;0;0;1;1;904
22;39;98985;3;559;0.01;0;2;3;4;928
22;40;98987;0;590;0.01;0;1;2;3;952
22;40;98990;9;600;0.01;0;0;1;1;976
23;39;98992;103;535;0.01;0;0;0;0;1008
23;39;98993;347;550;0.01;0;0;1;1;1028
23;39;98995;441;556;0.01;0;0;1;1;1044
24;39;98996;385;554;0.01;0;2;5;9;1068
24;39;98998;352;530;0.01;0;1;1;1;1092
24;38;98999;310;538;0.01;0;1;1;1;1116
24;38;99000;249;534;0.01;0;0;1;1;1144
24;38;99001;243;568;0.01;0;1;1;1;1164
23;39;99002;244;541;0.01;0;1;1;1;1200
23;39;99003;315;571;0.01;0;0;0;0;1226
24;39;99004;445;545;0.01;0;1;1;2;1254
24;39;99005;829;546;0.01;0;1;1;1;1274
24;39;99005;976;492;0.01;0;0;0;0;1298
24;39;99005;411;556;0.01;0;1;2;2;1322
23;39;99005;175;496;0.01;0;1;2;2;1362
0;0;0;115;623;0.01;0;0;0;0;1366
22;40;99006;86;527;0.01;0;0;1;2;1392
22;40;99006;45;596;0.01;0;0;1;2;1416
21;41;99006;3;613;0.01;0;1;1;1;1440
21;41;99006;2;536;0.01;0;1;1;1;1476
21;42;99006;1;582;0.01;0;1;1;1;1500
20;43;99005;0;541;0.01;0;0;0;0;1528
21;43;99005;3;621;0.01;0;1;1;2;1552
21;42;99004;0;549;0.01;0;1;1;1;1582
21;42;99004;0;461;0.01;0;0;0;0;1594
21;42;99004;0;528;0.01;0;2;2;2;1618
21;42;99004;12;656;0.01;0;2;2;2;1642
21;42;99003;22;574;0.01;0;2;2;3;1666
21;42;99002;95;574;0.01;0;0;0;0;1710
0;0;0;252;551;0.01;0;0;0;0;1714
22;42;99000;544;651;0.01;0;2;2;2;1738
22;41;99000;667;654;0.01;0;2;2;2;1762
22;41;98999;772;636;0.01;0;2;2;2;1798
22;41;98998;921;599;0.01;0;3;3;3;1834
23;41;98998;886;556;0.01;0;0;1;1;1846
23;40;98997;491;548;0.01;0;1;1;1;1870
23;40;98997;557;556;0.01;0;1;2;2;1894
24;40;98996;962;641;0.01;0;1;1;2;1918
24;40;98996;798;623;0.01;0;1;1;2;1944
24;40;98996;1104;563;0.01;0;0;1;2;1972
24;40;98995;745;572;0.01;0;2;5;7;1992
23;40;98995;322;565;0.01;0;2;4;7;2016
22;40;98996;150;674;0.01;0;1;6;12;2040
21;40;98996;43;562;0.01;0;1;6;12;2070
21;41;98997;18;500;0.01;0;1;6;12;2098
21;41;98997;19;585;0.01;0;1;3;6;2124
20;43;98998;24;674;0.01;0;2;2;2;2152
20;43;98998;1;572;0.01;0;0;0;0;2184
20;43;98997;0;0;0;0;0;0;0;2196
20;43;98997;2;525;0.01;0;1;1;1;2220
20;43;98997;0;575;0.01;0;1;1;1;2244
20;43;98997;0;665;0.01;0;0;2;4;2268
20;44;98997;0;569;0.01;0;1;1;1;2296
20;43;98997;2;595;0.01;0;1;1;1;2320
20;43;98997;43;641;0.01;0;0;0;0;2344
20;43;98996;16;596;0.01;0;0;1;1;2370
20;43;98996;4;586;0.01;0;0;1;1;2398
20;43;98996;23;540;0.01;0;0;1;2;2436
20;43;98996;0;597;0.01;0;0;1;1;2448
21;42;98996;27;572;0.01;0;0;1;2;2472
21;42;98995;102;589;0.01;0;1;1;2;2496
21;42;98995;285;600;0.01;0;1;1;2;2520
22;41;98995;501;606;0.01;0;1;1;2;2552
22;41;98995;384;591;0.01;0;0;1;3;2572
22;41;98994;673;598;0.01;0;0;1;1;2592
22;41;98994;1024;602;0.01;0;0;1;1;2624
22;41;98993;1003;558;0.01;0;1;2;3;2638
23;41;98994;992;581;0.01;0;1;1;1;2662
23;41;98994;745;579;0.01;0;1;1;1;2698
23;41;98993;798;567;0.01;0;0;1;2;2738
0;0;0;901;501;0.01;0;0;0;0;2746
23;40;98993;706;551;0.01;0;0;0;0;2770
23;40;98992;556;706;0.01;0;3;11;20;2794
22;41;98992;299;556;0.01;0;0;1;1;2818
21;41;98990;118;575;0.01;0;0;1;1;2842
21;41;98990;14;572;0.01;0;2;4;6;2882
21;41;98990;9;515;0.01;0;0;0;0;2896
21;41;98989;32;562;0.01;0;0;0;0;2916
21;41;98989;42;552;0.01;0;1;1;2;2940
21;41;98988;14;574;0.01;0;0;0;0;2968
21;42;98987;9;566;0.01;0;1;1;2;3000
20;42;98987;29;574;0.01;0;1;2;3;3026
20;42;98986;22;451;0.01;0;0;1;1;3060
20;42;98985;0;539;0.01;0;0;1;1;3078
20;42;98984;4;608;0.01;0;1;1;1;3108
20;42;98983;25;550;0.01;0;1;1;1;3120
20;42;98982;34;556;0.01;0;1;1;1;3144
20;42;98981;105;511;0.01;0;1;2;3;3182
20;43;98980;88;584;0.01;0;4;5;7;3194
20;42;98979;50;539;0.01;0;4;5;6;3218
20;42;98978;86;564;0.01;0;1;1;1;3242
21;42;98978;146;595;0.01;0;1;1;1;3266
21;42;98977;174;613;0.01;0;1;1;1;3314
0;0;0;170;577;0.01;0;1;2;2;3330
21;42;98976;208;552;0.01;0;0;1;1;3348
22;41;98975;388;598;0.01;0;3;3;3;3374
22;41;98974;586;568;0.01;0;0;1;1;3414
0;0;0;759;527;0.01;0;0;0;0;3426
22;41;98974;760;568;0.01;0;0;1;1;3454
0;0;0;0;0;0;0;2;2;3;3470
22;41;98973;1026;514;0.01;0;1;1;2;3494
22;41;98973;1212;575;0.01;0;1;1;2;3518
22;41;98973;783;518;0.01;0;5;14;25;3542
22;41;98972;452;495;0.01;0;6;14;24;3564
21;42;98972;297;553;0.01;0;6;14;24;3602
20;42;98972;162;556;0.01;0;1;2;4;3626
20;42;98971;79;340;0.01;0;3;3;3;3650
20;42;98971;0;0;0;0;0;1;1;3678
20;42;98971;3;612;0.01;0;0;1;2;3706
20;43;98971;7;577;0.01;0;1;1;1;3722
20;43;98971;1;564;0.01;0;1;1;1;3766
0;0;0;0;584;0.01;0;0;0;0;3786
19;44;98971;0;0;0;0;5;5;5;3802
19;44;98972;0;544;0.01;0;5;5;5;3822
19;45;98972;0;476;0.01;0;4;6;9;3842
19;44;98973;0;522;0.01;0;4;5;7;3866
19;44;98973;0;632;0.01;0;4;5;7;3904
19;45;98974;0;569;0.01;0;2;6;11;3928
19;45;98975;35;562;0.01;0;2;3;3;3952
20;44;98975;112;610;0.01;0;2;2;2;3970
19;44;98975;166;579;0.01;0;4;5;6;4000
19;45;98976;157;552;0.01;0;1;2;2;4020
19;45;98976;137;580;0.01;0;1;2;2;4044
19;46;98976;106;589;0.01;0;0;1;2;4076
19;46;98977;0;0;0;0;3;3;3;4094
19;46;98978;117;557;0.01;0;2;3;3;4120
19;46;98978;81;618;0.01;0;0;1;1;4144
19;46;98978;45;556;0.01;0;0;1;1;4168
19;46;98979;46;530;0.01;0;0;1;1;4204
18;46;98980;15;506;0.01;0;0;1;2;4228
19;46;98980;0;525;0.01;0;2;2;2;4252
19;46;98980;0;509;0.01;0;1;1;1;4292
0;0;0;0;508;0.01;0;0;0;0;4300
19;46;98982;0;564;0.01;0;0;0;0;4320
19;45;98983;19;569;0.01;0;0;0;0;4346
19;45;98984;229;571;0.01;0;0;2;4;4370
20;45;98985;382;567;0.01;0;2;2;2;4406
0;0;0;576;582;0.01;0;0;0;0;4418
20;44;98987;916;539;0.01;0;2;4;6;4442
20;44;98988;850;574;0.01;0;2;4;6;4466
21;44;98989;563;597;0.01;0;2;4;6;4502
21;44;98989;759;608;0.01;0;0;1;3;4526
21;44;98990;1041;595;0.01;0;1;2;4;4554
21;43;98991;1055;581;0.01;0;1;1;1;4574
21;43;98992;1058;579;0.01;0;2;8;16;4598
21;43;98992;1136;555;0.01;0;1;2;2;4622
21;43;98992;853;536;0.01;0;1;2;2;4644
21;43;98992;533;503;0.01;0;2;2;3;4670
21;43;98991;374;596;0.01;0;1;1;1;4694
21;43;98990;324;592;0.01;0;1;1;1;4716
20;44;98990;292;631;0.01;0;3;8;13;4740
20;44;98989;208;561;0.01;0;3;7;12;4780
19;45;98989;130;566;0.01;0;3;7;12;4806
18;46;98989;117;552;0.01;0;0;0;0;4822
19;46;98989;77;592;0.01;0;1;1;2;4846
19;46;98989;116;625;0.01;0;1;1;1;4872
19;46;98990;165;554;0.01;0;1;1;1;4916
19;46;98990;0;0;0;0;3;3;3;4926
18;47;98990;89;626;0.01;0;3;3;3;4942
19;47;98990;169;605;0.01;0;3;3;4;4966
19;47;98989;178;625;0.01;0;2;3;4;5012
0;0;0;170;589;0.01;0;0;0;0;5016
18;47;98989;148;617;0.01;0;1;2;4;5040
18;47;98988;126;638;0.01;0;1;2;4;5064
18;47;98988;118;531;0.01;0;1;2;4;5100
18;49;98987;155;629;0.01;0;3;5;7;5122
18;49;98987;196;525;0.01;0;1;2;3;5146
18;49;98987;175;636;0.01;0;1;1;1;5170
18;48;98987;129;566;0.01;0;0;2;5;5194
18;48;98987;88;552;0.01;0;0;0;0;5220
18;48;98987;67;560;0.01;0;0;0;0;5256
18;48;98987;66;532;0.01;0;0;1;2;5268
18;48;98987;54;569;0.01;0;0;1;2;5292
18;48;98987;72;555;0.01;0;0;1;2;5316
18;48;98987;84;547;0.01;0;1;2;3;5352
18;48;98988;0;0;0;0;1;2;2;5368
18;48;98988;77;571;0.01;0;1;2;2;5404
18;48;98988;79;610;0.01;0;2;5;10;5428
18;48;98988;66;544;0.01;0;1;1;2;5452
18;47;98989;72;615;0.01;0;1;2;2;5492
0;0;0;261;596;0.01;0;0;0;0;5496
19;47;98991;853;571;0.01;0;0;1;1;5520
20;46;98991;1056;628;0.01;0;1;1;1;5544
20;47;98992;1199;622;0.01;0;0;1;1;5568
20;46;98992;1177;606;0.01;0;1;2;3;5592
20;46;98992;1222;603;0.01;0;2;2;3;5624
20;46;98993;1340;603;0.01;0;0;1;2;5642
20;46;98993;1523;597;0.01;0;0;1;1;5666
20;46;98994;2050;600;0.01;0;0;1;1;5702
20;46;98994;2106;603;0.01;0;0;1;1;5752
21;45;98994;1799;558;0.01;0;2;2;2;5772
20;45;98995;1274;598;0.01;0;1;1;1;5796
20;45;98994;739;608;0.01;0;1;1;1;5836
0;0;0;701;613;0.01;0;1;1;1;5844
21;46;98986;902;702;0.01;0;1;3;5;5868
21;46;98979;1065;694;0.01;0;1;1;2;5892