0.0 109.0
1.0 83.8
2.0 86.7
3.0 83.0
4.0 81.4
5.0 82.0
6.0 90.5
7.0 97.2
8.0 94.2
9.0 108.2
10.0 112.4
11.0 108.9
12.0 103.8
13.0 100.0
14.0 112.3
15.0 106.9
16.0 105.8
17.0 107.3
18.0 109.7
19.0 109.1
20.0 118.6
21.0 120.9
22.0 119.0
23.0 117.5
24.0 114.4
25.0 109.6
26.0 104.3
27.0 107.3
28.0 107.6
29.0 106.3
30.0 107.4
31.0 102.3
32.0 99.8
33.0 103.6
34.0 108.6
35.0 120.8
36.0 104.3
37.0 102.4
38.0 107.9
39.0 108.0
40.0 105.0
41.0 97.6
42.0 91.8
43.0 91.4
44.0 92.8
45.0 91.8
46.0 83.2
47.0 91.3
48.0 109.5
49.0 122.6
50.0 132.0
51.0 135.0
52.0 130.7
53.0 127.3
54.0 121.0
55.0 117.9
56.0 116.1
57.0 113.1
58.0 99.6
59.0 93.5
60.0 111.8
61.0 123.2
62.0 132.8
63.0 117.0
64.0 104.2
65.0 104.2
66.0 104.0
67.0 99.7
68.0 109.1
69.0 109.9
70.0 103.7
71.0 103.4
72.0 105.5
73.0 111.8
74.0 111.6
75.0 108.2
76.0 108.1
77.0 109.3
78.0 111.2
79.0 110.5
80.0 108.3
81.0 109.3
82.0 103.8
83.0 103.8
84.0 98.9
85.0 98.9
86.0 106.3
87.0 114.4
88.0 115.4
89.0 113.2
90.0 105.3
91.0 106.3
92.0 111.8
93.0 107.5
94.0 115.0
95.0 110.0
96.0 103.8
97.0 103.3
98.0 105.1
99.0 105.6
100.0 0.1
