16.67
12.63
26.09
26.09
21.43
6.00
13.64
9.52
27.92
26.09
15.79
17.65
30.00
15.79
15.38
9.52
33.33
30.00
26.09
27.27
28.57
26.09
26.09
11.32
28.57
26.09
28.57
11.11
9.68
9.68
9.68
30.00
28.57
31.58
17.14
28.57
31.58
9.52
9.52
9.52
9.52
22.65
22.22
9.68
23.08
25.00
23.08
9.52
23.08
9.52
9.52
4.30
3.23
7.14
14.29
5.88
6.90
25.00
15.00
9.68
9.68
9.60
10.00
9.68
9.84
24.00
10.00
24.50
24.00
24.00
10.00
9.84
10.00
9.68
9.68
28.57
28.57
30.00
28.57
9.68
9.68
10.00
28.57
24.00
24.00
24.00
24.00
10.00
9.84
10.00
23.08
23.08
23.08
10.00
9.68
23.08
26.09
30.00
26.09
9.38
6.56