0.00 26.13 49.42 97261.10 619.85 1098.42 0.00 0.01 1.92 0.97 1.92
1.00 27.30 47.43 97261.50 638.27 1078.88 0.00 0.01 3.82 2.08 3.82
2.00 27.53 46.27 97261.50 627.05 988.83 0.00 0.01 3.81 2.28 3.81
3.00 27.53 45.47 97261.50 583.93 974.58 0.00 0.01 1.95 0.97 1.95
4.00 27.53 45.23 97261.50 574.10 945.48 0.00 0.01 0.00 1.96 0.00
5.00 27.62 44.27 97261.42 491.38 964.77 0.00 0.01 1.30 2.37 1.30
6.00 28.52 43.20 97259.85 415.42 1141.67 0.00 0.01 4.21 1.63 4.21
7.00 28.07 40.93 97259.73 209.65 905.22 0.00 0.01 7.67 4.15 7.67
8.00 26.87 38.00 97269.13 58.31 673.42 0.00 0.01 3.92 2.75 3.92
9.00 25.80 36.62 97281.85 0.00 575.18 0.00 0.01 0.00 1.97 0.00
10.00 24.00 34.36 91870.36 2.98 562.35 0.00 0.01 1.95 1.19 1.95
11.00 24.37 36.38 97304.78 24.60 510.68 0.00 0.01 1.86 0.93 1.86
12.00 23.60 36.72 97314.22 10.70 524.92 0.00 0.01 1.63 0.98 1.63
13.00 23.55 37.37 97322.78 11.40 494.60 0.00 0.01 0.80 0.88 0.80
14.00 22.62 37.70 97330.05 12.40 559.90 0.00 0.01 0.00 0.98 0.00
15.00 21.93 38.63 97334.92 2.51 560.27 0.00 0.01 3.50 2.07 3.50
16.00 22.10 38.87 97340.75 58.49 558.50 0.00 0.01 2.62 1.19 2.62
17.00 22.93 38.35 97344.53 362.05 542.70 0.00 0.01 8.55 2.34 8.55
18.00 23.60 37.85 97348.47 321.78 526.77 0.00 0.01 1.72 1.32 1.72
19.00 23.32 37.65 97350.90 241.43 538.42 0.00 0.01 0.97 0.98 0.97
20.00 22.85 38.35 97352.87 317.60 545.92 0.00 0.01 1.38 0.97 1.38
21.00 23.60 38.35 97354.68 777.42 515.23 0.00 0.01 1.39 1.00 1.39
22.00 23.00 38.35 97354.92 262.55 510.73 0.00 0.01 1.97 1.97 1.97
23.00 21.66 39.23 97237.96 74.65 551.58 0.00 0.01 1.50 1.05 1.50
24.00 20.65 40.32 97355.90 2.35 556.58 0.00 0.01 0.98 0.98 0.98
25.00 20.18 41.88 97355.32 1.41 557.72 0.00 0.01 1.19 0.97 1.19
26.00 20.65 41.58 97354.22 2.83 542.65 0.00 0.01 1.33 0.98 1.33
27.00 20.65 41.30 97353.75 14.72 578.83 0.00 0.01 2.15 1.97 2.15
28.00 20.64 41.28 97295.29 82.83 563.67 0.00 0.01 2.79 1.86 2.79
29.00 21.62 40.71 97292.95 608.60 635.77 0.00 0.01 1.97 1.97 1.97
30.00 21.63 40.32 97348.48 838.60 605.67 0.00 0.01 2.50 2.50 2.50
31.00 22.55 39.60 97347.32 611.38 546.40 0.00 0.01 1.54 1.43 1.54
32.00 23.52 39.33 97346.15 850.62 610.23 0.00 0.01 1.96 1.07 1.96
33.00 23.35 39.33 97345.48 770.43 557.12 0.00 0.01 6.81 3.07 6.81
34.00 21.35 39.33 97345.92 126.93 597.88 0.00 0.01 11.05 5.60 11.05
35.00 20.63 40.28 97347.00 19.90 535.53 0.00 0.01 9.03 4.53 9.03
36.00 19.67 42.28 97348.03 11.33 608.37 0.00 0.01 1.93 1.93 1.93
37.00 19.67 42.28 97347.05 1.92 538.02 0.00 0.01 0.98 0.98 0.98
38.00 19.67 42.75 97347.05 1.71 600.62 0.00 0.01 0.97 1.38 0.97
39.00 19.67 42.28 97346.77 22.33 603.77 0.00 0.01 0.95 0.97 0.95
40.00 19.67 42.28 97346.07 12.70 560.87 0.00 0.01 0.00 0.98 0.00
41.00 20.18 41.77 97345.95 36.04 560.92 0.00 0.01 1.75 0.98 1.75
42.00 20.95 41.00 97345.08 293.20 588.68 0.00 0.01 1.97 0.98 1.97
43.00 21.63 40.32 97344.67 554.57 587.90 0.00 0.01 1.87 0.98 1.87
44.00 21.93 40.32 97343.87 992.43 575.40 0.00 0.01 1.82 1.22 1.82
45.00 22.62 40.32 97343.82 772.30 566.15 0.00 0.01 0.98 0.98 0.98
46.00 22.56 39.67 97089.21 745.50 551.62 0.00 0.01 16.00 2.39 16.00
47.00 21.72 39.98 97341.63 334.43 601.48 0.00 0.01 19.05 4.32 19.05
48.00 20.65 40.32 97340.17 28.53 553.42 0.00 0.01 5.85 3.38 5.85
49.00 20.65 40.32 97339.07 30.63 547.70 0.00 0.01 1.92 0.96 1.92
50.00 20.48 41.02 97337.50 13.60 560.17 0.00 0.01 2.19 1.21 2.19
51.00 19.67 41.30 97336.35 23.76 489.48 0.00 0.01 2.82 1.25 2.82
52.00 19.67 41.30 97333.95 13.57 568.98 0.00 0.01 0.98 0.98 0.98
53.00 19.67 41.38 97331.50 82.90 520.57 0.00 0.01 2.75 1.95 2.75
54.00 19.73 41.42 97329.00 74.40 549.00 0.00 0.01 3.68 3.05 3.68
55.00 20.65 41.30 97327.72 161.77 596.78 0.00 0.01 0.98 0.98 0.98
56.00 20.89 40.68 96726.39 237.30 570.88 0.00 0.01 2.12 1.78 2.12
57.00 21.57 40.20 97033.53 569.18 557.38 0.00 0.01 2.73 1.37 2.73
58.00 21.46 40.00 96559.71 815.20 537.57 0.00 0.01 2.48 1.26 2.48
59.00 21.63 40.32 97323.45 990.15 531.37 0.00 0.01 10.78 5.97 10.78
60.00 21.03 40.92 97322.48 356.98 521.93 0.00 0.01 23.62 13.77 23.62
61.00 19.70 41.30 97321.92 125.06 443.33 0.00 0.01 4.24 2.62 4.24
62.00 19.67 41.50 97321.48 4.10 586.83 0.00 0.01 0.92 0.98 0.92
63.00 19.59 42.12 96951.18 1.47 559.13 0.00 0.01 0.98 0.98 0.98
64.00 18.63 43.41 97031.06 0.00 518.18 0.00 0.01 6.00 5.18 6.00
65.00 18.68 43.37 97323.35 0.00 561.87 0.00 0.01 7.08 5.02 7.08
66.00 18.72 44.07 97324.72 39.41 567.53 0.00 0.01 6.72 4.42 6.72
67.00 18.95 43.48 97325.63 146.88 571.77 0.00 0.01 3.97 3.47 3.97
68.00 18.68 44.72 97326.40 122.58 571.27 0.00 0.01 1.94 1.50 1.94
69.00 18.68 45.23 97327.93 103.74 562.76 0.00 0.01 2.93 2.45 2.93
70.00 18.68 45.23 97328.73 52.42 550.63 0.00 0.01 0.00 0.98 0.00
71.00 18.28 45.23 97330.10 25.74 509.82 0.00 0.01 1.91 1.33 1.91
72.00 18.63 45.12 97076.85 0.00 508.52 0.00 0.01 1.05 1.05 1.05
73.00 18.68 44.45 97333.43 110.48 559.22 0.00 0.01 0.00 1.91 0.00
74.00 19.52 43.90 96923.08 477.98 557.02 0.00 0.01 2.67 2.29 2.67
75.00 19.98 43.27 97338.25 762.55 562.38 0.00 0.01 5.90 3.93 5.90
76.00 20.65 43.27 97339.48 775.42 590.85 0.00 0.01 4.83 2.13 4.83
77.00 20.65 42.45 97341.47 1043.03 570.68 0.00 0.01 7.57 4.03 7.57
78.00 20.65 42.28 97342.13 832.40 523.18 0.00 0.01 2.27 1.97 2.27
79.00 20.57 42.37 97340.83 363.80 575.12 0.00 0.01 2.25 1.70 2.25
80.00 19.67 43.27 97339.50 231.13 573.82 0.00 0.01 12.12 7.20 12.12
81.00 18.42 44.80 97339.18 109.35 560.20 0.00 0.01 7.86 4.52 7.86
82.00 18.68 45.23 97339.62 130.75 579.97 0.00 0.01 1.10 0.98 1.10
83.00 18.42 45.75 97340.17 138.58 581.26 0.00 0.01 2.60 2.35 2.60
84.00 18.66 46.16 97221.50 173.15 609.18 0.00 0.01 3.93 2.95 3.93
85.00 17.70 46.22 97338.60 131.23 599.35 0.00 0.01 3.93 1.97 3.93
86.00 17.70 47.35 97337.63 145.20 556.88 0.00 0.01 4.83 3.07 4.83
87.00 17.70 47.80 97337.22 158.65 576.37 0.00 0.01 1.62 1.57 1.62
88.00 17.70 47.20 97337.22 76.02 547.30 0.00 0.01 0.00 1.00 0.00
89.00 17.70 47.20 97337.22 62.07 547.08 0.00 0.01 0.00 0.98 0.00
90.00 17.70 47.20 97337.52 80.41 536.57 0.00 0.01 2.62 1.88 2.62
91.00 17.70 47.20 97338.20 76.33 576.63 0.00 0.01 5.17 3.15 5.17
92.00 17.70 46.60 97338.80 68.50 577.53 0.00 0.01 1.97 1.58 1.97
93.00 19.07 45.73 97223.21 845.75 591.43 0.00 0.01 1.10 1.05 1.10
94.00 19.67 45.58 97342.13 1175.58 600.80 0.00 0.01 2.92 1.62 2.92
95.00 19.67 45.23 97342.82 1352.42 590.65 0.00 0.01 2.84 1.28 2.84
96.00 19.67 45.23 97344.08 2027.58 591.05 0.00 0.01 0.00 0.98 0.00
97.00 20.00 44.72 97344.28 1816.03 577.03 0.00 0.01 1.59 1.32 1.59
98.00 19.63 44.17 97161.02 838.80 596.20 0.00 0.01 0.98 0.98 0.98
99.00 0.17 0.37 806.79 8.25 5.90 0.00 0.00 0.03 0.02 0.03
