6 13 0 0 0 0 0 0 0.0 0.0 0.0 0.0 0 0 0.0 0.0 4/11/2022 14 59 44 45.4721327 9.2273085
6 13 26.0 51.0 98910 649 1137 0.01 0.0 1.0 1.0 2.0 1 1 1.0 1.0 4/11/2022 14 59 56 45.4720881 9.2272606
6 14 27.0 50.0 98909 609 1075 0.01 0.0 0.0 0.0 0.0 1 1 1.0 1.0 4/11/2022 15 0 22 45.4720444 9.2273398
6 15 27.0 49.0 98910 635 1168 0.01 0.0 0.0 1.0 1.0 1 2 2.0 2.0 4/11/2022 15 0 46 45.4719656 9.2273393
6 16 28.0 48.0 98910 667 1091 0.01 0.0 0.0 2.0 4.0 1 2 2.0 2.0 4/11/2022 15 1 10 45.4719667 9.227335
6 17 28.0 48.0 98910 638 1057 0.01 0.0 2.0 3.0 4.0 1 2 2.0 2.0 4/11/2022 15 1 34 45.4719528 9.2274165
6 18 28.0 47.0 98910 645 1011 0.01 0.0 2.0 3.0 4.0 1 2 2.0 2.0 4/11/2022 15 1 58 45.4719602 9.2272726
6 20 28.0 47.0 98910 0 0 0 0.0 0.0 1.0 3.0 1 1 0.0 1.0 4/11/2022 15 2 34 45.4719975 9.2273954
6 20 28.0 47.0 98910 601 982 0.01 0.0 1.0 1.0 2.0 1 1 2.0 1.0 4/11/2022 15 2 52 45.4719769 9.2274133
6 21 28.0 46.0 98910 593 1014 0.01 0.0 1.0 1.0 2.0 1 2 2.0 2.0 4/11/2022 15 3 8 45.4719983 9.2274167
6 22 28.0 46.0 98910 590 971 0.01 0.0 0.0 0.0 0.0 1 2 2.0 2.0 4/11/2022 15 3 32 45.4719848 9.2273824
6 23 28.0 46.0 98910 589 969 0.01 0.0 0.0 2.0 5.0 1 2 2.0 2.0 4/11/2022 15 3 56 45.471985 9.2273817
6 24 28.0 46.0 98910 578 953 0.01 0.0 0.0 2.0 5.0 1 2 2.0 2.0 4/11/2022 15 4 24 45.4719854 9.2274367
6 25 28.0 45.0 98910 554 925 0.01 0.0 0.0 4.0 8.0 1 2 2.0 2.0 4/11/2022 15 4 58 45.4720657 9.2273595
6 26 28.0 45.0 98910 436 1002 0.01 0.0 1.0 1.0 1.0 1 2 2.0 2.0 4/11/2022 15 5 22 45.472154 9.2273808
6 27 29.0 44.0 98909 451 1184 0.01 0.0 1.0 2.0 3.0 1 2 2.0 2.0 4/11/2022 15 5 46 45.4721183 9.2272947
6 28 29.0 44.0 98908 422 1159 0.01 0.0 0.0 1.0 1.0 1 1 1.0 1.0 4/11/2022 15 6 10 45.472064 9.227496
6 29 29.0 43.0 98908 291 1070 0.01 0.0 2.0 6.0 11.0 1 1 1.0 1.0 4/11/2022 15 6 46 45.4721495 9.2273784
6 30 29.0 42.0 98908 226 1017 0.01 0.0 2.0 6.0 11.0 1 2 2.0 2.0 4/11/2022 15 6 58 45.4725621 9.2271366
6 31 28.0 41.0 98908 184 786 0.01 0.0 1.0 2.0 4.0 1 2 2.0 2.0 4/11/2022 15 7 22 45.4726242 9.2271564
6 32 28.0 40.0 98912 137 827 0.01 0.0 3.0 3.0 4.0 1 2 1.0 2.0 4/11/2022 15 7 46 45.4724014 9.2274434
6 33 27.0 38.0 98919 7 623 0.01 0.0 3.0 3.0 4.0 1 1 2.0 1.0 4/11/2022 15 8 8 45.47262 9.2275648
6 34 27.0 38.0 98924 0 604 0.01 0.0 0.0 2.0 5.0 1 1 1.0 1.0 4/11/2022 15 8 36 45.4726677 9.2279526
6 35 26.0 37.0 98930 0 599 0.01 0.0 0.0 2.0 5.0 1 2 1.0 1.0 4/11/2022 15 9 2 45.4727457 9.2282626
6 36 26.0 37.0 98935 0 563 0.01 0.0 0.0 2.0 5.0 1 3 3.0 3.0 4/11/2022 15 9 22 45.4727854 9.2288999
6 38 0 0 0 2 578 0.01 0.0 1.0 1.0 2.0 1 0 2.0 1.0 4/11/2022 15 9 58 45.4727431 9.2296417
6 39 0 0 0 3 538 0.01 0.0 0.0 0.0 0.0 0 0 1.0 0.0 4/11/2022 15 10 40 45.4727 9.2297527
6 39 25.0 37.0 98950 25 560 0.01 0.0 0.0 0.0 0.0 1 2 2.0 2.0 4/11/2022 15 10 44 45.4724673 9.230075
6 40 25.0 37.0 98955 31 505 0.01 0.0 0.0 0.0 0.0 1 2 1.0 2.0 4/11/2022 15 11 8 45.4724716 9.2303176
6 41 24.0 37.0 98959 14 477 0.01 0.0 1.0 1.0 2.0 1 2 2.0 2.0 4/11/2022 15 11 32 45.4726466 9.2307401
6 42 24.0 37.0 98963 6 546 0.01 0.0 1.0 1.0 2.0 1 2 2.0 2.0 4/11/2022 15 11 56 45.4728523 9.2312686
6 43 24.0 38.0 98967 16 548 0.01 0.0 1.0 1.0 1.0 1 1 1.0 1.0 4/11/2022 15 12 24 45.4728876 9.2316886
6 45 24.0 38.0 98970 0 0 0 0.0 0.0 0.0 1.0 1 2 0.0 2.0 4/11/2022 15 12 48 45.4728932 9.2320229
6 45 24.0 38.0 98974 10 495 0.01 0.0 0.0 0.0 1.0 1 2 2.0 2.0 4/11/2022 15 13 8 45.4726951 9.2325135
6 46 23.0 38.0 98977 24 584 0.01 0.0 0.0 1.0 2.0 2 1 1.0 2.0 4/11/2022 15 13 40 45.472783 9.2329249
6 48 23.0 38.0 98980 0 0 0 0.0 0.0 0.0 0.0 0 2 0.0 0.0 4/11/2022 15 14 2 45.4727333 9.2332227
6 48 23.0 39.0 98982 2 565 0.01 0.0 0.0 1.0 1.0 1 2 2.0 2.0 4/11/2022 15 14 22 45.4727162 9.2339347
6 49 22.0 39.0 98985 3 559 0.01 0.0 2.0 3.0 4.0 1 2 2.0 2.0 4/11/2022 15 15 0 45.4727738 9.2342976
6 50 22.0 40.0 98987 0 590 0.01 0.0 1.0 2.0 3.0 1 1 2.0 2.0 4/11/2022 15 15 24 45.4727929 9.2345545
6 51 22.0 40.0 98990 9 600 0.01 0.0 0.0 1.0 1.0 2 2 2.0 2.0 4/11/2022 15 15 48 45.4728269 9.2345434
6 52 23.0 39.0 98992 103 535 0.01 0.0 0.0 0.0 0.0 1 2 2.0 2.0 4/11/2022 15 16 12 45.4728267 9.2345433
6 53 23.0 39.0 98993 347 550 0.01 0.0 0.0 1.0 1.0 1 1 1.0 1.0 4/11/2022 15 16 44 45.472835 9.2345433
6 54 23.0 39.0 98995 441 556 0.01 0.0 0.0 1.0 1.0 1 1 2.0 1.0 4/11/2022 15 17 4 45.472835 9.2345433
6 55 24.0 39.0 98996 385 554 0.01 0.0 2.0 5.0 9.0 1 2 2.0 2.0 4/11/2022 15 17 20 45.472835 9.2345433
6 56 24.0 39.0 98998 352 530 0.01 0.0 1.0 1.0 1.0 1 2 2.0 2.0 4/11/2022 15 17 44 45.472835 9.2345433
6 57 24.0 38.0 98999 310 538 0.01 0.0 1.0 1.0 1.0 1 2 2.0 2.0 4/11/2022 15 18 8 45.472835 9.2345433
6 58 24.0 38.0 99000 249 534 0.01 0.0 0.0 1.0 1.0 1 1 1.0 1.0 4/11/2022 15 18 32 45.472835 9.2345433
6 59 24.0 38.0 99001 243 568 0.01 0.0 1.0 1.0 1.0 1 2 1.0 2.0 4/11/2022 15 19 0 45.472835 9.2345433
6 60 23.0 39.0 99002 244 541 0.01 0.0 1.0 1.0 1.0 1 3 3.0 3.0 4/11/2022 15 19 20 45.4728333 9.234595
6 61 23.0 39.0 99003 315 571 0.01 0.0 0.0 0.0 0.0 1 2 2.0 2.0 4/11/2022 15 19 56 45.4728333 9.234595
6 62 24.0 39.0 99004 445 545 0.01 0.0 1.0 1.0 2.0 1 1 2.0 1.0 4/11/2022 15 20 22 45.4728333 9.234595
6 63 24.0 39.0 99005 829 546 0.01 0.0 1.0 1.0 1.0 1 2 1.0 2.0 4/11/2022 15 20 50 45.4728379 9.2345987
6 1 24.0 39.0 99005 976 492 0.01 0.0 0.0 0.0 0.0 1 1 2.0 2.0 4/11/2022 15 21 10 45.4730666 9.2347419
6 2 24.0 39.0 99005 411 556 0.01 0.0 1.0 2.0 2.0 1 2 2.0 2.0 4/11/2022 15 21 34 45.4733192 9.2346462
6 3 23.0 39.0 99005 175 496 0.01 0.0 1.0 2.0 2.0 2 2 2.0 2.0 4/11/2022 15 21 58 45.4737554 9.2344921
6 5 0 0 0 115 623 0.01 0.0 0.0 0.0 0.0 0 0 1.0 0.0 4/11/2022 15 22 38 45.4737956 9.2344763
6 5 22.0 40.0 99006 86 527 0.01 0.0 0.0 1.0 2.0 1 2 2.0 2.0 4/11/2022 15 22 42 45.4741497 9.2344902
6 6 22.0 40.0 99006 45 596 0.01 0.0 0.0 1.0 2.0 2 2 2.0 2.0 4/11/2022 15 23 8 45.474466 9.2344849
6 7 21.0 41.0 99006 3 613 0.01 0.0 1.0 1.0 1.0 1 2 2.0 2.0 4/11/2022 15 23 32 45.474744 9.2344739
6 8 21.0 41.0 99006 2 536 0.01 0.0 1.0 1.0 1.0 1 2 1.0 2.0 4/11/2022 15 23 56 45.475194 9.2344663
6 9 21.0 42.0 99006 1 582 0.01 0.0 1.0 1.0 1.0 1 2 2.0 2.0 4/11/2022 15 24 32 45.4754733 9.2344786
6 10 20.0 43.0 99005 0 541 0.01 0.0 0.0 0.0 0.0 2 2 2.0 2.0 4/11/2022 15 24 56 45.475763 9.2344698
6 11 21.0 43.0 99005 3 621 0.01 0.0 1.0 1.0 2.0 1 2 2.0 2.0 4/11/2022 15 25 24 45.4759486 9.2347226
6 12 21.0 42.0 99004 0 549 0.01 0.0 1.0 1.0 1.0 2 1 2.0 1.0 4/11/2022 15 25 48 45.4760907 9.235297
6 13 21.0 42.0 99004 0 461 0.01 0.0 0.0 0.0 0.0 1 1 1.0 1.0 4/11/2022 15 26 18 45.4760234 9.235454
6 14 21.0 42.0 99004 0 528 0.01 0.0 2.0 2.0 2.0 1 1 2.0 2.0 4/11/2022 15 26 30 45.4758331 9.2358681
6 15 21.0 42.0 99004 12 656 0.01 0.0 2.0 2.0 2.0 1 2 2.0 2.0 4/11/2022 15 26 54 45.4756834 9.2359929
6 16 21.0 42.0 99003 22 574 0.01 0.0 2.0 2.0 3.0 1 2 2.0 2.0 4/11/2022 15 27 18 45.4756867 9.2359967
6 17 21.0 42.0 99002 95 574 0.01 0.0 0.0 0.0 0.0 1 2 1.0 2.0 4/11/2022 15 27 42 45.4756867 9.2359967
6 19 0 0 0 252 551 0.01 0.0 0.0 0.0 0.0 0 0 1.0 0.0 4/11/2022 15 28 26 45.4756867 9.2359967
6 19 22.0 42.0 99000 544 651 0.01 0.0 2.0 2.0 2.0 1 2 2.0 2.0 4/11/2022 15 28 30 45.4756867 9.2359967
6 20 22.0 41.0 99000 667 654 0.01 0.0 2.0 2.0 2.0 1 2 2.0 2.0 4/11/2022 15 28 54 45.4756867 9.2359967
6 21 22.0 41.0 98999 772 636 0.01 0.0 2.0 2.0 2.0 1 3 3.0 3.0 4/11/2022 15 29 18 45.4756867 9.2359967
6 22 22.0 41.0 98998 921 599 0.01 0.0 3.0 3.0 3.0 1 2 2.0 2.0 4/11/2022 15 29 54 45.4756867 9.2359967
6 23 23.0 41.0 98998 886 556 0.01 0.0 0.0 1.0 1.0 1 1 1.0 1.0 4/11/2022 15 30 30 45.4756867 9.2359967
6 24 23.0 40.0 98997 491 548 0.01 0.0 1.0 1.0 1.0 1 2 2.0 2.0 4/11/2022 15 30 42 45.4756867 9.2359967
6 25 23.0 40.0 98997 557 556 0.01 0.0 1.0 2.0 2.0 1 2 2.0 2.0 4/11/2022 15 31 6 45.4756867 9.2359967
6 26 24.0 40.0 98996 962 641 0.01 0.0 1.0 1.0 2.0 1 2 2.0 2.0 4/11/2022 15 31 30 45.4756867 9.2359967
6 27 24.0 40.0 98996 798 623 0.01 0.0 1.0 1.0 2.0 1 2 2.0 2.0 4/11/2022 15 31 54 45.4756867 9.2359967
6 28 24.0 40.0 98996 1104 563 0.01 0.0 0.0 1.0 2.0 1 1 1.0 1.0 4/11/2022 15 32 20 45.475917 9.2358072
6 29 24.0 40.0 98995 745 572 0.01 0.0 2.0 5.0 7.0 1 2 1.0 2.0 4/11/2022 15 32 48 45.4759771 9.2355565
6 30 23.0 40.0 98995 322 565 0.01 0.0 2.0 4.0 7.0 1 2 2.0 2.0 4/11/2022 15 33 8 45.4760692 9.2351522
6 31 22.0 40.0 98996 150 674 0.01 0.0 1.0 6.0 12.0 1 2 2.0 2.0 4/11/2022 15 33 32 45.4760359 9.2347056
6 32 21.0 40.0 98996 43 562 0.01 0.0 1.0 6.0 12.0 1 1 1.0 1.0 4/11/2022 15 33 56 45.476193 9.2344688
6 33 21.0 41.0 98997 18 500 0.01 0.0 1.0 6.0 12.0 1 1 3.0 2.0 4/11/2022 15 34 26 45.4765299 9.2344552
6 34 21.0 41.0 98997 19 585 0.01 0.0 1.0 3.0 6.0 1 2 2.0 2.0 4/11/2022 15 34 54 45.4768641 9.2344525
6 35 20.0 43.0 98998 24 674 0.01 0.0 2.0 2.0 2.0 1 2 2.0 1.0 4/11/2022 15 35 20 45.4772032 9.2344751
6 36 20.0 43.0 98998 1 572 0.01 0.0 0.0 0.0 0.0 1 1 2.0 2.0 4/11/2022 15 35 48 45.4775833 9.2344999
6 38 20.0 43.0 98997 0 0 0 0.0 0.0 0.0 0.0 2 1 0.0 1.0 4/11/2022 15 36 20 45.477739 9.2344748
6 38 20.0 43.0 98997 2 525 0.01 0.0 1.0 1.0 1.0 1 2 2.0 1.0 4/11/2022 15 36 32 45.4779953 9.2344341
6 39 20.0 43.0 98997 0 575 0.01 0.0 1.0 1.0 1.0 1 2 2.0 2.0 4/11/2022 15 36 56 45.4783081 9.2344565
6 40 20.0 43.0 98997 0 665 0.01 0.0 0.0 2.0 4.0 2 2 1.0 2.0 4/11/2022 15 37 20 45.4786152 9.2344694
6 41 20.0 44.0 98997 0 569 0.01 0.0 1.0 1.0 1.0 1 2 2.0 2.0 4/11/2022 15 37 44 45.4789339 9.2344401
6 42 20.0 43.0 98997 2 595 0.01 0.0 1.0 1.0 1.0 2 1 1.0 1.0 4/11/2022 15 38 12 45.4792273 9.2344507
6 43 20.0 43.0 98997 43 641 0.01 0.0 0.0 0.0 0.0 1 2 2.0 2.0 4/11/2022 15 38 36 45.4795097 9.2344295
6 44 20.0 43.0 98996 16 596 0.01 0.0 0.0 1.0 1.0 1 2 2.0 2.0 4/11/2022 15 39 0 45.4798065 9.2344185
6 45 20.0 43.0 98996 4 586 0.01 0.0 0.0 1.0 1.0 1 1 3.0 2.0 4/11/2022 15 39 26 45.4801458 9.2344248
6 46 20.0 43.0 98996 23 540 0.01 0.0 0.0 1.0 2.0 2 2 1.0 2.0 4/11/2022 15 39 54 45.4802433 9.2344217
6 47 20.0 43.0 98996 0 597 0.01 0.0 0.0 1.0 1.0 1 1 1.0 1.0 4/11/2022 15 40 32 45.4802433 9.2344217
6 48 21.0 42.0 98996 27 572 0.01 0.0 0.0 1.0 2.0 1 2 2.0 2.0 4/11/2022 15 40 44 45.4802433 9.2344217
6 49 21.0 42.0 98995 102 589 0.01 0.0 1.0 1.0 2.0 1 2 2.0 2.0 4/11/2022 15 41 8 45.4802433 9.2344217
6 50 21.0 42.0 98995 285 600 0.01 0.0 1.0 1.0 2.0 1 2 2.0 2.0 4/11/2022 15 41 32 45.4802433 9.2344217
6 51 22.0 41.0 98995 501 606 0.01 0.0 1.0 1.0 2.0 1 1 1.0 1.0 4/11/2022 15 41 56 45.4802433 9.2344217
6 52 22.0 41.0 98995 384 591 0.01 0.0 0.0 1.0 3.0 1 1 2.0 1.0 4/11/2022 15 42 28 45.4802433 9.2344217
6 53 22.0 41.0 98994 673 598 0.01 0.0 0.0 1.0 1.0 1 1 2.0 2.0 4/11/2022 15 42 48 45.4802433 9.2344217
6 54 22.0 41.0 98994 1024 602 0.01 0.0 0.0 1.0 1.0 1 2 2.0 2.0 4/11/2022 15 43 8 45.4802433 9.2344217
6 55 22.0 41.0 98993 1003 558 0.01 0.0 1.0 2.0 3.0 1 1 1.0 1.0 4/11/2022 15 43 40 45.4802433 9.2344217
6 56 23.0 41.0 98994 992 581 0.01 0.0 1.0 1.0 1.0 1 2 2.0 2.0 4/11/2022 15 43 54 45.4802433 9.2344217
6 57 23.0 41.0 98994 745 579 0.01 0.0 1.0 1.0 1.0 1 3 3.0 3.0 4/11/2022 15 44 18 45.4802433 9.2344217
6 58 23.0 41.0 98993 798 567 0.01 0.0 0.0 1.0 2.0 1 2 1.0 1.0 4/11/2022 15 44 54 45.4803367 9.2344317
6 60 0 0 0 901 501 0.01 0.0 0.0 0.0 0.0 0 0 1.0 0.0 4/11/2022 15 45 34 45.4803367 9.2344317
6 60 23.0 40.0 98993 706 551 0.01 0.0 0.0 0.0 0.0 1 2 2.0 2.0 4/11/2022 15 45 42 45.4805294 9.2344091
6 61 23.0 40.0 98992 556 706 0.01 0.0 3.0 11.0 20.0 1 2 2.0 2.0 4/11/2022 15 46 6 45.4808668 9.2343863
6 62 22.0 41.0 98992 299 556 0.01 0.0 0.0 1.0 1.0 1 2 2.0 2.0 4/11/2022 15 46 30 45.4811572 9.2343739
6 63 21.0 41.0 98990 118 575 0.01 0.0 0.0 1.0 1.0 1 2 2.0 2.0 4/11/2022 15 46 54 45.4814598 9.2344015
6 1 21.0 41.0 98990 14 572 0.01 0.0 2.0 4.0 6.0 1 2 1.0 2.0 4/11/2022 15 47 18 45.481973 9.2344742
6 2 21.0 41.0 98990 9 515 0.01 0.0 0.0 0.0 0.0 1 1 1.0 1.0 4/11/2022 15 47 58 45.4821387 9.2344153
6 3 21.0 41.0 98989 32 562 0.01 0.0 0.0 0.0 0.0 1 2 1.0 2.0 4/11/2022 15 48 12 45.4824001 9.234356
6 4 21.0 41.0 98989 42 552 0.01 0.0 1.0 1.0 2.0 1 2 1.0 1.0 4/11/2022 15 48 32 45.4827367 9.2343677
6 6 21.0 41.0 98988 14 574 0.01 0.0 0.0 0.0 0.0 0 1 2.0 0.0 4/11/2022 15 48 56 45.4830458 9.2342266
6 6 21.0 42.0 98987 9 566 0.01 0.0 1.0 1.0 2.0 1 2 1.0 3.0 4/11/2022 15 49 24 45.4834248 9.2341169
6 7 20.0 42.0 98987 29 574 0.01 0.0 1.0 2.0 3.0 1 1 2.0 1.0 4/11/2022 15 49 56 45.4838065 9.2342918
6 8 20.0 42.0 98986 22 451 0.01 0.0 0.0 1.0 1.0 0 2 2.0 1.0 4/11/2022 15 50 22 45.4840948 9.2348697
6 9 20.0 42.0 98985 0 539 0.01 0.0 0.0 1.0 1.0 1 1 1.0 1.0 4/11/2022 15 50 56 45.4841711 9.2350859
6 10 20.0 42.0 98984 4 608 0.01 0.0 1.0 1.0 1.0 2 1 1.0 1.0 4/11/2022 15 51 14 45.4844818 9.2356196
6 11 20.0 42.0 98983 25 550 0.01 0.0 1.0 1.0 1.0 1 1 1.0 1.0 4/11/2022 15 51 44 45.4845313 9.2357995
6 12 20.0 42.0 98982 34 556 0.01 0.0 1.0 1.0 1.0 1 2 2.0 1.0 4/11/2022 15 51 56 45.4845178 9.2361348
6 13 20.0 42.0 98981 105 511 0.01 0.0 1.0 2.0 3.0 1 2 1.0 1.0 4/11/2022 15 52 20 45.4848181 9.2361521
6 14 20.0 43.0 98980 88 584 0.01 0.0 4.0 5.0 7.0 2 1 1.0 1.0 4/11/2022 15 52 58 45.4848392 9.2361647
6 15 20.0 42.0 98979 50 539 0.01 0.0 4.0 5.0 6.0 1 2 2.0 2.0 4/11/2022 15 53 10 45.484835 9.236165
6 16 20.0 42.0 98978 86 564 0.01 0.0 1.0 1.0 1.0 1 2 2.0 2.0 4/11/2022 15 53 34 45.484835 9.236165
6 17 21.0 42.0 98978 146 595 0.01 0.0 1.0 1.0 1.0 1 1 2.0 1.0 4/11/2022 15 53 58 45.484835 9.236165
6 18 21.0 42.0 98977 174 613 0.01 0.0 1.0 1.0 1.0 1 1 2.0 1.0 4/11/2022 15 54 22 45.484835 9.236165
6 20 0 0 0 170 577 0.01 0.0 1.0 2.0 2.0 1 0 1.0 1.0 4/11/2022 15 55 10 45.484835 9.236165
6 20 21.0 42.0 98976 208 552 0.01 0.0 0.0 1.0 1.0 1 1 2.0 1.0 4/11/2022 15 55 26 45.484835 9.236165
6 21 22.0 41.0 98975 388 598 0.01 0.0 3.0 3.0 3.0 1 2 2.0 2.0 4/11/2022 15 55 44 45.484835 9.236165
6 22 22.0 41.0 98974 586 568 0.01 0.0 0.0 1.0 1.0 1 2 2.0 2.0 4/11/2022 15 56 10 45.484835 9.236165
6 24 0 0 0 759 527 0.01 0.0 0.0 0.0 0.0 0 0 1.0 0.0 4/11/2022 15 56 50 45.484835 9.236165
6 24 22.0 41.0 98974 760 568 0.01 0.0 0.0 1.0 1.0 1 1 1.0 1.0 4/11/2022 15 57 2 45.484835 9.236165
6 26 0 0 0 0 0 0 0.0 2.0 2.0 3.0 1 0 0.0 2.0 4/11/2022 15 57 30 45.484835 9.236165
6 26 22.0 41.0 98973 1026 514 0.01 0.0 1.0 1.0 2.0 1 2 1.0 1.0 4/11/2022 15 57 46 45.484847 9.2361342
6 27 22.0 41.0 98973 1212 575 0.01 0.0 1.0 1.0 2.0 1 2 1.0 2.0 4/11/2022 15 58 10 45.4847911 9.2357969
6 28 22.0 41.0 98973 783 518 0.01 0.0 5.0 14.0 25.0 1 1 2.0 2.0 4/11/2022 15 58 34 45.484565 9.2356105
6 29 22.0 41.0 98972 452 495 0.01 0.0 6.0 14.0 24.0 1 1 2.0 1.0 4/11/2022 15 58 58 45.4844392 9.2352379
6 30 21.0 42.0 98972 297 553 0.01 0.0 6.0 14.0 24.0 1 3 3.0 3.0 4/11/2022 15 59 20 45.4842609 9.2345345
6 31 20.0 42.0 98972 162 556 0.01 0.0 1.0 2.0 4.0 1 2 2.0 1.0 4/11/2022 15 59 58 45.4840172 9.2343347
6 32 20.0 42.0 98971 79 340 0.01 0.0 3.0 3.0 3.0 1 2 2.0 2.0 4/11/2022 16 0 22 45.4836863 9.2343882
6 34 20.0 42.0 98971 0 0 0 0.0 0.0 1.0 1.0 1 1 0.0 1.0 4/11/2022 16 0 46 45.4832947 9.2342751
6 34 20.0 42.0 98971 3 612 0.01 0.0 0.0 1.0 2.0 2 2 1.0 1.0 4/11/2022 16 1 14 45.4830053 9.2341836
6 35 20.0 43.0 98971 7 577 0.01 0.0 1.0 1.0 1.0 2 1 1.0 1.0 4/11/2022 16 1 42 45.4827295 9.2342213
6 36 20.0 43.0 98971 1 564 0.01 0.0 1.0 1.0 1.0 2 1 1.0 1.0 4/11/2022 16 1 58 45.4822723 9.2342883
6 38 0 0 0 0 584 0.01 0.0 0.0 0.0 0.0 0 0 1.0 0.0 4/11/2022 16 2 42 45.4820084 9.2342562
6 39 19.0 44.0 98971 0 0 0 0.0 5.0 5.0 5.0 2 1 0.0 1.0 4/11/2022 16 3 2 45.4818358 9.2342369
6 39 19.0 44.0 98972 0 544 0.01 0.0 5.0 5.0 5.0 1 1 1.0 2.0 4/11/2022 16 3 18 45.4815638 9.2342781
6 40 19.0 45.0 98972 0 476 0.01 0.0 4.0 6.0 9.0 1 2 1.0 2.0 4/11/2022 16 3 38 45.4813516 9.2343469
6 41 19.0 44.0 98973 0 522 0.01 0.0 4.0 5.0 7.0 1 1 2.0 1.0 4/11/2022 16 3 58 45.4810253 9.2344518
6 42 19.0 44.0 98973 0 632 0.01 0.0 4.0 5.0 7.0 1 2 2.0 2.0 4/11/2022 16 4 22 45.4805658 9.2344034
6 43 19.0 45.0 98974 0 569 0.01 0.0 2.0 6.0 11.0 2 2 2.0 2.0 4/11/2022 16 5 0 45.4804547 9.2341981
6 44 19.0 45.0 98975 35 562 0.01 0.0 2.0 3.0 3.0 1 2 2.0 2.0 4/11/2022 16 5 24 45.4804581 9.2342
6 45 20.0 44.0 98975 112 610 0.01 0.0 2.0 2.0 2.0 1 1 2.0 1.0 4/11/2022 16 5 48 45.4802358 9.2341653
6 46 19.0 44.0 98975 166 579 0.01 0.0 4.0 5.0 6.0 1 1 1.0 1.0 4/11/2022 16 6 6 45.4798414 9.2342454
6 47 19.0 45.0 98976 157 552 0.01 0.0 1.0 2.0 2.0 1 2 1.0 2.0 4/11/2022 16 6 36 45.4795484 9.2342689
6 48 19.0 45.0 98976 137 580 0.01 0.0 1.0 2.0 2.0 1 2 2.0 2.0 4/11/2022 16 6 56 45.4792707 9.2342437
6 49 19.0 46.0 98976 106 589 0.01 0.0 0.0 1.0 2.0 2 2 1.0 2.0 4/11/2022 16 7 20 45.4788291 9.2342286
6 51 19.0 46.0 98977 0 0 0 0.0 3.0 3.0 3.0 1 1 0.0 1.0 4/11/2022 16 7 52 45.4785768 9.2342814
6 51 19.0 46.0 98978 117 557 0.01 0.0 2.0 3.0 3.0 2 2 2.0 2.0 4/11/2022 16 8 10 45.4786031 9.2338164
6 52 19.0 46.0 98978 81 618 0.01 0.0 0.0 1.0 1.0 1 1 2.0 1.0 4/11/2022 16 8 36 45.4785716 9.2334218
6 53 19.0 46.0 98978 45 556 0.01 0.0 0.0 1.0 1.0 2 2 2.0 2.0 4/11/2022 16 9 0 45.4785717 9.2330339
6 54 19.0 46.0 98979 46 530 0.01 0.0 0.0 1.0 1.0 2 2 2.0 2.0 4/11/2022 16 9 24 45.4786195 9.2323498
6 55 18.0 46.0 98980 15 506 0.01 0.0 0.0 1.0 2.0 2 2 2.0 2.0 4/11/2022 16 10 0 45.478549 9.2320304
6 56 19.0 46.0 98980 0 525 0.01 0.0 2.0 2.0 2.0 1 2 2.0 2.0 4/11/2022 16 10 24 45.4784009 9.2316579
6 57 19.0 46.0 98980 0 509 0.01 0.0 1.0 1.0 1.0 1 2 2.0 2.0 4/11/2022 16 10 48 45.478205 9.2315833
6 59 0 0 0 0 508 0.01 0.0 0.0 0.0 0.0 0 0 1.0 0.0 4/11/2022 16 11 28 45.478205 9.2315833
6 59 19.0 46.0 98982 0 564 0.01 0.0 0.0 0.0 0.0 1 2 1.0 1.0 4/11/2022 16 11 36 45.478205 9.2315833
6 60 19.0 45.0 98983 19 569 0.01 0.0 0.0 0.0 0.0 1 1 2.0 2.0 4/11/2022 16 11 56 45.478205 9.2315833
6 61 19.0 45.0 98984 229 571 0.01 0.0 0.0 2.0 4.0 1 2 2.0 2.0 4/11/2022 16 12 22 45.478205 9.2315833
6 62 20.0 45.0 98985 382 567 0.01 0.0 2.0 2.0 2.0 1 2 2.0 2.0 4/11/2022 16 12 46 45.478205 9.2315833
6 1 0 0 0 576 582 0.01 0.0 0.0 0.0 0.0 0 0 1.0 0.0 4/11/2022 16 13 22 45.478205 9.2315833
6 1 20.0 44.0 98987 916 539 0.01 0.0 2.0 4.0 6.0 1 2 2.0 2.0 4/11/2022 16 13 34 45.478205 9.2315833
6 2 20.0 44.0 98988 850 574 0.01 0.0 2.0 4.0 6.0 1 2 2.0 2.0 4/11/2022 16 13 58 45.478205 9.2315833
6 3 21.0 44.0 98989 563 597 0.01 0.0 2.0 4.0 6.0 1 3 3.0 3.0 4/11/2022 16 14 22 45.478205 9.2315833
6 4 21.0 44.0 98989 759 608 0.01 0.0 0.0 1.0 3.0 1 2 2.0 2.0 4/11/2022 16 14 58 45.478205 9.2315833
6 5 21.0 44.0 98990 1041 595 0.01 0.0 1.0 2.0 4.0 1 1 1.0 1.0 4/11/2022 16 15 22 45.478205 9.2315833
6 6 21.0 43.0 98991 1055 581 0.01 0.0 1.0 1.0 1.0 1 1 2.0 2.0 4/11/2022 16 15 50 45.478205 9.2315833
6 7 21.0 43.0 98992 1058 579 0.01 0.0 2.0 8.0 16.0 1 2 2.0 2.0 4/11/2022 16 16 10 45.478309 9.2316185
6 8 21.0 43.0 98992 1136 555 0.01 0.0 1.0 2.0 2.0 1 2 2.0 2.0 4/11/2022 16 16 34 45.4784652 9.2316566
6 9 21.0 43.0 98992 853 536 0.01 0.0 1.0 2.0 2.0 1 1 1.0 1.0 4/11/2022 16 16 58 45.4784747 9.2312869
6 10 21.0 43.0 98992 533 503 0.01 0.0 2.0 2.0 3.0 1 2 2.0 2.0 4/11/2022 16 17 20 45.4785333 9.230832
6 11 21.0 43.0 98991 374 596 0.01 0.0 1.0 1.0 1.0 1 2 1.0 2.0 4/11/2022 16 17 46 45.4785257 9.2304415
6 12 21.0 43.0 98990 324 592 0.01 0.0 1.0 1.0 1.0 2 2 1.0 2.0 4/11/2022 16 18 10 45.4783654 9.2301917
6 13 20.0 44.0 98990 292 631 0.01 0.0 3.0 8.0 13.0 1 2 2.0 2.0 4/11/2022 16 18 32 45.4780467 9.230186
6 14 20.0 44.0 98989 208 561 0.01 0.0 3.0 7.0 12.0 1 2 2.0 2.0 4/11/2022 16 18 56 45.4775924 9.230157
6 15 19.0 45.0 98989 130 566 0.01 0.0 3.0 7.0 12.0 1 2 2.0 2.0 4/11/2022 16 19 36 45.4772345 9.2301143
6 16 18.0 46.0 98989 117 552 0.01 0.0 0.0 0.0 0.0 1 1 2.0 1.0 4/11/2022 16 20 2 45.4770198 9.2301568
6 17 19.0 46.0 98989 77 592 0.01 0.0 1.0 1.0 2.0 2 2 2.0 2.0 4/11/2022 16 20 18 45.4768601 9.2301574
6 18 19.0 46.0 98989 116 625 0.01 0.0 1.0 1.0 1.0 1 2 2.0 2.0 4/11/2022 16 20 42 45.4768531 9.2298646
6 19 19.0 46.0 98990 165 554 0.01 0.0 1.0 1.0 1.0 1 2 1.0 2.0 4/11/2022 16 21 8 45.4768713 9.2290809
6 21 19.0 46.0 98990 0 0 0 0.0 3.0 3.0 3.0 1 1 0.0 1.0 4/11/2022 16 21 52 45.4768512 9.2289207
6 21 18.0 47.0 98990 89 626 0.01 0.0 3.0 3.0 3.0 1 1 2.0 1.0 4/11/2022 16 22 2 45.4768705 9.2286374
6 22 19.0 47.0 98990 169 605 0.01 0.0 3.0 3.0 4.0 1 1 2.0 2.0 4/11/2022 16 22 18 45.4768549 9.2281472
6 23 19.0 47.0 98989 178 625 0.01 0.0 2.0 3.0 4.0 1 2 1.0 1.0 4/11/2022 16 22 42 45.4768097 9.2273002
6 25 0 0 0 170 589 0.01 0.0 0.0 0.0 0.0 0 0 1.0 0.0 4/11/2022 16 23 28 45.4768254 9.2272319
6 25 18.0 47.0 98989 148 617 0.01 0.0 1.0 2.0 4.0 1 2 2.0 2.0 4/11/2022 16 23 32 45.4767209 9.2267981
6 26 18.0 47.0 98988 126 638 0.01 0.0 1.0 2.0 4.0 2 2 2.0 2.0 4/11/2022 16 23 56 45.476373 9.2266912
6 27 18.0 47.0 98988 118 531 0.01 0.0 1.0 2.0 4.0 1 3 3.0 2.0 4/11/2022 16 24 20 45.4759109 9.2266742
6 28 18.0 49.0 98987 155 629 0.01 0.0 3.0 5.0 7.0 2 1 1.0 1.0 4/11/2022 16 24 56 45.4756424 9.2267005
6 29 18.0 49.0 98987 196 525 0.01 0.0 1.0 2.0 3.0 2 2 1.0 2.0 4/11/2022 16 25 18 45.4753648 9.2266527
6 30 18.0 49.0 98987 175 636 0.01 0.0 1.0 1.0 1.0 1 2 2.0 2.0 4/11/2022 16 25 42 45.4750739 9.2266359
6 31 18.0 48.0 98987 129 566 0.01 0.0 0.0 2.0 5.0 1 2 2.0 2.0 4/11/2022 16 26 6 45.4747561 9.2266386
6 32 18.0 48.0 98987 88 552 0.01 0.0 0.0 0.0 0.0 1 2 2.0 2.0 4/11/2022 16 26 30 45.4743802 9.2266461
6 33 18.0 48.0 98987 67 560 0.01 0.0 0.0 0.0 0.0 1 2 1.0 2.0 4/11/2022 16 26 56 45.4739383 9.2266954
6 34 18.0 48.0 98987 66 532 0.01 0.0 0.0 1.0 2.0 1 1 1.0 1.0 4/11/2022 16 27 32 45.4738142 9.2267025
6 35 18.0 48.0 98987 54 569 0.01 0.0 0.0 1.0 2.0 2 2 2.0 2.0 4/11/2022 16 27 44 45.4735893 9.2270248
6 36 18.0 48.0 98987 72 555 0.01 0.0 0.0 1.0 2.0 1 2 2.0 2.0 4/11/2022 16 28 8 45.4733382 9.2271185
6 37 18.0 48.0 98987 84 547 0.01 0.0 1.0 2.0 3.0 1 2 2.0 2.0 4/11/2022 16 28 32 45.4729675 9.2275071
6 39 18.0 48.0 98988 0 0 0 0.0 1.0 2.0 2.0 1 1 0.0 1.0 4/11/2022 16 29 8 45.4727596 9.2275381
6 39 18.0 48.0 98988 77 571 0.01 0.0 1.0 2.0 2.0 1 3 3.0 2.0 4/11/2022 16 29 24 45.4723462 9.2273349
6 40 18.0 48.0 98988 79 610 0.01 0.0 2.0 5.0 10.0 1 2 2.0 2.0 4/11/2022 16 30 0 45.4722727 9.2270822
6 41 18.0 48.0 98988 66 544 0.01 0.0 1.0 1.0 2.0 1 1 2.0 2.0 4/11/2022 16 30 24 45.4722431 9.2271948
6 42 18.0 47.0 98989 72 615 0.01 0.0 1.0 2.0 2.0 1 2 2.0 2.0 4/11/2022 16 30 48 45.4722234 9.2274583
6 44 0 0 0 261 596 0.01 0.0 0.0 0.0 0.0 0 0 1.0 0.0 4/11/2022 16 31 28 45.4722233 9.2274583
6 44 19.0 47.0 98991 853 571 0.01 0.0 0.0 1.0 1.0 1 2 2.0 2.0 4/11/2022 16 31 32 45.4722233 9.2274583
6 45 20.0 46.0 98991 1056 628 0.01 0.0 1.0 1.0 1.0 1 2 2.0 2.0 4/11/2022 16 31 56 45.4722233 9.2274583
6 46 20.0 47.0 98992 1199 622 0.01 0.0 0.0 1.0 1.0 1 2 2.0 2.0 4/11/2022 16 32 20 45.4722233 9.2274583
6 47 20.0 46.0 98992 1177 606 0.01 0.0 1.0 2.0 3.0 1 2 2.0 2.0 4/11/2022 16 32 44 45.4722062 9.2274038
6 48 20.0 46.0 98992 1222 603 0.01 0.0 2.0 2.0 3.0 1 1 1.0 1.0 4/11/2022 16 33 8 45.4721733 9.227315
6 49 20.0 46.0 98993 1340 603 0.01 0.0 0.0 1.0 2.0 1 1 1.0 1.0 4/11/2022 16 33 40 45.4721733 9.227315
6 50 20.0 46.0 98993 1523 597 0.01 0.0 0.0 1.0 1.0 1 2 2.0 2.0 4/11/2022 16 33 58 45.4721733 9.227315
6 51 20.0 46.0 98994 2050 600 0.01 0.0 0.0 1.0 1.0 1 3 3.0 3.0 4/11/2022 16 34 22 45.4721733 9.227315
6 52 20.0 46.0 98994 2106 603 0.01 0.0 0.0 1.0 1.0 1 2 2.0 2.0 4/11/2022 16 34 58 45.4721299 9.2273598
6 54 21.0 45.0 98994 1799 558 0.01 0.0 2.0 2.0 2.0 1 2 1.0 2.0 4/11/2022 16 35 48 45.4719615 9.2269082
6 55 20.0 45.0 98995 1274 598 0.01 0.0 1.0 1.0 1.0 2 2 2.0 2.0 4/11/2022 16 36 8 45.4720064 9.2271452
6 56 20.0 45.0 98994 739 608 0.01 0.0 1.0 1.0 1.0 1 2 2.0 2.0 4/11/2022 16 36 32 45.4721167 9.2269899
6 58 0 0 0 701 613 0.01 0.0 1.0 1.0 1.0 1 0 1.0 1.0 4/11/2022 16 37 12 45.4721335 9.2269217
6 58 21.0 46.0 98986 902 702 0.01 0.0 1.0 3.0 5.0 1 2 2.0 2.0 4/11/2022 16 37 20 45.4722218 9.2271572
6 59 21.0 46.0 98979 1065 694 0.01 0.0 1.0 1.0 2.0 1 1 2.0 2.0 4/11/2022 16 37 44 45.472103 9.227214
6 6 21.0 48.0 98972 0 0 0 0.0 0.0 0.0 0.0 0 1 0.0 0.0 4/11/2022 16 38 8 45.4721033 9.2272135
