25.0 60.0 101245.0 14:18:39
25.0 59.0 101245.0 14:19:31
26.0 59.0 101245.0 14:19:43
26.0 58.0 101246.0 14:20:7
26.0 59.0 101246.0 14:20:31
26.0 58.0 101246.0 14:20:55
26.0 58.0 101246.0 14:21:31
26.0 58.0 101246.0 14:21:51
27.0 58.0 101246.0 14:22:7
27.0 58.0 101247.0 14:22:31
27.0 58.0 101247.0 14:23:7
27.0 58.0 101247.0 14:23:49
27.0 57.0 101247.0 14:23:59
27.0 55.0 101247.0 14:24:23
27.0 52.0 101247.0 14:24:47
27.0 50.0 101249.0 14:25:13
26.0 50.0 101254.0 14:25:45
26.0 49.0 101261.0 14:26:1
25.0 49.0 101267.0 14:26:25
24.0 49.0 101273.0 14:26:51
24.0 50.0 101278.0 14:27:7
24.0 50.0 101283.0 14:27:31
22.0 52.0 101288.0 14:28:9
22.0 52.0 101293.0 14:28:37
22.0 52.0 101298.0 14:29:3
22.0 52.0 101302.0 14:29:41
22.0 53.0 101309.0 14:30:7
21.0 53.0 101313.0 14:30:33
21.0 54.0 101317.0 14:30:57
21.0 54.0 101320.0 14:31:21
21.0 54.0 101324.0 14:31:59
21.0 54.0 101327.0 14:32:11
21.0 54.0 101331.0 14:32:35
21.0 55.0 101337.0 14:33:37
21.0 55.0 101340.0 14:33:59
21.0 54.0 101342.0 14:34:29
22.0 54.0 101345.0 14:34:49
22.0 54.0 101347.0 14:35:19
22.0 54.0 101349.0 14:35:43
22.0 54.0 101351.0 14:36:1
22.0 54.0 101353.0 14:36:21
22.0 54.0 101355.0 14:36:45
22.0 54.0 101356.0 14:37:9
22.0 54.0 101358.0 14:37:41
22.0 54.0 101359.0 14:38:13
22.0 54.0 101361.0 14:38:37
22.0 53.0 101362.0 14:38:55
22.0 53.0 101363.0 14:39:31
21.0 54.0 101364.0 14:39:47
21.0 55.0 101365.0 14:40:11
20.0 56.0 101365.0 14:40:37
20.0 56.0 101366.0 14:40:57
20.0 57.0 101368.0 14:41:49
20.0 58.0 101368.0 14:42:9
20.0 59.0 101369.0 14:42:33
20.0 59.0 101369.0 14:43:9
20.0 58.0 101370.0 14:44:9
20.0 59.0 101370.0 14:44:23
20.0 59.0 101371.0 14:44:47
20.0 59.0 101371.0 14:45:11
20.0 59.0 101371.0 14:45:45
20.0 59.0 101370.0 14:46:1
20.0 58.0 101370.0 14:46:25
21.0 58.0 101370.0 14:46:49
21.0 58.0 101370.0 14:47:17
21.0 58.0 101370.0 14:47:37
21.0 58.0 101370.0 14:48:13
21.0 57.0 101370.0 14:48:37
22.0 57.0 101370.0 14:49:7
22.0 56.0 101370.0 14:49:19
22.0 56.0 101370.0 14:49:43
22.0 56.0 101370.0 14:50:7
22.0 56.0 101370.0 14:50:39
22.0 56.0 101370.0 14:51:7
22.0 56.0 101370.0 14:51:19
22.0 56.0 101370.0 14:51:43
21.0 56.0 101371.0 14:52:11
21.0 56.0 101372.0 14:52:43
21.0 57.0 101373.0 14:53:11
21.0 57.0 101373.0 14:53:35
21.0 57.0 101374.0 14:53:59
21.0 57.0 101374.0 14:54:45
21.0 57.0 101375.0 14:55:7
21.0 57.0 101375.0 14:55:31
21.0 57.0 101375.0 14:55:55
21.0 57.0 101374.0 14:56:19
21.0 57.0 101374.0 14:56:43
21.0 57.0 101374.0 14:57:19
20.0 57.0 101374.0 14:57:37
20.0 57.0 101373.0 14:58:9
20.0 58.0 101373.0 14:58:35
21.0 57.0 101373.0 14:59:27
21.0 57.0 101372.0 14:59:49
22.0 56.0 101372.0 15:0:13
22.0 56.0 101371.0 15:0:37
22.0 56.0 101371.0 15:0:55
22.0 56.0 101371.0 15:1:27
22.0 56.0 101371.0 15:1:43
22.0 56.0 101371.0 15:2:7
22.0 56.0 101371.0 15:2:31
22.0 56.0 101372.0 15:3:11
23.0 55.0 101372.0 15:3:35
23.0 54.0 101372.0 15:4:1
23.0 54.0 101372.0 15:4:59
22.0 54.0 101373.0 15:5:35
22.0 54.0 101373.0 15:5:57
20.0 56.0 101374.0 15:6:23
20.0 57.0 101374.0 15:7:23
20.0 58.0 101374.0 15:7:35
19.0 59.0 101374.0 15:8:11
19.0 59.0 101374.0 15:9:13
19.0 59.0 101374.0 15:10:7
19.0 60.0 101374.0 15:10:37
19.0 59.0 101373.0 15:10:57
20.0 59.0 101373.0 15:11:29
20.0 60.0 101373.0 15:11:45
20.0 60.0 101373.0 15:12:9
19.0 60.0 101373.0 15:12:33
19.0 60.0 101373.0 15:13:17
19.0 60.0 101373.0 15:13:33
20.0 59.0 101373.0 15:13:57
20.0 58.0 101373.0 15:14:21
21.0 58.0 101373.0 15:14:45
21.0 57.0 101374.0 15:15:25
21.0 57.0 101374.0 15:15:33
21.0 57.0 101375.0 15:16:1
21.0 57.0 101376.0 15:16:25
22.0 56.0 101377.0 15:17:13
22.0 57.0 101377.0 15:17:33
22.0 56.0 101378.0 15:18:9
22.0 56.0 101379.0 15:18:33
22.0 55.0 101380.0 15:18:59
21.0 56.0 101380.0 15:19:25
21.0 56.0 101381.0 15:19:49
21.0 56.0 101382.0 15:20:13
20.0 57.0 101384.0 15:20:37
20.0 58.0 101385.0 15:21:21
19.0 59.0 101386.0 15:21:45
19.0 59.0 101387.0 15:22:17
19.0 60.0 101388.0 15:22:53
18.0 62.0 101389.0 15:23:19
18.0 62.0 101390.0 15:23:35
19.0 61.0 101391.0 15:23:59
19.0 61.0 101392.0 15:24:21
19.0 62.0 101393.0 15:24:57
19.0 62.0 101394.0 15:25:19
18.0 62.0 101395.0 15:25:35
18.0 63.0 101397.0 15:25:59
18.0 63.0 101398.0 15:26:23
18.0 63.0 101399.0 15:26:51
18.0 63.0 101400.0 15:27:15
18.0 64.0 101401.0 15:27:35
18.0 65.0 101402.0 15:28:15
17.0 65.0 101404.0 15:28:35
18.0 65.0 101405.0 15:28:59
18.0 64.0 101410.0 15:30:9
18.0 64.0 101411.0 15:30:43
18.0 64.0 101412.0 15:31:3
18.0 64.0 101413.0 15:31:23
18.0 64.0 101414.0 15:31:47
19.0 63.0 101415.0 15:32:11
18.0 64.0 101416.0 15:32:35
19.0 63.0 101418.0 15:33:11
19.0 62.0 101420.0 15:33:35
20.0 62.0 101421.0 15:33:59
20.0 61.0 101423.0 15:34:23
20.0 61.0 101425.0 15:34:47
21.0 60.0 101427.0 15:35:19
21.0 60.0 101429.0 15:35:37
21.0 60.0 101431.0 15:35:57
21.0 59.0 101433.0 15:36:21
21.0 59.0 101434.0 15:36:45
21.0 59.0 101436.0 15:37:9
21.0 59.0 101437.0 15:37:49
20.0 59.0 101439.0 15:38:9
20.0 59.0 101439.0 15:38:35
20.0 59.0 101440.0 15:38:59
20.0 59.0 101440.0 15:39:33
20.0 59.0 101440.0 15:40:1
20.0 59.0 101440.0 15:40:13
19.0 60.0 101440.0 15:40:37
19.0 60.0 101440.0 15:41:1
19.0 61.0 101440.0 15:41:25
18.0 62.0 101440.0 15:42:23
19.0 62.0 101441.0 15:42:35
18.0 63.0 101441.0 15:43:11
18.0 63.0 101442.0 15:43:35
18.0 63.0 101442.0 15:44:21
18.0 63.0 101442.0 15:44:45
18.0 63.0 101442.0 15:45:9
18.0 63.0 101442.0 15:45:33
18.0 64.0 101442.0 15:46:3
18.0 64.0 101442.0 15:46:23
18.0 65.0 101442.0 15:46:47
18.0 65.0 101442.0 15:47:11
17.0 66.0 101443.0 15:47:39
17.0 66.0 101443.0 15:48:11
18.0 65.0 101444.0 15:48:35
18.0 65.0 101444.0 15:48:59
18.0 65.0 101445.0 15:49:31
18.0 65.0 101445.0 15:49:47
18.0 65.0 101446.0 15:50:11
18.0 65.0 101447.0 15:50:35
18.0 65.0 101448.0 15:50:59
18.0 65.0 101449.0 15:51:23
17.0 66.0 101450.0 15:51:51
17.0 66.0 101451.0 15:52:11
17.0 66.0 101452.0 15:52:35
17.0 67.0 101454.0 15:53:9
18.0 66.0 101455.0 15:53:33
18.0 65.0 101457.0 15:54:9
18.0 64.0 101458.0 15:54:21
19.0 64.0 101460.0 15:54:45
19.0 63.0 101461.0 15:55:9
19.0 63.0 101463.0 15:55:33
19.0 62.0 101464.0 15:55:57
20.0 62.0 101466.0 15:56:25
20.0 62.0 101467.0 15:56:45
20.0 61.0 101469.0 15:57:9
20.0 61.0 101470.0 15:57:33
20.0 61.0 101472.0 15:58:23
20.0 61.0 101473.0 15:58:35
20.0 61.0 101474.0 15:58:59
20.0 61.0 101475.0 15:59:25
20.0 60.0 101473.0 15:59:57
20.0 60.0 101469.0 16:0:17
20.0 61.0 101463.0 16:0:33
