702.0 1747.0 0.01 0.0 14:18:39
915.0 1739.0 0.01 0.0 14:19:31
947.0 1772.0 0.01 0.0 14:19:43
966.0 1767.0 0.01 0.0 14:20:7
1015.0 1783.0 0.01 0.0 14:20:31
977.0 1782.0 0.01 0.0 14:20:55
919.0 1796.0 0.01 0.0 14:21:51
990.0 1839.0 0.01 0.0 14:22:7
1010.0 1803.0 0.01 0.0 14:22:31
1000.0 1797.0 0.01 0.0 14:23:7
770.0 1762.0 0.01 0.0 14:23:59
590.0 1751.0 0.01 0.0 14:24:23
313.0 1519.0 0.01 0.0 14:24:47
166.0 1117.0 0.01 0.0 14:25:13
86.0 896.0 0.01 0.0 14:25:45
15.0 877.0 0.01 0.0 14:26:1
2.0 815.0 0.01 0.0 14:26:25
2.0 709.0 0.01 0.0 14:26:51
6.0 592.0 0.01 0.0 14:27:7
6.0 824.0 0.01 0.0 14:27:31
3.0 686.0 0.01 0.0 14:28:37
6.0 608.0 0.01 0.0 14:29:3
4.0 670.0 0.01 0.0 14:29:49
19.0 726.0 0.01 0.0 14:30:7
12.0 657.0 0.01 0.0 14:30:33
1.0 630.0 0.01 0.0 14:30:57
10.0 723.0 0.01 0.0 14:31:21
7.0 664.0 0.01 0.0 14:31:59
25.0 616.0 0.01 0.0 14:32:11
41.0 654.0 0.01 0.0 14:32:35
25.0 708.0 0.01 0.0 14:33:25
19.0 688.0 0.01 0.0 14:33:37
42.0 698.0 0.01 0.0 14:33:59
109.0 689.0 0.01 0.0 14:34:29
102.0 685.0 0.01 0.0 14:34:49
137.0 683.0 0.01 0.0 14:35:19
149.0 686.0 0.01 0.0 14:35:43
133.0 660.0 0.01 0.0 14:36:1
120.0 693.0 0.01 0.0 14:36:21
121.0 681.0 0.01 0.0 14:36:45
122.0 667.0 0.01 0.0 14:37:9
116.0 670.0 0.01 0.0 14:37:41
133.0 679.0 0.01 0.0 14:38:13
208.0 650.0 0.01 0.0 14:38:37
131.0 728.0 0.01 0.0 14:39:31
60.0 691.0 0.01 0.0 14:39:47
10.0 697.0 0.01 0.0 14:40:11
9.0 570.0 0.01 0.0 14:40:37
1.0 681.0 0.01 0.0 14:40:57
2.0 657.0 0.01 0.0 14:41:37
3.0 681.0 0.01 0.0 14:41:49
3.0 595.0 0.01 0.0 14:42:9
4.0 715.0 0.01 0.0 14:42:33
4.0 626.0 0.01 0.0 14:43:9
8.0 663.0 0.01 0.0 14:43:43
4.0 624.0 0.01 0.0 14:44:9
13.0 784.0 0.01 0.0 14:44:23
12.0 696.0 0.01 0.0 14:44:47
2.0 732.0 0.01 0.0 14:45:11
2.0 696.0 0.01 0.0 14:45:45
20.0 691.0 0.01 0.0 14:46:1
75.0 703.0 0.01 0.0 14:46:25
149.0 692.0 0.01 0.0 14:46:49
189.0 690.0 0.01 0.0 14:47:17
231.0 671.0 0.01 0.0 14:47:37
221.0 672.0 0.01 0.0 14:48:13
253.0 641.0 0.01 0.0 14:48:37
231.0 682.0 0.01 0.0 14:49:7
190.0 652.0 0.01 0.0 14:49:19
227.0 631.0 0.01 0.0 14:49:43
316.0 693.0 0.01 0.0 14:50:7
329.0 688.0 0.01 0.0 14:50:39
260.0 692.0 0.01 0.0 14:51:7
177.0 665.0 0.01 0.0 14:51:19
120.0 551.0 0.01 0.0 14:51:43
70.0 796.0 0.01 0.0 14:52:43
56.0 556.0 0.01 0.0 14:53:11
42.0 649.0 0.01 0.0 14:53:35
27.0 695.0 0.01 0.0 14:53:59
23.0 707.0 0.01 0.0 14:55:7
10.0 678.0 0.01 0.0 14:55:31
1.0 831.0 0.01 0.0 14:55:55
1.0 723.0 0.01 0.0 14:56:19
18.0 688.0 0.01 0.0 14:57:19
5.0 732.0 0.01 0.0 14:57:37
18.0 633.0 0.01 0.0 14:58:9
47.0 690.0 0.01 0.0 14:58:35
36.0 656.0 0.01 0.0 14:59:23
64.0 685.0 0.01 0.0 14:59:27
125.0 679.0 0.01 0.0 14:59:49
158.0 665.0 0.01 0.0 15:0:13
164.0 694.0 0.01 0.0 15:0:37
197.0 658.0 0.01 0.0 15:0:55
211.0 651.0 0.01 0.0 15:1:27
309.0 663.0 0.01 0.0 15:1:43
366.0 700.0 0.01 0.0 15:2:7
379.0 684.0 0.01 0.0 15:2:31
297.0 652.0 0.01 0.0 15:3:11
212.0 659.0 0.01 0.0 15:3:35
171.0 661.0 0.01 0.0 15:4:1
178.0 623.0 0.01 0.0 15:4:25
144.0 666.0 0.01 0.0 15:4:59
125.0 647.0 0.01 0.0 15:5:15
163.0 697.0 0.01 0.0 15:5:35
89.0 654.0 0.01 0.0 15:5:57
8.0 729.0 0.01 0.0 15:6:23
0.0 717.0 0.01 0.0 15:7:23
0.0 598.0 0.01 0.0 15:7:35
1.0 631.0 0.01 0.0 15:8:11
8.0 647.0 0.01 0.0 15:9:13
7.0 659.0 0.01 0.0 15:9:27
16.0 672.0 0.01 0.0 15:9:51
25.0 701.0 0.01 0.0 15:10:7
17.0 666.0 0.01 0.0 15:10:37
4.0 706.0 0.01 0.0 15:10:57
13.0 744.0 0.01 0.0 15:11:29
47.0 733.0 0.01 0.0 15:11:45
58.0 751.0 0.01 0.0 15:12:9
16.0 733.0 0.01 0.0 15:12:33
1.0 746.0 0.01 0.0 15:13:17
30.0 637.0 0.01 0.0 15:13:33
71.0 699.0 0.01 0.0 15:13:57
106.0 676.0 0.01 0.0 15:14:21
170.0 680.0 0.01 0.0 15:14:45
211.0 691.0 0.01 0.0 15:15:33
278.0 646.0 0.01 0.0 15:16:1
220.0 650.0 0.01 0.0 15:16:25
342.0 687.0 0.01 0.0 15:17:13
420.0 688.0 0.01 0.0 15:17:33
335.0 727.0 0.01 0.0 15:18:9
204.0 654.0 0.01 0.0 15:18:33
176.0 595.0 0.01 0.0 15:18:59
108.0 666.0 0.01 0.0 15:19:25
82.0 627.0 0.01 0.0 15:19:49
84.0 688.0 0.01 0.0 15:20:13
73.0 673.0 0.01 0.0 15:20:37
42.0 681.0 0.01 0.0 15:21:11
27.0 825.0 0.01 0.0 15:21:21
14.0 726.0 0.01 0.0 15:21:45
0.0 751.0 0.01 0.0 15:22:17
0.0 692.0 0.01 0.0 15:23:35
13.0 683.0 0.01 0.0 15:24:21
18.0 656.0 0.01 0.0 15:24:57
4.0 713.0 0.01 0.0 15:25:19
31.0 893.0 0.01 0.0 15:25:35
22.0 664.0 0.01 0.0 15:25:59
8.0 601.0 0.01 0.0 15:26:23
9.0 597.0 0.01 0.0 15:26:51
10.0 696.0 0.01 0.0 15:27:15
8.0 708.0 0.01 0.0 15:27:35
5.0 694.0 0.01 0.0 15:28:15
0.0 669.0 0.01 0.0 15:28:35
0.0 620.0 0.01 0.0 15:28:59
5.0 774.0 0.01 0.0 15:29:23
21.0 696.0 0.01 0.0 15:30:5
33.0 713.0 0.01 0.0 15:30:9
44.0 696.0 0.01 0.0 15:31:3
37.0 717.0 0.01 0.0 15:31:23
49.0 685.0 0.01 0.0 15:31:47
45.0 734.0 0.01 0.0 15:32:11
56.0 664.0 0.01 0.0 15:32:35
205.0 721.0 0.01 0.0 15:33:11
310.0 715.0 0.01 0.0 15:33:35
421.0 707.0 0.01 0.0 15:33:59
493.0 709.0 0.01 0.0 15:34:23
376.0 693.0 0.01 0.0 15:34:47
416.0 694.0 0.01 0.0 15:35:19
335.0 691.0 0.01 0.0 15:35:37
267.0 669.0 0.01 0.0 15:35:57
246.0 691.0 0.01 0.0 15:36:21
285.0 696.0 0.01 0.0 15:36:45
355.0 746.0 0.01 0.0 15:37:9
346.0 729.0 0.01 0.0 15:37:49
348.0 714.0 0.01 0.0 15:38:9
188.0 661.0 0.01 0.0 15:38:35
144.0 702.0 0.01 0.0 15:38:59
118.0 693.0 0.01 0.0 15:39:33
78.0 659.0 0.01 0.0 15:40:1
124.0 716.0 0.01 0.0 15:40:13
113.0 743.0 0.01 0.0 15:40:37
67.0 682.0 0.01 0.0 15:41:1
52.0 734.0 0.01 0.0 15:41:25
39.0 683.0 0.01 0.0 15:42:15
31.0 706.0 0.01 0.0 15:42:23
65.0 677.0 0.01 0.0 15:42:35
67.0 723.0 0.01 0.0 15:43:11
68.0 711.0 0.01 0.0 15:43:35
47.0 610.0 0.01 0.0 15:44:13
45.0 640.0 0.01 0.0 15:44:21
49.0 688.0 0.01 0.0 15:44:45
21.0 588.0 0.01 0.0 15:45:9
9.0 662.0 0.01 0.0 15:45:33
4.0 757.0 0.01 0.0 15:46:3
4.0 694.0 0.01 0.0 15:46:23
23.0 636.0 0.01 0.0 15:46:47
23.0 682.0 0.01 0.0 15:47:11
14.0 630.0 0.01 0.0 15:47:39
93.0 704.0 0.01 0.0 15:48:11
120.0 687.0 0.01 0.0 15:48:35
200.0 687.0 0.01 0.0 15:48:59
85.0 648.0 0.01 0.0 15:49:47
60.0 809.0 0.01 0.0 15:50:11
41.0 675.0 0.01 0.0 15:50:35
18.0 723.0 0.01 0.0 15:50:59
19.0 730.0 0.01 0.0 15:51:23
35.0 671.0 0.01 0.0 15:51:51
17.0 675.0 0.01 0.0 15:52:11
3.0 615.0 0.01 0.0 15:52:35
6.0 739.0 0.01 0.0 15:53:9
19.0 661.0 0.01 0.0 15:53:33
49.0 674.0 0.01 0.0 15:54:9
91.0 676.0 0.01 0.0 15:54:21
132.0 687.0 0.01 0.0 15:54:45
201.0 688.0 0.01 0.0 15:55:9
244.0 706.0 0.01 0.0 15:55:33
189.0 678.0 0.01 0.0 15:55:57
248.0 665.0 0.01 0.0 15:56:25
353.0 689.0 0.01 0.0 15:56:45
402.0 695.0 0.01 0.0 15:57:9
413.0 730.0 0.01 0.0 15:57:33
501.0 694.0 0.01 0.0 15:58:23
470.0 663.0 0.01 0.0 15:58:35
263.0 703.0 0.01 0.0 15:58:59
220.0 716.0 0.01 0.0 15:59:25
244.0 713.0 0.01 0.0 15:59:57
355.0 803.0 0.01 0.0 16:0:17
442.0 884.0 0.01 0.0 16:0:33
