8.0 8.0 8.0 14:18:39
10.0 11.0 11.0 14:19:31
11.0 12.0 13.0 14:19:43
11.0 12.0 12.0 14:20:7
8.0 8.0 8.0 14:20:31
13.0 15.0 16.0 14:20:55
13.0 14.0 15.0 14:21:31
7.0 8.0 9.0 14:21:51
7.0 8.0 9.0 14:22:7
7.0 8.0 9.0 14:22:31
12.0 15.0 17.0 14:23:7
14.0 15.0 15.0 14:23:49
11.0 12.0 13.0 14:23:59
16.0 18.0 20.0 14:24:23
15.0 16.0 16.0 14:24:47
16.0 17.0 17.0 14:25:13
31.0 34.0 36.0 14:25:45
34.0 38.0 40.0 14:26:1
35.0 39.0 40.0 14:26:25
34.0 36.0 36.0 14:27:7
34.0 36.0 36.0 14:27:31
25.0 28.0 29.0 14:28:9
38.0 41.0 41.0 14:28:37
34.0 36.0 36.0 14:29:3
38.0 40.0 40.0 14:29:49
38.0 40.0 40.0 14:30:7
28.0 30.0 30.0 14:30:33
37.0 39.0 39.0 14:30:57
37.0 39.0 39.0 14:31:21
39.0 42.0 42.0 14:31:59
39.0 42.0 42.0 14:32:11
39.0 42.0 42.0 14:32:35
31.0 36.0 39.0 14:33:37
37.0 40.0 40.0 14:33:59
45.0 47.0 47.0 14:34:29
51.0 54.0 54.0 14:34:49
51.0 54.0 54.0 14:35:19
42.0 44.0 44.0 14:35:43
39.0 41.0 41.0 14:36:1
39.0 41.0 41.0 14:36:21
42.0 46.0 48.0 14:36:45
42.0 45.0 45.0 14:37:9
42.0 45.0 45.0 14:37:41
39.0 42.0 42.0 14:38:13
47.0 52.0 54.0 14:38:37
39.0 41.0 41.0 14:38:55
36.0 38.0 38.0 14:39:31
36.0 38.0 38.0 14:39:47
36.0 38.0 38.0 14:40:11
39.0 42.0 43.0 14:40:37
39.0 43.0 45.0 14:40:57
39.0 43.0 45.0 14:41:37
39.0 42.0 42.0 14:41:49
39.0 42.0 42.0 14:42:9
39.0 42.0 42.0 14:42:33
37.0 39.0 39.0 14:43:9
37.0 39.0 39.0 14:43:43
53.0 57.0 57.0 14:44:9
33.0 37.0 40.0 14:44:23
35.0 38.0 40.0 14:44:47
35.0 38.0 41.0 14:45:11
45.0 48.0 48.0 14:45:45
39.0 41.0 41.0 14:46:1
39.0 41.0 41.0 14:46:25
32.0 35.0 37.0 14:46:49
33.0 36.0 38.0 14:47:17
33.0 36.0 38.0 14:47:37
40.0 43.0 44.0 14:48:13
43.0 45.0 45.0 14:48:37
48.0 51.0 51.0 14:49:7
38.0 40.0 40.0 14:49:19
40.0 43.0 43.0 14:49:43
41.0 43.0 43.0 14:50:7
38.0 41.0 43.0 14:50:39
46.0 49.0 49.0 14:51:19
30.0 32.0 32.0 14:51:43
30.0 32.0 32.0 14:52:11
30.0 32.0 32.0 14:52:43
38.0 41.0 42.0 14:53:11
49.0 52.0 52.0 14:53:35
46.0 49.0 49.0 14:53:59
47.0 50.0 50.0 14:55:7
40.0 45.0 49.0 14:55:31
44.0 48.0 49.0 14:55:55
44.0 48.0 49.0 14:56:19
46.0 48.0 48.0 14:56:43
46.0 48.0 48.0 14:57:19
46.0 48.0 48.0 14:57:37
47.0 50.0 50.0 14:58:9
39.0 42.0 42.0 14:58:35
37.0 40.0 42.0 14:59:27
42.0 45.0 47.0 14:59:49
43.0 46.0 47.0 15:0:13
53.0 56.0 57.0 15:0:37
50.0 52.0 52.0 15:0:55
49.0 52.0 52.0 15:1:27
43.0 49.0 52.0 15:1:43
43.0 49.0 52.0 15:2:7
43.0 49.0 52.0 15:2:31
44.0 47.0 47.0 15:3:11
55.0 60.0 63.0 15:3:35
48.0 51.0 51.0 15:4:1
49.0 52.0 52.0 15:4:25
45.0 49.0 51.0 15:4:59
45.0 49.0 51.0 15:5:15
64.0 68.0 68.0 15:5:35
41.0 45.0 47.0 15:5:57
41.0 45.0 47.0 15:6:23
33.0 35.0 35.0 15:7:23
33.0 35.0 35.0 15:7:35
36.0 38.0 38.0 15:8:11
48.0 53.0 56.0 15:9:27
42.0 46.0 48.0 15:9:51
42.0 46.0 49.0 15:10:7
33.0 35.0 35.0 15:10:37
48.0 51.0 51.0 15:10:57
48.0 51.0 51.0 15:11:29
42.0 45.0 45.0 15:11:45
42.0 45.0 45.0 15:12:9
42.0 45.0 45.0 15:12:33
46.0 51.0 54.0 15:13:17
46.0 48.0 48.0 15:13:33
41.0 44.0 44.0 15:13:57
35.0 38.0 40.0 15:14:21
44.0 48.0 49.0 15:14:45
44.0 48.0 49.0 15:15:25
38.0 41.0 41.0 15:15:33
45.0 50.0 53.0 15:16:1
46.0 50.0 53.0 15:16:25
37.0 39.0 39.0 15:17:13
37.0 39.0 39.0 15:17:33
41.0 43.0 43.0 15:18:9
58.0 62.0 62.0 15:18:33
43.0 46.0 46.0 15:18:59
43.0 49.0 52.0 15:19:25
47.0 50.0 50.0 15:19:49
47.0 50.0 50.0 15:20:13
49.0 54.0 56.0 15:20:37
44.0 47.0 47.0 15:21:11
45.0 47.0 47.0 15:21:21
40.0 43.0 43.0 15:21:45
40.0 44.0 45.0 15:22:17
40.0 44.0 45.0 15:22:53
37.0 42.0 45.0 15:23:19
34.0 37.0 38.0 15:23:35
44.0 48.0 50.0 15:23:59
32.0 35.0 37.0 15:24:21
41.0 44.0 44.0 15:24:57
41.0 44.0 44.0 15:25:19
40.0 44.0 45.0 15:25:35
42.0 46.0 49.0 15:25:59
42.0 47.0 49.0 15:26:23
34.0 38.0 40.0 15:26:51
36.0 40.0 42.0 15:27:15
36.0 40.0 42.0 15:27:35
30.0 31.0 31.0 15:28:15
39.0 43.0 46.0 15:28:35
43.0 46.0 46.0 15:28:59
34.0 36.0 36.0 15:29:23
54.0 57.0 57.0 15:30:9
49.0 53.0 55.0 15:30:43
44.0 48.0 50.0 15:31:3
44.0 48.0 50.0 15:31:23
38.0 43.0 46.0 15:31:47
39.0 43.0 45.0 15:32:11
39.0 43.0 45.0 15:32:35
37.0 43.0 47.0 15:33:11
46.0 50.0 50.0 15:33:35
47.0 51.0 52.0 15:33:59
36.0 38.0 38.0 15:34:23
52.0 55.0 56.0 15:34:47
52.0 55.0 56.0 15:35:19
52.0 57.0 60.0 15:35:37
41.0 45.0 48.0 15:35:57
41.0 46.0 48.0 15:36:21
34.0 36.0 36.0 15:36:45
35.0 37.0 37.0 15:37:9
35.0 37.0 37.0 15:37:49
51.0 55.0 56.0 15:38:9
40.0 44.0 45.0 15:38:35
44.0 47.0 47.0 15:38:59
37.0 39.0 39.0 15:39:33
40.0 43.0 43.0 15:40:1
41.0 43.0 43.0 15:40:13
38.0 42.0 43.0 15:40:37
39.0 41.0 41.0 15:41:1
39.0 42.0 42.0 15:41:25
44.0 47.0 47.0 15:42:23
44.0 47.0 47.0 15:42:35
47.0 52.0 55.0 15:43:11
52.0 55.0 55.0 15:43:35
41.0 43.0 43.0 15:44:21
42.0 44.0 44.0 15:44:45
43.0 45.0 45.0 15:45:9
47.0 50.0 51.0 15:45:33
39.0 43.0 44.0 15:46:3
40.0 43.0 43.0 15:46:23
46.0 50.0 51.0 15:46:47
47.0 51.0 52.0 15:47:11
47.0 51.0 52.0 15:47:39
40.0 42.0 42.0 15:48:11
49.0 52.0 52.0 15:48:35
45.0 48.0 48.0 15:48:59
39.0 41.0 41.0 15:49:31
47.0 50.0 50.0 15:49:47
47.0 50.0 50.0 15:50:11
42.0 46.0 48.0 15:50:35
45.0 48.0 48.0 15:50:59
46.0 48.0 48.0 15:51:23
43.0 46.0 46.0 15:51:51
43.0 46.0 46.0 15:52:11
43.0 46.0 46.0 15:52:35
45.0 48.0 48.0 15:53:9
44.0 47.0 47.0 15:53:33
47.0 49.0 49.0 15:54:9
41.0 43.0 43.0 15:54:21
47.0 50.0 50.0 15:54:45
47.0 50.0 50.0 15:55:9
40.0 43.0 44.0 15:55:33
48.0 51.0 51.0 15:55:57
49.0 51.0 51.0 15:56:25
49.0 54.0 56.0 15:56:45
50.0 54.0 56.0 15:57:9
50.0 54.0 56.0 15:57:33
45.0 47.0 47.0 15:58:23
53.0 58.0 60.0 15:58:35
45.0 48.0 48.0 15:58:59
30.0 32.0 32.0 15:59:25
24.0 27.0 30.0 15:59:57
24.0 27.0 30.0 16:0:17
15.0 16.0 18.0 16:0:33
