380.0 1190.0 0.01 0.0 10:8:35
279.0 1165.0 0.01 0.0 10:8:47
328.0 1090.0 0.01 0.0 10:9:23
333.0 1104.0 0.01 0.0 10:9:39
338.0 1115.0 0.01 0.0 10:10:3
336.0 1127.0 0.01 0.0 10:10:27
323.0 1100.0 0.01 0.0 10:10:51
318.0 1113.0 0.01 0.0 10:11:17
310.0 1095.0 0.01 0.0 10:11:33
298.0 1134.0 0.01 0.0 10:11:57
290.0 1129.0 0.01 0.0 10:12:21
283.0 1125.0 0.01 0.0 10:12:45
264.0 1153.0 0.01 0.0 10:13:15
239.0 1102.0 0.01 0.0 10:13:47
200.0 1138.0 0.01 0.0 10:14:11
136.0 1064.0 0.01 0.0 10:14:49
23.0 906.0 0.01 0.0 10:15:1
10.0 844.0 0.01 0.0 10:15:25
0.0 693.0 0.01 0.0 10:15:49
0.0 716.0 0.01 0.0 10:16:21
0.0 710.0 0.01 0.0 10:16:41
0.0 683.0 0.01 0.0 10:16:57
6.0 695.0 0.01 0.0 10:17:21
2.0 687.0 0.01 0.0 10:17:45
4.0 681.0 0.01 0.0 10:18:13
5.0 705.0 0.01 0.0 10:18:49
10.0 680.0 0.01 0.0 10:19:13
4.0 649.0 0.01 0.0 10:19:37
1.0 623.0 0.01 0.0 10:20:1
6.0 645.0 0.01 0.0 10:20:27
45.0 654.0 0.01 0.0 10:20:47
11.0 738.0 0.01 0.0 10:21:11
3.0 591.0 0.01 0.0 10:21:35
2.0 663.0 0.01 0.0 10:22:1
3.0 632.0 0.01 0.0 10:22:25
5.0 677.0 0.01 0.0 10:22:49
10.0 661.0 0.01 0.0 10:23:11
11.0 653.0 0.01 0.0 10:24:3
95.0 693.0 0.01 0.0 10:24:15
139.0 683.0 0.01 0.0 10:24:33
163.0 690.0 0.01 0.0 10:24:57
230.0 658.0 0.01 0.0 10:25:23
300.0 698.0 0.01 0.0 10:25:47
347.0 669.0 0.01 0.0 10:26:19
309.0 667.0 0.01 0.0 10:26:35
241.0 701.0 0.01 0.0 10:27:1
302.0 669.0 0.01 0.0 10:27:29
277.0 670.0 0.01 0.0 10:27:49
271.0 682.0 0.01 0.0 10:28:29
333.0 646.0 0.01 0.0 10:28:49
236.0 683.0 0.01 0.0 10:29:13
164.0 615.0 0.01 0.0 10:29:37
120.0 704.0 0.01 0.0 10:30:1
109.0 646.0 0.01 0.0 10:30:25
76.0 684.0 0.01 0.0 10:31:13
63.0 645.0 0.01 0.0 10:31:37
40.0 611.0 0.01 0.0 10:32:3
29.0 704.0 0.01 0.0 10:32:31
24.0 679.0 0.01 0.0 10:33:3
15.0 683.0 0.01 0.0 10:33:17
14.0 662.0 0.01 0.0 10:33:45
4.0 627.0 0.01 0.0 10:34:9
1.0 713.0 0.01 0.0 10:34:33
2.0 666.0 0.01 0.0 10:34:57
5.0 672.0 0.01 0.0 10:35:21
21.0 685.0 0.01 0.0 10:35:45
47.0 697.0 0.01 0.0 10:36:13
51.0 660.0 0.01 0.0 10:36:37
47.0 694.0 0.01 0.0 10:37:1
122.0 677.0 0.01 0.0 10:37:27
155.0 679.0 0.01 0.0 10:37:51
185.0 705.0 0.01 0.0 10:38:27
197.0 675.0 0.01 0.0 10:38:49
184.0 646.0 0.01 0.0 10:39:13
171.0 639.0 0.01 0.0 10:39:37
183.0 659.0 0.01 0.0 10:40:1
230.0 669.0 0.01 0.0 10:40:29
244.0 684.0 0.01 0.0 10:40:49
195.0 679.0 0.01 0.0 10:41:13
128.0 637.0 0.01 0.0 10:41:37
92.0 630.0 0.01 0.0 10:42:5
69.0 675.0 0.01 0.0 10:42:35
45.0 657.0 0.01 0.0 10:42:47
21.0 673.0 0.01 0.0 10:43:11
26.0 730.0 0.01 0.0 10:43:51
2.0 651.0 0.01 0.0 10:44:41
0.0 668.0 0.01 0.0 10:44:57
1.0 666.0 0.01 0.0 10:45:21
4.0 655.0 0.01 0.0 10:45:49
6.0 726.0 0.01 0.0 10:46:21
0.0 675.0 0.01 0.0 10:46:35
1.0 681.0 0.01 0.0 10:46:59
1.0 657.0 0.01 0.0 10:47:25
5.0 676.0 0.01 0.0 10:47:49
14.0 703.0 0.01 0.0 10:48:13
24.0 696.0 0.01 0.0 10:48:49
43.0 697.0 0.01 0.0 10:49:9
127.0 680.0 0.01 0.0 10:49:33
199.0 693.0 0.01 0.0 10:50:9
223.0 681.0 0.01 0.0 10:50:25
195.0 725.0 0.01 0.0 10:50:49
152.0 710.0 0.01 0.0 10:51:17
129.0 689.0 0.01 0.0 10:51:37
127.0 677.0 0.01 0.0 10:52:9
141.0 676.0 0.01 0.0 10:52:27
175.0 692.0 0.01 0.0 10:52:47
212.0 714.0 0.01 0.0 10:53:11
234.0 712.0 0.01 0.0 10:53:47
263.0 694.0 0.01 0.0 10:54:27
226.0 686.0 0.01 0.0 10:54:39
1294.0 678.0 0.01 0.0 10:55:3
634.0 644.0 0.01 0.0 10:55:27
229.0 701.0 0.01 0.0 10:55:51
125.0 735.0 0.01 0.0 10:56:15
67.0 718.0 0.01 0.0 10:56:39
54.0 708.0 0.01 0.0 10:57:3
14.0 715.0 0.01 0.0 10:57:21
0.0 676.0 0.01 0.0 10:57:45
2.0 672.0 0.01 0.0 10:58:9
19.0 669.0 0.01 0.0 10:58:57
14.0 685.0 0.01 0.0 10:59:9
17.0 705.0 0.01 0.0 10:59:33
18.0 691.0 0.01 0.0 10:59:57
14.0 689.0 0.01 0.0 11:0:21
3.0 729.0 0.01 0.0 11:0:57
5.0 659.0 0.01 0.0 11:1:15
10.0 684.0 0.01 0.0 11:1:39
22.0 660.0 0.01 0.0 11:2:3
43.0 700.0 0.01 0.0 11:2:39
6.0 731.0 0.01 0.0 11:2:47
0.0 706.0 0.01 0.0 11:3:11
37.0 697.0 0.01 0.0 11:3:47
110.0 718.0 0.01 0.0 11:4:11
168.0 696.0 0.01 0.0 11:4:37
194.0 700.0 0.01 0.0 11:5:1
217.0 700.0 0.01 0.0 11:5:25
241.0 703.0 0.01 0.0 11:5:49
227.0 696.0 0.01 0.0 11:6:13
208.0 683.0 0.01 0.0 11:6:35
225.0 676.0 0.01 0.0 11:6:59
242.0 687.0 0.01 0.0 11:7:23
214.0 706.0 0.01 0.0 11:7:47
195.0 687.0 0.01 0.0 11:8:23
184.0 734.0 0.01 0.0 11:8:51
104.0 623.0 0.01 0.0 11:9:15
74.0 691.0 0.01 0.0 11:9:33
46.0 641.0 0.01 0.0 11:10:5
28.0 681.0 0.01 0.0 11:10:25
23.0 707.0 0.01 0.0 11:10:45
6.0 679.0 0.01 0.0 11:11:9
1.0 696.0 0.01 0.0 11:11:33
8.0 712.0 0.01 0.0 11:12:29
15.0 678.0 0.01 0.0 11:12:49
24.0 712.0 0.01 0.0 11:13:9
21.0 676.0 0.01 0.0 11:13:45
22.0 587.0 0.01 0.0 11:14:21
12.0 708.0 0.01 0.0 11:14:41
14.0 679.0 0.01 0.0 11:15:1
2.0 607.0 0.01 0.0 11:15:25
3.0 718.0 0.01 0.0 11:15:49
21.0 689.0 0.01 0.0 11:16:15
43.0 677.0 0.01 0.0 11:16:47
47.0 659.0 0.01 0.0 11:16:59
44.0 704.0 0.01 0.0 11:17:25
37.0 648.0 0.01 0.0 11:17:51
21.0 712.0 0.01 0.0 11:18:27
4.0 624.0 0.01 0.0 11:18:55
2.0 696.0 0.01 0.0 11:19:15
8.0 723.0 0.01 0.0 11:20:7
9.0 749.0 0.01 0.0 11:20:39
9.0 705.0 0.01 0.0 11:20:51
3.0 716.0 0.01 0.0 11:21:15
2.0 694.0 0.01 0.0 11:21:39
2.0 700.0 0.01 0.0 11:22:3
22.0 761.0 0.01 0.0 11:22:35
55.0 761.0 0.01 0.0 11:23:3
71.0 727.0 0.01 0.0 11:23:15
103.0 791.0 0.01 0.0 11:23:51
144.0 765.0 0.01 0.0 11:24:15
191.0 746.0 0.01 0.0 11:24:39
222.0 723.0 0.01 0.0 11:25:7
238.0 715.0 0.01 0.0 11:25:23
239.0 735.0 0.01 0.0 11:25:47
262.0 720.0 0.01 0.0 11:26:11
310.0 708.0 0.01 0.0 11:26:35
331.0 681.0 0.01 0.0 11:27:31
218.0 731.0 0.01 0.0 11:27:47
146.0 755.0 0.01 0.0 11:28:11
107.0 712.0 0.01 0.0 11:28:47
68.0 637.0 0.01 0.0 11:29:39
48.0 677.0 0.01 0.0 11:30:3
50.0 723.0 0.01 0.0 11:30:27
57.0 714.0 0.01 0.0 11:30:51
46.0 718.0 0.01 0.0 11:31:23
42.0 724.0 0.01 0.0 11:31:35
30.0 739.0 0.01 0.0 11:31:59
33.0 645.0 0.01 0.0 11:32:23
2.0 724.0 0.01 0.0 11:32:47
0.0 643.0 0.01 0.0 11:33:11
1.0 706.0 0.01 0.0 11:33:55
0.0 761.0 0.01 0.0 11:34:13
0.0 713.0 0.01 0.0 11:34:37
20.0 708.0 0.01 0.0 11:35:1
47.0 686.0 0.01 0.0 11:35:25
57.0 703.0 0.01 0.0 11:35:57
59.0 688.0 0.01 0.0 11:36:13
46.0 668.0 0.01 0.0 11:36:37
18.0 696.0 0.01 0.0 11:37:1
6.0 726.0 0.01 0.0 11:37:25
13.0 622.0 0.01 0.0 11:37:47
15.0 707.0 0.01 0.0 11:38:27
9.0 683.0 0.01 0.0 11:38:47
2.0 703.0 0.01 0.0 11:39:11
2.0 709.0 0.01 0.0 11:39:35
4.0 784.0 0.01 0.0 11:40:15
5.0 700.0 0.01 0.0 11:40:27
6.0 715.0 0.01 0.0 11:40:51
13.0 673.0 0.01 0.0 11:41:15
27.0 708.0 0.01 0.0 11:41:57
17.0 706.0 0.01 0.0 11:42:1
6.0 745.0 0.01 0.0 11:42:25
15.0 695.0 0.01 0.0 11:42:49
39.0 727.0 0.01 0.0 11:43:15
74.0 680.0 0.01 0.0 11:43:53
115.0 706.0 0.01 0.0 11:44:13
135.0 691.0 0.01 0.0 11:44:37
170.0 723.0 0.01 0.0 11:45:1
180.0 699.0 0.01 0.0 11:45:25
172.0 699.0 0.01 0.0 11:45:57
163.0 713.0 0.01 0.0 11:46:13
159.0 666.0 0.01 0.0 11:46:37
176.0 704.0 0.01 0.0 11:47:3
174.0 693.0 0.01 0.0 11:47:29
196.0 662.0 0.01 0.0 11:48:19
164.0 698.0 0.01 0.0 11:48:51
174.0 714.0 0.01 0.0 11:49:9
236.0 720.0 0.01 0.0 11:49:33
