7.0 9.0 10.0 10:8:35
10.0 11.0 12.0 10:8:47
7.0 7.0 7.0 10:9:23
9.0 10.0 11.0 10:9:39
12.0 15.0 19.0 10:10:3
9.0 10.0 11.0 10:10:27
9.0 10.0 11.0 10:10:51
10.0 10.0 10.0 10:11:17
10.0 10.0 10.0 10:11:33
10.0 11.0 11.0 10:11:57
5.0 6.0 6.0 10:12:21
5.0 6.0 7.0 10:12:45
5.0 6.0 7.0 10:13:15
8.0 9.0 9.0 10:13:47
8.0 9.0 9.0 10:14:11
12.0 13.0 13.0 10:14:49
17.0 20.0 22.0 10:15:1
26.0 29.0 30.0 10:15:25
26.0 29.0 30.0 10:15:49
35.0 39.0 43.0 10:16:21
42.0 45.0 47.0 10:16:41
42.0 45.0 47.0 10:16:57
32.0 36.0 38.0 10:17:21
33.0 35.0 37.0 10:17:45
33.0 35.0 37.0 10:18:13
27.0 29.0 30.0 10:18:49
30.0 33.0 35.0 10:19:13
34.0 36.0 36.0 10:19:37
25.0 28.0 30.0 10:20:1
39.0 42.0 42.0 10:20:27
39.0 42.0 42.0 10:20:47
26.0 27.0 27.0 10:21:11
39.0 41.0 41.0 10:21:35
38.0 41.0 41.0 10:22:1
27.0 30.0 31.0 10:22:25
28.0 30.0 30.0 10:22:49
28.0 30.0 30.0 10:23:11
34.0 37.0 38.0 10:24:3
40.0 42.0 42.0 10:24:15
33.0 35.0 36.0 10:24:33
36.0 39.0 40.0 10:24:57
32.0 34.0 34.0 10:25:23
33.0 35.0 35.0 10:25:47
31.0 35.0 36.0 10:26:19
28.0 29.0 29.0 10:26:35
27.0 29.0 29.0 10:27:29
27.0 29.0 29.0 10:27:49
27.0 29.0 29.0 10:28:29
41.0 43.0 43.0 10:28:49
29.0 31.0 31.0 10:29:13
33.0 35.0 35.0 10:29:37
27.0 29.0 30.0 10:30:1
26.0 27.0 27.0 10:30:25
26.0 27.0 27.0 10:30:57
28.0 30.0 30.0 10:31:13
33.0 35.0 35.0 10:31:37
33.0 35.0 35.0 10:32:3
28.0 31.0 32.0 10:32:31
29.0 32.0 34.0 10:33:3
29.0 32.0 34.0 10:33:17
26.0 27.0 27.0 10:33:45
34.0 36.0 36.0 10:34:9
36.0 38.0 38.0 10:34:33
37.0 39.0 39.0 10:34:57
30.0 32.0 32.0 10:35:21
30.0 32.0 32.0 10:35:45
30.0 32.0 32.0 10:36:13
34.0 36.0 36.0 10:36:37
34.0 36.0 36.0 10:37:1
29.0 32.0 34.0 10:37:27
29.0 32.0 34.0 10:37:51
29.0 32.0 34.0 10:38:27
26.0 28.0 28.0 10:38:49
44.0 46.0 46.0 10:39:13
41.0 43.0 43.0 10:39:37
35.0 37.0 37.0 10:40:29
35.0 37.0 37.0 10:40:49
33.0 35.0 35.0 10:41:13
35.0 37.0 37.0 10:41:37
35.0 37.0 37.0 10:42:5
28.0 32.0 36.0 10:42:35
29.0 32.0 34.0 10:42:47
29.0 32.0 34.0 10:43:11
24.0 26.0 26.0 10:43:51
34.0 37.0 37.0 10:44:41
32.0 33.0 33.0 10:44:57
31.0 33.0 33.0 10:45:21
33.0 34.0 34.0 10:45:49
34.0 36.0 36.0 10:46:21
29.0 31.0 31.0 10:46:35
30.0 31.0 31.0 10:46:59
29.0 31.0 32.0 10:47:25
29.0 31.0 32.0 10:47:49
29.0 31.0 32.0 10:48:13
41.0 43.0 43.0 10:48:49
33.0 35.0 35.0 10:49:9
40.0 43.0 45.0 10:49:33
33.0 35.0 35.0 10:50:9
34.0 36.0 36.0 10:50:25
34.0 36.0 36.0 10:50:49
25.0 29.0 31.0 10:51:17
35.0 37.0 37.0 10:51:37
35.0 37.0 37.0 10:52:9
38.0 42.0 44.0 10:52:27
39.0 42.0 44.0 10:52:47
39.0 42.0 44.0 10:53:11
43.0 47.0 49.0 10:53:47
40.0 43.0 43.0 10:54:27
39.0 42.0 44.0 10:54:39
39.0 44.0 48.0 10:55:3
34.0 36.0 36.0 10:55:27
35.0 37.0 37.0 10:55:51
28.0 30.0 30.0 10:56:15
35.0 38.0 39.0 10:56:39
35.0 38.0 39.0 10:57:3
43.0 48.0 50.0 10:57:21
43.0 47.0 48.0 10:57:45
43.0 47.0 48.0 10:58:9
36.0 38.0 38.0 10:58:57
36.0 40.0 41.0 10:59:9
40.0 42.0 42.0 10:59:33
37.0 40.0 41.0 10:59:57
49.0 52.0 52.0 11:0:21
48.0 51.0 51.0 11:0:57
34.0 36.0 36.0 11:1:15
36.0 38.0 38.0 11:1:39
36.0 39.0 39.0 11:2:3
37.0 39.0 39.0 11:2:47
37.0 39.0 39.0 11:3:11
31.0 33.0 33.0 11:3:47
42.0 45.0 45.0 11:4:11
38.0 41.0 41.0 11:4:37
38.0 42.0 44.0 11:5:1
38.0 42.0 43.0 11:5:25
38.0 42.0 43.0 11:5:49
49.0 54.0 57.0 11:6:13
35.0 38.0 39.0 11:6:35
36.0 39.0 40.0 11:6:59
41.0 43.0 43.0 11:7:23
41.0 43.0 43.0 11:7:47
41.0 43.0 43.0 11:8:23
41.0 45.0 46.0 11:8:51
43.0 47.0 48.0 11:9:33
43.0 46.0 48.0 11:10:5
33.0 36.0 37.0 11:10:25
34.0 37.0 38.0 11:10:45
22.0 24.0 26.0 11:11:9
39.0 41.0 42.0 11:11:33
39.0 42.0 42.0 11:11:57
35.0 39.0 41.0 11:12:29
36.0 39.0 41.0 11:12:49
36.0 39.0 41.0 11:13:9
33.0 35.0 35.0 11:13:45
33.0 35.0 35.0 11:14:21
35.0 37.0 39.0 11:14:41
35.0 37.0 37.0 11:15:1
41.0 43.0 43.0 11:15:25
41.0 43.0 43.0 11:15:49
35.0 37.0 38.0 11:16:15
32.0 34.0 34.0 11:16:47
32.0 34.0 34.0 11:16:59
37.0 42.0 44.0 11:17:25
38.0 41.0 43.0 11:17:51
38.0 41.0 43.0 11:18:27
47.0 50.0 50.0 11:18:55
39.0 42.0 43.0 11:19:15
38.0 40.0 40.0 11:19:55
39.0 41.0 41.0 11:20:39
39.0 42.0 42.0 11:20:51
48.0 50.0 50.0 11:21:15
35.0 37.0 37.0 11:21:39
36.0 38.0 38.0 11:22:3
33.0 36.0 38.0 11:22:35
33.0 37.0 38.0 11:23:3
33.0 37.0 38.0 11:23:15
32.0 34.0 34.0 11:23:51
34.0 38.0 41.0 11:24:15
38.0 40.0 40.0 11:24:39
40.0 46.0 51.0 11:25:7
37.0 41.0 42.0 11:25:23
37.0 41.0 42.0 11:25:47
34.0 36.0 36.0 11:26:11
31.0 33.0 33.0 11:26:35
32.0 33.0 33.0 11:27:7
27.0 29.0 29.0 11:27:31
27.0 29.0 29.0 11:27:47
27.0 29.0 29.0 11:28:11
32.0 35.0 36.0 11:28:47
32.0 34.0 34.0 11:29:23
45.0 47.0 47.0 11:29:39
44.0 46.0 46.0 11:30:3
41.0 44.0 44.0 11:30:27
41.0 44.0 44.0 11:30:51
23.0 25.0 25.0 11:31:23
32.0 35.0 36.0 11:31:35
33.0 35.0 36.0 11:31:59
24.0 25.0 25.0 11:32:23
24.0 25.0 25.0 11:32:47
24.0 25.0 25.0 11:33:11
30.0 34.0 37.0 11:33:55
31.0 33.0 33.0 11:34:13
37.0 39.0 39.0 11:34:37
44.0 47.0 47.0 11:35:1
43.0 47.0 49.0 11:35:25
42.0 46.0 48.0 11:35:57
30.0 32.0 32.0 11:36:13
33.0 35.0 35.0 11:36:37
33.0 35.0 35.0 11:37:1
37.0 41.0 42.0 11:37:25
38.0 41.0 42.0 11:37:47
38.0 41.0 42.0 11:38:27
41.0 43.0 43.0 11:38:47
37.0 39.0 39.0 11:39:11
35.0 37.0 37.0 11:39:35
39.0 44.0 48.0 11:40:15
41.0 45.0 46.0 11:40:27
41.0 44.0 45.0 11:40:51
37.0 42.0 45.0 11:41:15
40.0 43.0 43.0 11:42:1
39.0 42.0 43.0 11:42:25
39.0 41.0 41.0 11:42:49
39.0 41.0 41.0 11:43:15
37.0 40.0 42.0 11:43:53
38.0 40.0 40.0 11:44:13
36.0 39.0 39.0 11:44:37
44.0 46.0 46.0 11:45:1
36.0 39.0 40.0 11:45:25
36.0 39.0 40.0 11:45:57
38.0 40.0 40.0 11:46:13
42.0 44.0 44.0 11:46:37
42.0 44.0 44.0 11:47:3
34.0 36.0 36.0 11:47:29
34.0 36.0 36.0 11:48:19
23.0 25.0 25.0 11:48:51
27.0 30.0 31.0 11:49:9
24.0 25.0 25.0 11:49:33
