23.0 58.0 101078.0 10:8:35
23.0 58.0 101078.0 10:8:47
24.0 57.0 101079.0 10:9:23
24.0 57.0 101079.0 10:9:39
24.0 56.0 101080.0 10:10:3
25.0 56.0 101080.0 10:10:27
25.0 55.0 101081.0 10:10:51
25.0 55.0 101082.0 10:11:17
25.0 55.0 101082.0 10:11:33
25.0 54.0 101083.0 10:11:57
25.0 54.0 101084.0 10:12:21
25.0 54.0 101085.0 10:12:45
25.0 53.0 101086.0 10:13:15
25.0 53.0 101086.0 10:13:47
25.0 53.0 101087.0 10:14:11
26.0 52.0 101087.0 10:14:49
26.0 50.0 101088.0 10:15:1
26.0 50.0 101091.0 10:15:25
25.0 49.0 101099.0 10:15:49
24.0 50.0 101106.0 10:16:21
24.0 50.0 101113.0 10:16:41
24.0 49.0 101119.0 10:16:57
23.0 50.0 101125.0 10:17:21
23.0 51.0 101131.0 10:17:45
22.0 51.0 101136.0 10:18:13
21.0 53.0 101141.0 10:18:49
21.0 52.0 101146.0 10:19:13
21.0 53.0 101151.0 10:19:37
21.0 54.0 101156.0 10:20:1
20.0 54.0 101160.0 10:20:27
20.0 55.0 101164.0 10:20:47
20.0 56.0 101168.0 10:21:11
19.0 57.0 101172.0 10:21:35
19.0 57.0 101175.0 10:22:1
19.0 58.0 101179.0 10:22:25
19.0 59.0 101182.0 10:22:49
18.0 59.0 101185.0 10:23:11
19.0 59.0 101188.0 10:24:3
19.0 58.0 101191.0 10:24:15
20.0 57.0 101194.0 10:24:33
20.0 56.0 101197.0 10:24:57
21.0 56.0 101199.0 10:25:23
21.0 56.0 101202.0 10:25:47
21.0 56.0 101204.0 10:26:19
21.0 55.0 101206.0 10:26:35
22.0 54.0 101208.0 10:27:1
22.0 54.0 101210.0 10:27:29
22.0 54.0 101212.0 10:27:49
22.0 54.0 101214.0 10:28:29
22.0 54.0 101216.0 10:28:49
22.0 54.0 101218.0 10:29:13
21.0 54.0 101219.0 10:29:37
21.0 54.0 101220.0 10:30:1
20.0 55.0 101221.0 10:30:25
20.0 55.0 101222.0 10:30:57
20.0 56.0 101224.0 10:31:13
19.0 57.0 101224.0 10:31:37
19.0 58.0 101225.0 10:32:3
19.0 60.0 101226.0 10:32:31
19.0 60.0 101227.0 10:33:3
18.0 61.0 101227.0 10:33:17
18.0 61.0 101228.0 10:33:45
18.0 62.0 101228.0 10:34:9
18.0 62.0 101229.0 10:34:33
18.0 62.0 101229.0 10:34:57
18.0 62.0 101229.0 10:35:21
19.0 61.0 101229.0 10:35:45
19.0 60.0 101229.0 10:36:13
19.0 59.0 101230.0 10:36:37
20.0 58.0 101230.0 10:37:1
20.0 57.0 101230.0 10:37:27
20.0 56.0 101230.0 10:37:51
20.0 56.0 101230.0 10:38:27
20.0 56.0 101230.0 10:38:49
21.0 56.0 101230.0 10:39:13
21.0 55.0 101230.0 10:39:37
21.0 55.0 101230.0 10:40:1
21.0 55.0 101230.0 10:40:29
22.0 55.0 101230.0 10:40:49
21.0 55.0 101230.0 10:41:13
21.0 56.0 101230.0 10:41:37
20.0 56.0 101230.0 10:42:5
20.0 56.0 101231.0 10:42:35
20.0 57.0 101232.0 10:42:47
19.0 58.0 101232.0 10:43:11
19.0 59.0 101233.0 10:43:51
19.0 59.0 101233.0 10:44:41
19.0 60.0 101233.0 10:44:57
19.0 60.0 101233.0 10:45:21
19.0 60.0 101233.0 10:45:49
18.0 61.0 101233.0 10:46:21
18.0 62.0 101232.0 10:46:35
18.0 62.0 101232.0 10:46:59
18.0 63.0 101231.0 10:47:25
18.0 63.0 101231.0 10:47:49
18.0 62.0 101231.0 10:48:13
18.0 62.0 101230.0 10:48:49
19.0 61.0 101230.0 10:49:9
19.0 60.0 101229.0 10:49:33
20.0 59.0 101229.0 10:50:9
20.0 59.0 101229.0 10:50:25
20.0 59.0 101229.0 10:50:49
20.0 59.0 101229.0 10:51:17
20.0 58.0 101229.0 10:51:37
20.0 58.0 101229.0 10:52:9
20.0 57.0 101229.0 10:52:27
21.0 57.0 101229.0 10:52:47
21.0 57.0 101229.0 10:53:11
21.0 58.0 101229.0 10:53:47
21.0 57.0 101229.0 10:54:27
21.0 57.0 101230.0 10:54:39
21.0 57.0 101230.0 10:55:3
21.0 57.0 101231.0 10:55:27
21.0 56.0 101231.0 10:55:51
20.0 57.0 101231.0 10:56:15
20.0 57.0 101232.0 10:56:39
20.0 57.0 101232.0 10:57:3
19.0 58.0 101233.0 10:57:21
19.0 59.0 101233.0 10:57:45
19.0 58.0 101233.0 10:58:9
19.0 58.0 101234.0 10:58:57
19.0 58.0 101234.0 10:59:9
20.0 58.0 101234.0 10:59:33
20.0 58.0 101234.0 10:59:57
20.0 58.0 101234.0 11:0:21
20.0 58.0 101234.0 11:0:57
19.0 59.0 101234.0 11:1:15
19.0 59.0 101234.0 11:1:39
19.0 60.0 101234.0 11:2:3
18.0 61.0 101233.0 11:2:47
18.0 61.0 101233.0 11:3:11
19.0 61.0 101233.0 11:3:47
19.0 60.0 101233.0 11:4:11
20.0 59.0 101233.0 11:4:37
20.0 59.0 101233.0 11:5:1
20.0 59.0 101234.0 11:5:25
21.0 58.0 101234.0 11:5:49
21.0 59.0 101234.0 11:6:13
21.0 58.0 101234.0 11:6:35
21.0 58.0 101235.0 11:6:59
21.0 58.0 101235.0 11:7:23
21.0 57.0 101235.0 11:7:47
21.0 57.0 101235.0 11:8:23
21.0 57.0 101236.0 11:8:51
20.0 57.0 101236.0 11:9:15
20.0 57.0 101237.0 11:9:33
20.0 58.0 101237.0 11:10:5
19.0 58.0 101237.0 11:10:25
19.0 58.0 101238.0 11:10:45
19.0 60.0 101239.0 11:11:9
19.0 60.0 101239.0 11:11:33
18.0 61.0 101240.0 11:11:57
18.0 61.0 101240.0 11:12:29
18.0 62.0 101241.0 11:13:9
18.0 63.0 101241.0 11:13:45
18.0 63.0 101242.0 11:14:21
18.0 63.0 101243.0 11:14:41
18.0 63.0 101244.0 11:15:1
18.0 63.0 101245.0 11:15:25
18.0 63.0 101246.0 11:15:49
18.0 63.0 101247.0 11:16:15
18.0 63.0 101247.0 11:16:47
19.0 62.0 101248.0 11:16:59
19.0 62.0 101249.0 11:17:25
18.0 63.0 101250.0 11:17:51
18.0 64.0 101250.0 11:18:27
18.0 64.0 101251.0 11:18:55
18.0 64.0 101252.0 11:19:15
18.0 64.0 101253.0 11:19:55
18.0 63.0 101254.0 11:20:7
18.0 63.0 101255.0 11:20:39
18.0 63.0 101255.0 11:20:51
18.0 64.0 101256.0 11:21:15
18.0 63.0 101256.0 11:21:39
18.0 63.0 101256.0 11:22:3
18.0 63.0 101257.0 11:22:35
19.0 63.0 101259.0 11:23:15
19.0 62.0 101261.0 11:23:51
20.0 62.0 101262.0 11:24:15
20.0 61.0 101263.0 11:24:39
20.0 61.0 101264.0 11:25:7
21.0 61.0 101264.0 11:25:23
21.0 60.0 101265.0 11:25:47
21.0 60.0 101265.0 11:26:11
21.0 60.0 101266.0 11:26:35
21.0 60.0 101266.0 11:27:7
21.0 60.0 101266.0 11:27:31
21.0 59.0 101266.0 11:27:47
21.0 59.0 101266.0 11:28:11
20.0 59.0 101265.0 11:28:47
20.0 58.0 101265.0 11:29:23
20.0 58.0 101265.0 11:29:39
20.0 58.0 101265.0 11:30:3
20.0 58.0 101264.0 11:30:27
20.0 58.0 101265.0 11:30:51
20.0 59.0 101265.0 11:31:23
20.0 59.0 101265.0 11:31:35
19.0 60.0 101265.0 11:31:59
19.0 60.0 101266.0 11:32:23
19.0 60.0 101266.0 11:32:47
18.0 61.0 101266.0 11:33:11
18.0 62.0 101266.0 11:33:55
18.0 62.0 101266.0 11:34:13
18.0 63.0 101266.0 11:34:37
18.0 62.0 101266.0 11:35:1
19.0 61.0 101266.0 11:35:25
19.0 61.0 101265.0 11:35:57
19.0 61.0 101265.0 11:36:13
18.0 62.0 101265.0 11:36:37
18.0 62.0 101265.0 11:37:1
18.0 62.0 101266.0 11:37:25
19.0 62.0 101266.0 11:37:47
18.0 62.0 101266.0 11:38:27
18.0 63.0 101266.0 11:38:47
17.0 64.0 101267.0 11:39:11
17.0 64.0 101267.0 11:39:35
17.0 65.0 101267.0 11:40:15
17.0 65.0 101268.0 11:40:27
17.0 65.0 101268.0 11:40:51
17.0 65.0 101269.0 11:41:15
17.0 65.0 101270.0 11:42:1
17.0 66.0 101271.0 11:42:25
17.0 65.0 101271.0 11:42:49
18.0 65.0 101272.0 11:43:15
18.0 64.0 101272.0 11:43:53
19.0 63.0 101273.0 11:44:13
19.0 61.0 101274.0 11:44:37
20.0 61.0 101275.0 11:45:1
20.0 60.0 101275.0 11:45:25
20.0 60.0 101276.0 11:45:57
20.0 59.0 101276.0 11:46:13
20.0 59.0 101277.0 11:46:37
20.0 58.0 101277.0 11:47:3
20.0 58.0 101278.0 11:47:29
20.0 58.0 101279.0 11:48:19
20.0 59.0 101279.0 11:48:51
20.0 59.0 101277.0 11:49:9
20.0 58.0 101270.0 11:49:33
