5,0 6,0 7,0 9:59:18
6,0 7,0 8,0 9:59:30
6,0 7,0 8,0 9:59:54
3,0 3,0 3,0 10:0:18
6,0 6,0 7,0 10:0:42
6,0 6,0 6,0 10:1:10
3,0 5,0 7,0 10:1:26
3,0 5,0 6,0 10:1:50
3,0 5,0 6,0 10:2:18
4,0 4,0 4,0 10:2:50
6,0 7,0 7,0 10:3:16
5,0 6,0 6,0 10:3:40
6,0 6,0 6,0 10:4:4
6,0 6,0 6,0 10:4:28
6,0 6,0 6,0 10:4:56
6,0 6,0 6,0 10:5:16
7,0 7,0 7,0 10:5:40
7,0 7,0 7,0 10:6:6
6,0 6,0 6,0 10:6:58
6,0 6,0 6,0 10:7:12
7,0 8,0 9,0 10:7:50
8,0 9,0 10,0 10:8:14
9,0 10,0 10,0 10:8:40
9,0 11,0 13,0 10:9:10
7,0 8,0 9,0 10:9:24
7,0 8,0 9,0 10:9:48
4,0 4,0 4,0 10:10:12
10,0 11,0 12,0 10:10:46
10,0 11,0 12,0 10:11:2
11,0 12,0 12,0 10:11:28
11,0 12,0 12,0 10:12:4
11,0 12,0 12,0 10:12:28
14,0 15,0 16,0 10:13:16
11,0 12,0 12,0 10:13:42
9,0 11,0 11,0 10:14:26
9,0 11,0 11,0 10:15:4
5,0 5,0 5,0 10:15:16
5,0 6,0 6,0 10:15:40
5,0 6,0 6,0 10:16:4
4,0 4,0 4,0 10:16:36
4,0 4,0 4,0 10:16:52
4,0 4,0 4,0 10:17:14
4,0 5,0 5,0 10:17:52
7,0 8,0 8,0 10:18:38
5,0 5,0 5,0 10:19:4
10,0 11,0 12,0 10:19:28
10,0 11,0 12,0 10:19:52
13,0 13,0 13,0 10:20:24
6,0 7,0 7,0 10:20:40
6,0 7,0 7,0 10:21:8
10,0 13,0 15,0 10:21:26
10,0 12,0 14,0 10:22:16
7,0 7,0 7,0 10:22:52
7,0 8,0 8,0 10:23:16
10,0 11,0 11,0 10:23:40
9,0 9,0 9,0 10:24:12
7,0 7,0 7,0 10:24:34
7,0 7,0 7,0 10:24:52
8,0 8,0 8,0 10:25:14
8,0 9,0 9,0 10:25:40
8,0 9,0 9,0 10:26:4
7,0 9,0 11,0 10:26:28
7,0 9,0 10,0 10:26:54
7,0 9,0 10,0 10:27:18
5,0 6,0 7,0 10:28:0
9,0 10,0 11,0 10:28:38
3,0 3,0 4,0 10:29:8
7,0 7,0 7,0 10:29:38
7,0 7,0 7,0 10:29:54
5,0 6,0 8,0 10:30:26
8,0 9,0 9,0 10:30:38
8,0 9,0 9,0 10:31:4
6,0 6,0 6,0 10:31:28
6,0 6,0 6,0 10:31:52
6,0 6,0 6,0 10:32:28
12,0 17,0 21,0 10:32:52
8,0 9,0 10,0 10:33:16
8,0 9,0 9,0 10:33:40
11,0 11,0 11,0 10:34:32
11,0 11,0 11,0 10:34:54
11,0 12,0 12,0 10:35:18
10,0 10,0 10,0 10:35:42
4,0 4,0 4,0 10:36:28
4,0 4,0 4,0 10:37:0
4,0 4,0 4,0 10:37:12
10,0 10,0 10,0 10:37:48
12,0 14,0 16,0 10:38:12
10,0 11,0 11,0 10:38:48
17,0 20,0 22,0 10:39:6
11,0 12,0 12,0 10:39:30
11,0 12,0 12,0 10:39:54
11,0 11,0 11,0 10:40:44
11,0 11,0 11,0 10:41:6
9,0 10,0 10,0 10:41:30
9,0 10,0 10,0 10:42:40
5,0 5,0 5,0 10:42:48
8,0 9,0 10,0 10:43:14
10,0 11,0 11,0 10:43:46
10,0 10,0 10,0 10:44:10
9,0 10,0 12,0 10:44:26
9,0 10,0 12,0 10:44:50
8,0 9,0 9,0 10:45:14
8,0 9,0 9,0 10:45:42
13,0 15,0 17,0 10:46:30
13,0 15,0 16,0 10:46:52
13,0 15,0 16,0 10:47:24
12,0 13,0 13,0 10:47:48
7,0 8,0 8,0 10:48:12
9,0 9,0 9,0 10:48:36
14,0 14,0 14,0 10:49:2
8,0 9,0 10,0 10:50:16
21,0 22,0 22,0 10:50:40
21,0 22,0 22,0 10:51:4
13,0 14,0 14,0 10:51:38
13,0 14,0 14,0 10:51:58
13,0 14,0 14,0 10:52:20
8,0 9,0 9,0 10:52:58
13,0 14,0 14,0 10:53:22
11,0 12,0 12,0 10:53:42
11,0 12,0 13,0 10:54:4
15,0 17,0 18,0 10:54:32
5,0 5,0 5,0 10:55:20
7,0 8,0 9,0 10:55:36
7,0 8,0 9,0 10:56:0
10,0 13,0 15,0 10:56:26
10,0 13,0 15,0 10:57:4
10,0 13,0 15,0 10:57:18
9,0 10,0 10,0 10:57:50
11,0 12,0 12,0 10:58:14
9,0 10,0 10,0 10:58:48
11,0 12,0 12,0 10:59:4
7,0 8,0 8,0 10:59:24
7,0 8,0 8,0 10:59:52
10,0 10,0 10,0 11:0:12
12,0 13,0 13,0 11:0:54
12,0 13,0 13,0 11:1:2
11,0 12,0 12,0 11:1:28
11,0 12,0 12,0 11:1:52
11,0 12,0 12,0 11:2:18
18,0 21,0 23,0 11:3:12
10,0 11,0 11,0 11:3:36
11,0 12,0 13,0 11:4:0
14,0 15,0 16,0 11:4:40
14,0 15,0 16,0 11:4:56
8,0 8,0 8,0 11:5:16
13,0 14,0 14,0 11:5:40
13,0 14,0 14,0 11:6:10
13,0 14,0 15,0 11:6:26
13,0 14,0 14,0 11:6:50
13,0 14,0 14,0 11:7:16
21,0 24,0 25,0 11:7:52
16,0 19,0 20,0 11:8:16
15,0 16,0 16,0 11:8:36
14,0 15,0 15,0 11:9:0
15,0 16,0 16,0 11:9:28
15,0 16,0 16,0 11:9:48
9,0 10,0 10,0 11:10:18
14,0 15,0 15,0 11:10:42
14,0 15,0 15,0 11:11:6
15,0 16,0 16,0 11:11:28
15,0 16,0 16,0 11:11:50
15,0 16,0 16,0 11:12:14
12,0 14,0 16,0 11:12:52
16,0 17,0 17,0 11:13:16
18,0 19,0 19,0 11:13:40
14,0 15,0 15,0 11:14:4
18,0 19,0 19,0 11:14:26
18,0 19,0 19,0 11:14:50
13,0 14,0 15,0 11:15:14
24,0 25,0 25,0 11:15:40
24,0 25,0 25,0 11:16:8
17,0 18,0 18,0 11:16:28
17,0 18,0 18,0 11:16:52
17,0 18,0 18,0 11:17:16
11,0 13,0 14,0 11:17:52
16,0 17,0 17,0 11:18:16
16,0 17,0 17,0 11:18:40
24,0 25,0 25,0 11:19:20
16,0 17,0 19,0 11:19:28
16,0 18,0 19,0 11:19:54
11,0 14,0 16,0 11:20:12
12,0 14,0 15,0 11:20:36
13,0 14,0 15,0 11:21:8
16,0 16,0 16,0 11:21:30
16,0 16,0 16,0 11:21:50
16,0 16,0 16,0 11:22:14
12,0 12,0 12,0 11:23:16
14,0 15,0 15,0 11:23:40
13,0 17,0 21,0 11:24:6
13,0 14,0 14,0 11:24:28
13,0 14,0 14,0 11:25:0
17,0 20,0 23,0 11:25:16
17,0 19,0 19,0 11:25:40
17,0 19,0 19,0 11:26:8
13,0 14,0 14,0 11:26:28
13,0 14,0 14,0 11:27:16
24,0 26,0 26,0 11:27:52
19,0 20,0 20,0 11:28:44
12,0 14,0 15,0 11:29:6
15,0 17,0 17,0 11:29:54
17,0 18,0 18,0 11:30:12
19,0 20,0 20,0 11:30:36
19,0 20,0 20,0 11:31:0
18,0 22,0 26,0 11:31:26
18,0 21,0 24,0 11:32:14
16,0 17,0 17,0 11:32:50
19,0 20,0 20,0 11:33:14
20,0 21,0 21,0 11:33:50
18,0 19,0 19,0 11:34:4
15,0 16,0 16,0 11:34:28
15,0 16,0 16,0 11:34:52
15,0 16,0 16,0 11:35:16
17,0 19,0 19,0 11:36:2
16,0 17,0 17,0 11:36:26
17,0 18,0 18,0 11:36:50
17,0 18,0 18,0 11:37:14
15,0 16,0 16,0 11:37:54
15,0 16,0 16,0 11:38:14
16,0 17,0 18,0 11:38:38
17,0 19,0 21,0 11:39:2
15,0 16,0 17,0 11:39:32
15,0 16,0 17,0 11:39:52
17,0 19,0 20,0 11:40:20
15,0 15,0 15,0 11:41:6
12,0 14,0 15,0 11:41:30
12,0 14,0 15,0 11:41:48
12,0 14,0 15,0 11:42:12
5,0 5,0 5,0 11:42:52
