26.0 60.0 100880.0 9:59:18
26.0 59.0 100880.0 9:59:30
27.0 59.0 100880.0 9:59:54
27.0 59.0 100880.0 10:0:18
27.0 59.0 100881.0 10:0:42
27.0 58.0 100881.0 10:1:10
27.0 58.0 100881.0 10:1:26
27.0 58.0 100881.0 10:1:50
27.0 58.0 100882.0 10:2:18
27.0 57.0 100882.0 10:2:50
27.0 57.0 100881.0 10:3:16
28.0 56.0 100881.0 10:3:40
28.0 56.0 100881.0 10:4:4
28.0 55.0 100881.0 10:4:28
28.0 55.0 100881.0 10:4:56
28.0 54.0 100881.0 10:5:16
28.0 53.0 100880.0 10:5:40
28.0 52.0 100880.0 10:6:6
27.0 51.0 100889.0 10:6:58
27.0 50.0 100896.0 10:7:12
26.0 51.0 100902.0 10:7:50
26.0 51.0 100908.0 10:8:14
26.0 51.0 100913.0 10:8:40
25.0 51.0 100918.0 10:9:10
25.0 51.0 100923.0 10:9:24
25.0 52.0 100928.0 10:9:48
24.0 52.0 100932.0 10:10:12
24.0 53.0 100937.0 10:10:46
24.0 53.0 100941.0 10:11:2
24.0 53.0 100945.0 10:11:28
24.0 54.0 100948.0 10:12:4
23.0 54.0 100951.0 10:12:28
23.0 55.0 100957.0 10:13:16
23.0 55.0 100960.0 10:13:42
23.0 55.0 100963.0 10:14:10
24.0 55.0 100965.0 10:14:26
24.0 55.0 100967.0 10:15:4
23.0 55.0 100969.0 10:15:16
24.0 54.0 100971.0 10:15:40
24.0 54.0 100973.0 10:16:4
24.0 54.0 100974.0 10:16:36
25.0 54.0 100976.0 10:16:52
25.0 53.0 100977.0 10:17:14
25.0 53.0 100978.0 10:17:52
25.0 53.0 100981.0 10:18:38
26.0 52.0 100982.0 10:19:4
26.0 52.0 100983.0 10:19:28
26.0 52.0 100984.0 10:19:52
26.0 52.0 100985.0 10:20:24
26.0 52.0 100986.0 10:20:40
26.0 51.0 100987.0 10:21:8
26.0 51.0 100988.0 10:21:26
26.0 51.0 100989.0 10:22:16
25.0 52.0 100990.0 10:22:52
25.0 52.0 100990.0 10:23:16
25.0 52.0 100990.0 10:23:40
25.0 52.0 100991.0 10:24:12
25.0 52.0 100991.0 10:24:52
25.0 52.0 100991.0 10:25:14
25.0 52.0 100991.0 10:25:40
25.0 52.0 100991.0 10:26:4
24.0 53.0 100991.0 10:26:28
24.0 53.0 100991.0 10:26:54
24.0 54.0 100991.0 10:27:18
23.0 55.0 100990.0 10:28:0
24.0 54.0 100989.0 10:28:38
24.0 53.0 100988.0 10:29:8
25.0 53.0 100987.0 10:29:54
25.0 53.0 100987.0 10:30:26
25.0 52.0 100986.0 10:30:38
25.0 52.0 100986.0 10:31:4
25.0 52.0 100986.0 10:31:28
25.0 52.0 100986.0 10:31:52
25.0 52.0 100985.0 10:32:28
25.0 53.0 100985.0 10:32:52
25.0 52.0 100985.0 10:33:16
25.0 52.0 100984.0 10:33:40
25.0 52.0 100984.0 10:34:6
24.0 53.0 100985.0 10:34:32
24.0 53.0 100985.0 10:34:54
24.0 54.0 100985.0 10:35:18
24.0 54.0 100986.0 10:35:42
24.0 54.0 100986.0 10:36:28
24.0 54.0 100986.0 10:37:0
24.0 54.0 100986.0 10:37:12
24.0 54.0 100986.0 10:37:48
24.0 54.0 100985.0 10:38:12
24.0 54.0 100985.0 10:38:48
24.0 54.0 100985.0 10:39:6
24.0 54.0 100984.0 10:39:30
24.0 54.0 100984.0 10:39:54
24.0 54.0 100983.0 10:40:44
24.0 54.0 100983.0 10:41:6
24.0 54.0 100981.0 10:42:48
24.0 53.0 100981.0 10:43:14
25.0 53.0 100980.0 10:43:46
25.0 52.0 100980.0 10:44:26
25.0 52.0 100980.0 10:44:50
26.0 52.0 100980.0 10:45:14
26.0 52.0 100980.0 10:45:42
26.0 51.0 100980.0 10:46:10
26.0 51.0 100980.0 10:47:24
25.0 51.0 100980.0 10:47:48
25.0 51.0 100979.0 10:48:12
25.0 52.0 100979.0 10:48:36
24.0 52.0 100978.0 10:49:2
24.0 52.0 100978.0 10:49:40
24.0 53.0 100977.0 10:49:54
24.0 53.0 100976.0 10:50:16
24.0 53.0 100975.0 10:50:40
23.0 54.0 100975.0 10:51:4
23.0 54.0 100974.0 10:51:38
23.0 55.0 100973.0 10:51:58
23.0 55.0 100973.0 10:52:20
23.0 55.0 100972.0 10:52:58
23.0 55.0 100972.0 10:53:22
23.0 55.0 100971.0 10:53:42
23.0 55.0 100970.0 10:54:4
23.0 56.0 100970.0 10:54:32
23.0 56.0 100968.0 10:55:20
23.0 55.0 100967.0 10:55:36
24.0 55.0 100966.0 10:56:0
24.0 55.0 100966.0 10:56:26
24.0 54.0 100965.0 10:57:4
24.0 54.0 100964.0 10:57:18
24.0 54.0 100964.0 10:57:50
24.0 54.0 100963.0 10:58:14
24.0 53.0 100963.0 10:58:48
25.0 53.0 100963.0 10:59:4
25.0 53.0 100963.0 10:59:24
25.0 53.0 100963.0 10:59:52
25.0 53.0 100962.0 11:0:12
25.0 52.0 100962.0 11:1:2
25.0 52.0 100962.0 11:1:28
25.0 53.0 100963.0 11:1:52
24.0 53.0 100963.0 11:2:18
24.0 54.0 100963.0 11:2:56
24.0 54.0 100963.0 11:3:12
24.0 54.0 100964.0 11:3:36
24.0 54.0 100964.0 11:4:0
23.0 54.0 100964.0 11:4:40
23.0 55.0 100965.0 11:5:16
23.0 55.0 100966.0 11:5:40
23.0 55.0 100966.0 11:6:10
23.0 56.0 100967.0 11:6:26
23.0 56.0 100968.0 11:6:50
22.0 57.0 100969.0 11:7:16
22.0 57.0 100970.0 11:7:52
23.0 57.0 100971.0 11:8:16
23.0 56.0 100973.0 11:8:36
23.0 56.0 100974.0 11:9:0
23.0 56.0 100975.0 11:9:28
23.0 56.0 100976.0 11:9:48
23.0 57.0 100977.0 11:10:18
23.0 57.0 100978.0 11:10:42
23.0 57.0 100979.0 11:11:6
23.0 57.0 100981.0 11:11:50
22.0 58.0 100982.0 11:12:14
22.0 58.0 100983.0 11:12:52
22.0 58.0 100983.0 11:13:16
23.0 58.0 100984.0 11:13:40
22.0 58.0 100984.0 11:14:4
23.0 58.0 100986.0 11:14:26
23.0 57.0 100987.0 11:14:50
23.0 57.0 100988.0 11:15:14
23.0 57.0 100989.0 11:15:40
23.0 56.0 100990.0 11:16:8
23.0 57.0 100991.0 11:16:28
23.0 57.0 100992.0 11:16:52
23.0 57.0 100993.0 11:17:16
23.0 56.0 100994.0 11:17:52
24.0 56.0 100995.0 11:18:16
25.0 55.0 100996.0 11:18:40
25.0 55.0 100996.0 11:19:20
25.0 55.0 100997.0 11:19:28
25.0 54.0 100998.0 11:19:54
25.0 54.0 100998.0 11:20:12
25.0 54.0 100998.0 11:20:36
25.0 54.0 100998.0 11:21:8
25.0 54.0 100997.0 11:21:30
24.0 54.0 100997.0 11:21:50
24.0 54.0 100996.0 11:22:14
24.0 55.0 100996.0 11:23:16
24.0 55.0 100997.0 11:23:40
24.0 55.0 100997.0 11:24:6
24.0 55.0 100997.0 11:24:28
24.0 55.0 100997.0 11:25:0
24.0 55.0 100998.0 11:25:16
24.0 55.0 100998.0 11:25:40
24.0 56.0 100998.0 11:26:8
23.0 56.0 100999.0 11:26:28
23.0 56.0 101000.0 11:26:56
24.0 56.0 101000.0 11:27:16
24.0 56.0 101000.0 11:27:52
24.0 56.0 101002.0 11:28:44
24.0 56.0 101002.0 11:29:6
24.0 56.0 101003.0 11:29:26
23.0 56.0 101004.0 11:29:54
23.0 56.0 101004.0 11:30:12
23.0 56.0 101005.0 11:30:36
23.0 57.0 101005.0 11:31:0
23.0 57.0 101006.0 11:31:26
23.0 58.0 101006.0 11:32:14
22.0 58.0 101005.0 11:32:50
22.0 58.0 101005.0 11:33:14
23.0 58.0 101005.0 11:33:50
23.0 58.0 101005.0 11:34:4
23.0 58.0 101005.0 11:34:28
23.0 58.0 101006.0 11:34:52
23.0 58.0 101006.0 11:35:16
23.0 57.0 101007.0 11:36:2
23.0 57.0 101007.0 11:36:26
23.0 57.0 101008.0 11:36:50
24.0 56.0 101008.0 11:37:14
24.0 56.0 101009.0 11:37:54
24.0 56.0 101009.0 11:38:14
25.0 55.0 101010.0 11:38:38
25.0 54.0 101010.0 11:39:2
25.0 54.0 101011.0 11:39:32
25.0 53.0 101011.0 11:39:52
25.0 53.0 101012.0 11:40:20
26.0 53.0 101012.0 11:40:42
26.0 53.0 101013.0 11:41:6
26.0 53.0 101013.0 11:41:30
26.0 53.0 101013.0 11:41:48
26.0 53.0 101012.0 11:42:12
26.0 53.0 101006.0 11:42:52
