544.0 936.0 0.01 0.0 9:59:18
506.0 889.0 0.01 0.0 9:59:30
608.0 897.0 0.01 0.0 9:59:54
658.0 911.0 0.01 0.0 10:0:18
668.0 894.0 0.01 0.0 10:0:42
660.0 903.0 0.01 0.0 10:1:10
655.0 906.0 0.01 0.0 10:1:26
646.0 913.0 0.01 0.0 10:1:50
644.0 901.0 0.01 0.0 10:2:18
628.0 896.0 0.01 0.0 10:2:50
612.0 897.0 0.01 0.0 10:3:16
595.0 875.0 0.01 0.0 10:3:40
592.0 883.0 0.01 0.0 10:4:4
597.0 869.0 0.01 0.0 10:4:28
591.0 880.0 0.01 0.0 10:4:56
440.0 900.0 0.01 0.0 10:5:16
316.0 904.0 0.01 0.0 10:5:40
217.0 819.0 0.01 0.0 10:6:6
161.0 747.0 0.01 0.0 10:6:50
29.0 717.0 0.01 0.0 10:6:58
1.0 613.0 0.01 0.0 10:7:12
0.0 590.0 0.01 0.0 10:7:50
1.0 633.0 0.01 0.0 10:8:14
1.0 635.0 0.01 0.0 10:8:40
5.0 620.0 0.01 0.0 10:9:10
5.0 530.0 0.01 0.0 10:9:24
3.0 662.0 0.01 0.0 10:9:48
5.0 697.0 0.01 0.0 10:10:12
10.0 575.0 0.01 0.0 10:10:46
5.0 688.0 0.01 0.0 10:11:2
3.0 616.0 0.01 0.0 10:11:28
5.0 598.0 0.01 0.0 10:12:4
8.0 688.0 0.01 0.0 10:12:28
4.0 635.0 0.01 0.0 10:13:16
14.0 587.0 0.01 0.0 10:13:42
16.0 614.0 0.01 0.0 10:14:10
25.0 591.0 0.01 0.0 10:14:26
20.0 664.0 0.01 0.0 10:15:4
9.0 627.0 0.01 0.0 10:15:16
62.0 600.0 0.01 0.0 10:15:40
109.0 622.0 0.01 0.0 10:16:4
147.0 608.0 0.01 0.0 10:16:36
186.0 647.0 0.01 0.0 10:16:52
212.0 643.0 0.01 0.0 10:17:14
215.0 632.0 0.01 0.0 10:17:52
1993.0 607.0 0.01 0.0 10:18:34
1530.0 614.0 0.01 0.0 10:18:38
423.0 654.0 0.01 0.0 10:19:4
507.0 627.0 0.01 0.0 10:19:28
377.0 629.0 0.01 0.0 10:19:52
265.0 627.0 0.01 0.0 10:20:24
325.0 626.0 0.01 0.0 10:20:40
334.0 661.0 0.01 0.0 10:21:8
242.0 659.0 0.01 0.0 10:21:26
157.0 609.0 0.01 0.0 10:22:4
111.0 655.0 0.01 0.0 10:22:16
100.0 627.0 0.01 0.0 10:22:52
113.0 609.0 0.01 0.0 10:23:16
87.0 586.0 0.01 0.0 10:23:40
53.0 635.0 0.01 0.0 10:24:12
43.0 641.0 0.01 0.0 10:24:34
58.0 652.0 0.01 0.0 10:24:52
42.0 617.0 0.01 0.0 10:25:14
20.0 587.0 0.01 0.0 10:25:40
8.0 645.0 0.01 0.0 10:26:4
2.0 618.0 0.01 0.0 10:26:28
0.0 633.0 0.01 0.0 10:26:54
0.0 639.0 0.01 0.0 10:27:18
41.0 641.0 0.01 0.0 10:28:20
120.0 605.0 0.01 0.0 10:28:38
185.0 643.0 0.01 0.0 10:29:8
227.0 631.0 0.01 0.0 10:29:38
231.0 661.0 0.01 0.0 10:29:54
218.0 612.0 0.01 0.0 10:30:26
183.0 626.0 0.01 0.0 10:30:38
152.0 623.0 0.01 0.0 10:31:4
123.0 626.0 0.01 0.0 10:31:28
78.0 622.0 0.01 0.0 10:31:52
62.0 609.0 0.01 0.0 10:32:28
72.0 617.0 0.01 0.0 10:32:52
87.0 579.0 0.01 0.0 10:33:16
68.0 585.0 0.01 0.0 10:33:40
42.0 537.0 0.01 0.0 10:34:6
22.0 553.0 0.01 0.0 10:34:32
29.0 557.0 0.01 0.0 10:34:54
9.0 646.0 0.01 0.0 10:35:18
0.0 669.0 0.01 0.0 10:35:42
4.0 656.0 0.01 0.0 10:36:8
5.0 572.0 0.01 0.0 10:36:28
6.0 702.0 0.01 0.0 10:37:12
12.0 692.0 0.01 0.0 10:37:48
25.0 665.0 0.01 0.0 10:38:12
22.0 649.0 0.01 0.0 10:39:6
20.0 651.0 0.01 0.0 10:39:30
17.0 647.0 0.01 0.0 10:39:54
14.0 650.0 0.01 0.0 10:41:6
38.0 624.0 0.01 0.0 10:41:30
84.0 631.0 0.01 0.0 10:42:40
86.0 633.0 0.01 0.0 10:42:48
126.0 639.0 0.01 0.0 10:43:14
177.0 599.0 0.01 0.0 10:43:46
192.0 598.0 0.01 0.0 10:44:10
188.0 590.0 0.01 0.0 10:44:26
180.0 626.0 0.01 0.0 10:44:50
611.0 651.0 0.01 0.0 10:45:14
645.0 613.0 0.01 0.0 10:45:42
245.0 630.0 0.01 0.0 10:46:10
230.0 615.0 0.01 0.0 10:46:30
201.0 614.0 0.01 0.0 10:46:52
173.0 605.0 0.01 0.0 10:47:24
77.0 574.0 0.01 0.0 10:47:48
59.0 654.0 0.01 0.0 10:48:12
55.0 618.0 0.01 0.0 10:48:36
7.0 650.0 0.01 0.0 10:49:2
0.0 532.0 0.01 0.0 10:49:40
0.0 762.0 0.01 0.0 10:49:54
16.0 631.0 0.01 0.0 10:50:16
43.0 629.0 0.01 0.0 10:50:40
15.0 661.0 0.01 0.0 10:51:4
0.0 574.0 0.01 0.0 10:51:38
0.0 643.0 0.01 0.0 10:51:58
3.0 650.0 0.01 0.0 10:52:20
13.0 699.0 0.01 0.0 10:52:58
23.0 645.0 0.01 0.0 10:53:22
31.0 626.0 0.01 0.0 10:53:42
21.0 637.0 0.01 0.0 10:54:4
7.0 651.0 0.01 0.0 10:54:32
8.0 627.0 0.01 0.0 10:55:20
68.0 631.0 0.01 0.0 10:55:36
112.0 649.0 0.01 0.0 10:56:0
86.0 614.0 0.01 0.0 10:56:26
82.0 634.0 0.01 0.0 10:57:4
145.0 614.0 0.01 0.0 10:57:18
97.0 638.0 0.01 0.0 10:57:50
63.0 597.0 0.01 0.0 10:58:14
136.0 614.0 0.01 0.0 10:59:4
191.0 596.0 0.01 0.0 10:59:24
237.0 641.0 0.01 0.0 10:59:52
225.0 635.0 0.01 0.0 11:0:12
167.0 543.0 0.01 0.0 11:0:54
104.0 602.0 0.01 0.0 11:1:2
85.0 587.0 0.01 0.0 11:1:28
99.0 628.0 0.01 0.0 11:1:52
100.0 587.0 0.01 0.0 11:2:18
96.0 618.0 0.01 0.0 11:2:56
92.0 650.0 0.01 0.0 11:3:12
65.0 773.0 0.01 0.0 11:3:36
21.0 652.0 0.01 0.0 11:4:0
7.0 630.0 0.01 0.0 11:4:40
3.0 675.0 0.01 0.0 11:4:56
3.0 659.0 0.01 0.0 11:5:16
18.0 617.0 0.01 0.0 11:6:10
9.0 654.0 0.01 0.0 11:6:26
6.0 566.0 0.01 0.0 11:6:50
6.0 664.0 0.01 0.0 11:7:16
37.0 661.0 0.01 0.0 11:8:16
77.0 650.0 0.01 0.0 11:8:36
45.0 623.0 0.01 0.0 11:9:0
32.0 698.0 0.01 0.0 11:9:28
11.0 614.0 0.01 0.0 11:10:18
2.0 641.0 0.01 0.0 11:10:42
8.0 688.0 0.01 0.0 11:11:6
2.0 696.0 0.01 0.0 11:12:14
1.0 656.0 0.01 0.0 11:12:52
5.0 691.0 0.01 0.0 11:13:16
13.0 634.0 0.01 0.0 11:13:40
11.0 633.0 0.01 0.0 11:14:4
42.0 650.0 0.01 0.0 11:14:26
96.0 670.0 0.01 0.0 11:14:50
130.0 649.0 0.01 0.0 11:15:14
106.0 613.0 0.01 0.0 11:15:40
78.0 669.0 0.01 0.0 11:16:8
41.0 636.0 0.01 0.0 11:16:28
27.0 632.0 0.01 0.0 11:16:52
34.0 652.0 0.01 0.0 11:17:16
70.0 661.0 0.01 0.0 11:17:52
207.0 657.0 0.01 0.0 11:18:16
309.0 651.0 0.01 0.0 11:18:40
290.0 637.0 0.01 0.0 11:19:28
243.0 662.0 0.01 0.0 11:19:54
175.0 637.0 0.01 0.0 11:20:12
148.0 758.0 0.01 0.0 11:20:36
131.0 646.0 0.01 0.0 11:21:8
106.0 620.0 0.01 0.0 11:21:30
85.0 634.0 0.01 0.0 11:21:50
84.0 639.0 0.01 0.0 11:22:14
87.0 585.0 0.01 0.0 11:23:16
81.0 630.0 0.01 0.0 11:23:40
59.0 658.0 0.01 0.0 11:24:6
68.0 641.0 0.01 0.0 11:24:28
112.0 652.0 0.01 0.0 11:25:0
93.0 670.0 0.01 0.0 11:25:16
58.0 776.0 0.01 0.0 11:25:40
38.0 729.0 0.01 0.0 11:26:8
31.0 667.0 0.01 0.0 11:26:28
42.0 683.0 0.01 0.0 11:26:56
109.0 713.0 0.01 0.0 11:27:16
118.0 656.0 0.01 0.0 11:27:52
96.0 622.0 0.01 0.0 11:28:32
95.0 604.0 0.01 0.0 11:28:44
73.0 721.0 0.01 0.0 11:29:6
49.0 607.0 0.01 0.0 11:29:26
34.0 660.0 0.01 0.0 11:29:54
22.0 677.0 0.01 0.0 11:30:12
19.0 661.0 0.01 0.0 11:30:36
50.0 806.0 0.01 0.0 11:31:0
23.0 635.0 0.01 0.0 11:31:26
0.0 701.0 0.01 0.0 11:32:10
6.0 726.0 0.01 0.0 11:32:14
8.0 689.0 0.01 0.0 11:32:50
2.0 738.0 0.01 0.0 11:33:14
0.0 581.0 0.01 0.0 11:33:50
10.0 682.0 0.01 0.0 11:34:4
8.0 554.0 0.01 0.0 11:34:28
3.0 741.0 0.01 0.0 11:34:52
8.0 643.0 0.01 0.0 11:35:16
30.0 657.0 0.01 0.0 11:36:2
50.0 639.0 0.01 0.0 11:36:26
75.0 664.0 0.01 0.0 11:36:50
119.0 638.0 0.01 0.0 11:37:14
182.0 634.0 0.01 0.0 11:37:54
192.0 616.0 0.01 0.0 11:38:14
189.0 644.0 0.01 0.0 11:38:38
191.0 605.0 0.01 0.0 11:39:2
181.0 639.0 0.01 0.0 11:39:32
192.0 607.0 0.01 0.0 11:39:52
208.0 619.0 0.01 0.0 11:40:20
277.0 628.0 0.01 0.0 11:40:42
294.0 666.0 0.01 0.0 11:41:6
298.0 625.0 0.01 0.0 11:41:30
243.0 641.0 0.01 0.0 11:41:48
283.0 692.0 0.01 0.0 11:42:12
339.0 717.0 0.01 0.0 11:42:52
