6 61 27,0 48,0 100689 64 580 0,01 0,0 10,0 12,0 13,0 2 1 1,0 1,0 25/10/2022 16 6 34 45,4802328 9,234391
6 62 27,0 49,0 100687 27 591 0,01 0,0 14,0 15,0 16,0 1 1 2,0 1,0 25/10/2022 16 6 52 45,4802317 9,23439
6 63 28,0 48,0 100686 41 626 0,01 0,0 14,0 15,0 16,0 1 2 2,0 2,0 25/10/2022 16 7 10 45,4802317 9,23439
6 1 28,0 47,0 100685 155 586 0,01 0,0 16,0 17,0 18,0 1 1 1,0 1,0 25/10/2022 16 7 48 45,4802317 9,23439
6 2 28,0 47,0 100684 177 601 0,01 0,0 18,0 19,0 19,0 1 2 1,0 2,0 25/10/2022 16 8 2 45,4802606 9,2343315
6 3 29,0 46,0 100683 50 600 0,01 0,0 18,0 19,0 19,0 1 2 1,0 2,0 25/10/2022 16 8 26 45,4802617 9,2343283
6 5 0 0 0 55 598 0,01 0,0 0,0 0,0 0,0 0 0 1,0 0,0 25/10/2022 16 9 6 45,4802617 9,2343283
6 5 29,0 46,0 100682 127 535 0,01 0,0 16,0 17,0 17,0 1 1 1,0 1,0 25/10/2022 16 9 20 45,4802617 9,2343283
6 7 28,0 46,0 100681 0 0 0 0,0 16,0 17,0 17,0 1 2 0,0 1,0 25/10/2022 16 9 40 45,4802617 9,2343283
6 8 28,0 47,0 100680 0 0 0 0,0 16,0 18,0 18,0 1 1 0,0 1,0 25/10/2022 16 10 10 45,4802617 9,2343283
6 8 29,0 46,0 100679 199 529 0,01 0,0 20,0 21,0 21,0 1 2 1,0 2,0 25/10/2022 16 10 36 45,4802617 9,2343283
6 9 29,0 46,0 100678 225 619 0,01 0,0 27,0 28,0 28,0 1 2 2,0 2,0 25/10/2022 16 11 0 45,4802617 9,2343283
6 10 29,0 46,0 100678 472 615 0,01 0,0 23,0 24,0 24,0 1 2 1,0 2,0 25/10/2022 16 11 24 45,4802617 9,2343283
