4 2 107 97 03 25 10 16 6 43 780
4 2 108 97 03 25 10 16 6 44 580
4 2 107 97 03 25 10 16 6 45 779
4 2 105 97 03 25 10 16 6 47 778
4 2 106 97 03 25 10 16 6 48 577
4 2 106 97 03 25 10 16 6 49 777
4 2 107 97 01 25 10 16 6 50 577
4 2 108 97 01 25 10 16 6 51 776
4 2 109 97 01 25 10 16 6 52 575
4 2 109 97 01 25 10 16 6 53 774
4 1 108 97 01 25 10 16 6 54 574
4 0 108 97 01 25 10 16 6 55 773
4 0 108 97 01 25 10 16 6 56 573
4 0 108 97 01 25 10 16 6 57 772
4 0 108 97 01 25 10 16 6 58 572
4 0 108 97 01 25 10 16 6 59 771
4 0 108 97 01 25 10 16 7 0 571
4 0 107 97 01 25 10 16 7 2 570
4 0 107 97 01 25 10 16 7 3 770
4 0 107 97 01 25 10 16 7 4 569
4 0 107 97 03 25 10 16 7 5 769
4 0 107 97 03 25 10 16 7 7 769
4 0 107 97 03 25 10 16 7 9 767
4 0 106 97 03 25 10 16 7 10 567
4 0 105 97 03 25 10 16 7 12 566
4 0 105 97 03 25 10 16 7 13 766
4 0 105 97 03 25 10 16 7 14 566
4 0 104 97 03 25 10 16 7 15 665
4 0 103 97 03 25 10 16 7 16 864
4 0 103 97 03 25 10 16 7 19 163
4 0 103 97 03 25 10 16 7 19 562
4 0 103 97 03 25 10 16 7 20 762
4 0 103 97 03 25 10 16 7 21 861
4 0 103 97 03 25 10 16 7 22 660
4 0 103 97 03 25 10 16 7 23 760
4 0 103 97 03 25 10 16 7 25 259
4 0 103 97 03 25 10 16 7 25 659
4 0 103 97 03 25 10 16 7 27 158
4 0 103 97 03 25 10 16 7 27 558
4 0 103 97 03 25 10 16 7 28 757
4 0 103 97 03 25 10 16 7 29 557
4 0 103 97 03 25 10 16 7 30 756
4 0 103 97 03 25 10 16 7 31 555
4 0 103 97 03 25 10 16 7 32 755
4 0 103 97 03 25 10 16 7 33 854
4 0 103 97 03 25 10 16 7 34 654
4 0 103 97 03 25 10 16 7 35 853
4 0 103 97 03 25 10 16 7 36 653
4 0 103 97 03 25 10 16 7 37 852
4 0 103 97 03 25 10 16 7 38 652
4 0 103 97 03 25 10 16 7 39 752
4 0 103 97 03 25 10 16 7 40 552
4 0 103 97 03 25 10 16 7 42 551
4 0 103 97 03 25 10 16 7 43 751
4 0 103 97 03 25 10 16 7 44 550
4 0 103 97 03 25 10 16 7 45 650
4 0 103 97 03 25 10 16 7 46 849
4 0 103 97 03 25 10 16 7 47 649
4 0 103 97 03 25 10 16 7 48 848
4 0 103 97 03 25 10 16 7 49 648
4 0 102 97 03 25 10 16 7 50 848
4 0 103 97 03 25 10 16 7 51 647
4 0 103 97 03 25 10 16 7 52 846
4 0 103 97 03 25 10 16 7 53 647
4 0 102 97 03 25 10 16 7 54 846
4 0 102 97 03 25 10 16 7 55 646
4 0 101 97 03 25 10 16 7 56 845
4 0 101 97 03 25 10 16 7 57 645
4 0 101 97 03 25 10 16 7 58 844
4 0 101 97 03 25 10 16 7 59 644
4 0 101 97 03 25 10 16 8 0 843
4 0 101 97 03 25 10 16 8 1 643
4 0 101 97 03 25 10 16 8 2 843
4 0 101 97 03 25 10 16 8 3 642
4 0 101 97 03 25 10 16 8 5 641
4 0 101 97 03 25 10 16 8 6 841
4 0 101 97 03 25 10 16 8 7 640
4 0 101 97 03 25 10 16 8 8 840
4 0 101 97 03 25 10 16 8 9 639
4 0 101 97 03 25 10 16 8 10 839
4 0 101 97 03 25 10 16 8 11 639
4 0 101 97 03 25 10 16 8 12 838
4 0 101 97 03 25 10 16 8 13 638
4 0 101 97 03 25 10 16 8 14 837
4 0 101 97 03 25 10 16 8 15 637
4 0 101 97 03 25 10 16 8 16 837
4 0 101 97 03 25 10 16 8 18 836
4 0 101 97 03 25 10 16 8 19 635
4 0 101 97 03 25 10 16 8 20 835
4 0 101 97 03 25 10 16 8 21 635
4 0 100 97 03 25 10 16 8 23 634
4 0 100 97 03 25 10 16 8 24 834
4 0 100 97 03 25 10 16 8 25 633
4 0 99 97 03 25 10 16 8 26 832
4 0 99 97 03 25 10 16 8 28 832
4 0 99 97 03 25 10 16 8 30 31
4 0 99 97 03 25 10 16 8 30 831
4 0 99 97 03 25 10 16 8 31 631
4 0 99 97 03 25 10 16 8 32 831
4 0 99 97 03 25 10 16 8 33 630
4 0 99 97 03 25 10 16 8 34 830
4 0 99 97 03 25 10 16 8 35 629
4 0 99 97 03 25 10 16 8 36 828
4 0 99 97 03 25 10 16 8 38 727
4 0 99 97 03 25 10 16 8 39 826
4 0 98 97 03 25 10 16 8 40 626
4 0 98 97 03 25 10 16 8 41 725
4 0 98 97 03 25 10 16 8 42 525
4 0 97 97 03 25 10 16 8 43 624
4 0 97 97 03 25 10 16 8 44 824
4 0 96 97 03 25 10 16 8 45 523
4 0 96 97 03 25 10 16 8 46 723
4 0 95 97 03 25 10 16 8 47 822
4 0 94 97 03 25 10 16 8 48 621
4 0 94 97 03 25 10 16 8 49 821
4 0 93 97 03 25 10 16 8 50 620
4 0 92 97 03 25 10 16 8 51 820
4 0 91 97 03 25 10 16 8 52 619
4 0 90 97 03 25 10 16 8 53 719
4 0 90 97 03 25 10 16 8 54 518
4 0 90 97 03 25 10 16 8 55 718
4 0 90 97 03 25 10 16 8 56 517
4 0 92 97 03 25 10 16 8 57 717
4 0 92 97 03 25 10 16 8 58 517
4 0 93 97 03 25 10 16 8 59 616
4 0 93 97 03 25 10 16 9 0 816
4 0 93 97 03 25 10 16 9 1 615
4 0 94 97 03 25 10 16 9 2 815
4 0 94 97 03 25 10 16 9 3 614
4 0 94 97 03 25 10 16 9 4 814
4 0 95 97 03 25 10 16 9 5 514
4 0 95 97 03 25 10 16 9 6 713
4 0 95 97 03 25 10 16 9 7 513
4 0 96 97 03 25 10 16 9 8 712
4 0 96 97 03 25 10 16 9 9 512
4 0 96 97 03 25 10 16 9 10 711
4 0 97 97 03 25 10 16 9 11 511
4 0 97 97 03 25 10 16 9 12 711
4 0 97 97 03 25 10 16 9 13 510
4 0 98 97 03 25 10 16 9 14 710
4 0 99 97 03 25 10 16 9 15 509
4 0 99 97 03 25 10 16 9 17 509
4 0 99 97 03 25 10 16 9 18 708
4 0 99 97 03 25 10 16 9 19 508
4 0 99 97 03 25 10 16 9 20 708
4 0 99 97 03 25 10 16 9 21 507
4 0 99 97 03 25 10 16 9 22 707
4 0 99 97 03 25 10 16 9 23 506
4 0 99 97 03 25 10 16 9 24 706
4 0 99 97 03 25 10 16 9 25 506
4 0 99 97 03 25 10 16 9 26 705
4 0 98 97 03 25 10 16 9 27 505
4 0 98 97 03 25 10 16 9 28 705
4 0 97 97 03 25 10 16 9 29 504
4 0 96 97 03 25 10 16 9 30 704
4 0 96 97 03 25 10 16 9 31 505
4 0 97 97 03 25 10 16 9 32 703
4 0 97 97 03 25 10 16 9 33 503
4 0 97 97 03 25 10 16 9 34 702
4 0 97 97 03 25 10 16 9 35 502
4 0 97 97 03 25 10 16 9 36 701
4 0 97 97 03 25 10 16 9 37 501
4 0 97 97 03 25 10 16 9 38 700
4 0 97 97 03 25 10 16 9 39 500
4 0 97 97 03 25 10 16 9 40 699
4 0 97 97 03 25 10 16 9 41 498
4 0 98 97 03 25 10 16 9 42 697
4 0 98 97 03 25 10 16 9 43 497
4 0 99 97 03 25 10 16 9 45 495
4 0 99 97 03 25 10 16 9 46 695
4 0 99 97 03 25 10 16 9 47 494
4 0 100 97 03 25 10 16 9 48 694
4 0 101 97 03 25 10 16 9 49 493
4 0 102 97 03 25 10 16 9 51 492
4 0 103 97 03 25 10 16 9 52 691
4 0 103 97 03 25 10 16 9 53 491
4 0 104 97 03 25 10 16 9 54 691
4 0 104 97 03 25 10 16 9 55 491
4 0 104 97 03 25 10 16 9 56 690
4 0 104 97 03 25 10 16 9 57 790
4 0 103 97 03 25 10 16 9 58 589
4 0 103 97 03 25 10 16 9 59 789
4 0 103 97 03 25 10 16 10 0 589
4 0 103 97 03 25 10 16 10 1 689
4 0 103 97 03 25 10 16 10 2 489
4 0 102 97 03 25 10 16 10 3 588
4 0 102 97 03 25 10 16 10 4 788
4 0 103 97 03 25 10 16 10 5 487
4 0 105 97 03 25 10 16 10 7 786
4 0 106 97 03 25 10 16 10 8 586
4 0 107 97 03 25 10 16 10 9 686
4 0 107 97 03 25 10 16 10 10 485
4 0 108 97 03 25 10 16 10 11 585
4 0 109 97 03 25 10 16 10 12 784
4 0 110 97 03 25 10 16 10 13 484
4 0 111 97 03 25 10 16 10 14 683
4 0 112 97 03 25 10 16 10 15 783
4 0 113 97 03 25 10 16 10 16 582
4 0 114 97 03 25 10 16 10 17 781
4 0 114 97 03 25 10 16 10 18 581
4 0 115 97 03 25 10 16 10 19 780
4 0 115 97 03 25 10 16 10 20 580
4 0 116 97 03 25 10 16 10 21 679
4 0 117 97 03 25 10 16 10 22 478
4 0 118 97 03 25 10 16 10 23 678
4 0 118 97 03 25 10 16 10 24 477
4 0 119 97 03 25 10 16 10 25 677
4 0 120 97 03 25 10 16 10 26 476
4 0 120 97 03 25 10 16 10 27 576
4 0 120 97 03 25 10 16 10 28 775
4 0 121 97 03 25 10 16 10 29 575
4 0 121 97 03 25 10 16 10 31 574
4 0 121 97 03 25 10 16 10 33 473
4 0 120 97 03 25 10 16 10 34 673
4 0 120 97 03 25 10 16 10 35 472
4 0 121 97 03 25 10 16 10 37 72
4 0 121 97 03 25 10 16 10 37 471
4 0 121 97 03 25 10 16 10 38 671
4 0 121 97 03 25 10 16 10 39 471
4 0 121 97 03 25 10 16 10 40 671
4 0 121 97 03 25 10 16 10 41 470
4 0 121 97 03 25 10 16 10 42 669
4 0 121 97 03 25 10 16 10 43 469
4 0 121 97 03 25 10 16 10 44 669
4 0 121 97 03 25 10 16 10 45 468
4 0 122 97 03 25 10 16 10 46 668
4 0 122 97 03 25 10 16 10 47 467
4 0 122 97 03 25 10 16 10 48 667
4 0 122 97 03 25 10 16 10 49 467
4 0 122 97 03 25 10 16 10 50 667
4 0 122 97 03 25 10 16 10 51 465
4 0 122 97 03 25 10 16 10 52 665
4 0 123 97 03 25 10 16 10 53 864
4 0 123 97 03 25 10 16 10 54 664
4 0 123 97 03 25 10 16 10 55 464
4 0 123 97 03 25 10 16 10 56 664
4 0 123 97 03 25 10 16 10 57 463
4 0 123 97 03 25 10 16 10 58 663
4 0 124 97 03 25 10 16 10 59 463
4 0 124 97 03 25 10 16 11 0 662
4 0 125 97 03 25 10 16 11 1 462
4 0 125 97 03 25 10 16 11 2 661
4 0 125 97 03 25 10 16 11 3 461
4 0 125 97 03 25 10 16 11 4 661
4 0 125 97 03 25 10 16 11 5 461
4 0 125 97 03 25 10 16 11 6 660
4 0 125 97 03 25 10 16 11 7 460
4 0 125 97 03 25 10 16 11 8 659
4 0 125 97 03 25 10 16 11 9 459
4 0 125 97 03 25 10 16 11 10 658
4 0 125 97 03 25 10 16 11 11 458
4 0 125 97 03 25 10 16 11 12 658
4 0 125 97 03 25 10 16 11 13 858
4 0 124 97 03 25 10 16 11 14 657
4 0 124 97 03 25 10 16 11 15 857
4 0 124 97 03 25 10 16 11 16 656
4 0 123 97 03 25 10 16 11 17 856
4 0 123 97 03 25 10 16 11 19 55
4 0 122 97 03 25 10 16 11 19 855
4 0 122 97 03 25 10 16 11 20 654
4 0 122 97 03 25 10 16 11 21 854
4 0 123 97 03 25 10 16 11 22 654
4 0 123 97 03 25 10 16 11 23 853
4 0 123 97 03 25 10 16 11 24 653
4 0 122 97 03 25 10 16 11 25 852
4 0 122 97 03 25 10 16 11 26 652
4 0 122 97 03 25 10 16 11 27 852
4 0 122 97 03 25 10 16 11 28 652
4 0 122 97 03 25 10 16 11 29 851
4 0 123 97 03 25 10 16 11 30 650
4 0 123 97 03 25 10 16 11 31 850
4 0 123 97 03 25 10 16 11 32 649
4 0 123 97 03 25 10 16 11 33 849
4 0 123 97 03 25 10 16 11 34 648
4 0 123 97 03 25 10 16 11 35 848
4 1 122 97 03 25 10 16 11 36 647
4 1 122 97 01 25 10 16 11 37 747
4 1 122 97 01 25 10 16 11 38 546
4 0 121 97 03 25 10 16 11 41 544
4 0 122 97 03 25 10 16 11 42 744
4 0 122 97 03 25 10 16 11 43 843
4 0 122 97 03 25 10 16 11 44 643
4 0 122 97 03 25 10 16 11 45 742
4 0 123 97 01 25 10 16 11 46 541
4 0 123 97 01 25 10 16 11 47 640
4 0 123 97 01 25 10 16 11 48 840
4 0 123 97 01 25 10 16 11 49 640
4 0 123 97 01 25 10 16 11 50 839
4 0 124 97 01 25 10 16 11 51 639
4 0 124 97 03 25 10 16 11 53 138
4 0 124 97 03 25 10 16 11 53 538
4 0 125 97 03 25 10 16 11 54 738
4 0 126 97 03 25 10 16 11 56 736
4 0 126 97 03 25 10 16 11 57 536
4 0 127 97 03 25 10 16 11 58 736
4 0 127 97 03 25 10 16 11 59 835
4 0 129 97 03 25 10 16 12 0 635
4 0 129 97 03 25 10 16 12 1 835
4 0 129 97 03 25 10 16 12 2 634
4 0 129 97 03 25 10 16 12 3 834
4 0 129 97 01 25 10 16 12 4 933
