465.0 1011.0 0.01 0.0 9:58:16
393.0 995.0 0.01 0.0 9:58:28
472.0 1021.0 0.01 0.0 9:58:52
419.0 994.0 0.01 0.0 9:59:16
417.0 976.0 0.01 0.0 10:0:0
382.0 1022.0 0.01 0.0 10:0:8
433.0 974.0 0.01 0.0 10:0:32
457.0 1021.0 0.01 0.0 10:0:56
429.0 1006.0 0.01 0.0 10:1:20
365.0 977.0 0.01 0.0 10:1:56
383.0 977.0 0.01 0.0 10:2:20
338.0 987.0 0.01 0.0 10:2:44
364.0 1005.0 0.01 0.0 10:3:8
352.0 984.0 0.01 0.0 10:3:32
275.0 1029.0 0.01 0.0 10:4:4
147.0 1018.0 0.01 0.0 10:4:26
73.0 876.0 0.01 0.0 10:4:42
18.0 839.0 0.01 0.0 10:5:6
1.0 754.0 0.01 0.0 10:5:30
22.0 705.0 0.01 0.0 10:6:10
0.0 685.0 0.01 0.0 10:6:22
0.0 678.0 0.01 0.0 10:6:58
2.0 636.0 0.01 0.0 10:7:22
3.0 628.0 0.01 0.0 10:7:46
8.0 640.0 0.01 0.0 10:8:10
9.0 684.0 0.01 0.0 10:8:30
8.0 656.0 0.01 0.0 10:8:54
5.0 662.0 0.01 0.0 10:9:18
2.0 661.0 0.01 0.0 10:9:42
2.0 649.0 0.01 0.0 10:10:6
6.0 705.0 0.01 0.0 10:10:40
4.0 642.0 0.01 0.0 10:10:52
2.0 662.0 0.01 0.0 10:11:16
4.0 679.0 0.01 0.0 10:11:52
31.0 644.0 0.01 0.0 10:12:20
20.0 639.0 0.01 0.0 10:12:44
14.0 664.0 0.01 0.0 10:13:6
47.0 648.0 0.01 0.0 10:13:30
134.0 715.0 0.01 0.0 10:13:54
165.0 639.0 0.01 0.0 10:14:18
204.0 643.0 0.01 0.0 10:14:50
202.0 674.0 0.01 0.0 10:15:10
173.0 662.0 0.01 0.0 10:15:36
165.0 665.0 0.01 0.0 10:15:54
157.0 599.0 0.01 0.0 10:16:20
152.0 685.0 0.01 0.0 10:16:52
142.0 665.0 0.01 0.0 10:17:24
128.0 628.0 0.01 0.0 10:17:40
119.0 692.0 0.01 0.0 10:18:4
126.0 634.0 0.01 0.0 10:18:38
112.0 729.0 0.01 0.0 10:18:54
111.0 667.0 0.01 0.0 10:19:18
110.0 705.0 0.01 0.0 10:19:42
82.0 721.0 0.01 0.0 10:20:6
55.0 680.0 0.01 0.0 10:20:46
44.0 648.0 0.01 0.0 10:20:54
35.0 818.0 0.01 0.0 10:21:18
14.0 667.0 0.01 0.0 10:21:54
5.0 647.0 0.01 0.0 10:22:18
0.0 664.0 0.01 0.0 10:22:58
0.0 722.0 0.01 0.0 10:23:10
0.0 715.0 0.01 0.0 10:23:34
2.0 750.0 0.01 0.0 10:23:58
7.0 711.0 0.01 0.0 10:24:22
4.0 647.0 0.01 0.0 10:24:56
42.0 721.0 0.01 0.0 10:25:8
218.0 711.0 0.01 0.0 10:25:32
395.0 719.0 0.01 0.0 10:25:54
492.0 716.0 0.01 0.0 10:26:26
437.0 687.0 0.01 0.0 10:27:18
476.0 646.0 0.01 0.0 10:27:44
495.0 664.0 0.01 0.0 10:28:8
405.0 667.0 0.01 0.0 10:28:32
481.0 673.0 0.01 0.0 10:28:56
530.0 664.0 0.01 0.0 10:29:16
491.0 637.0 0.01 0.0 10:29:40
510.0 665.0 0.01 0.0 10:30:4
153.0 680.0 0.01 0.0 10:30:58
86.0 684.0 0.01 0.0 10:31:18
55.0 622.0 0.01 0.0 10:31:56
39.0 585.0 0.01 0.0 10:32:20
33.0 670.0 0.01 0.0 10:32:48
11.0 754.0 0.01 0.0 10:33:12
4.0 592.0 0.01 0.0 10:33:32
3.0 704.0 0.01 0.0 10:33:56
14.0 694.0 0.01 0.0 10:34:30
3.0 655.0 0.01 0.0 10:34:42
0.0 730.0 0.01 0.0 10:35:6
0.0 677.0 0.01 0.0 10:35:32
1.0 686.0 0.01 0.0 10:35:56
17.0 678.0 0.01 0.0 10:36:22
16.0 671.0 0.01 0.0 10:36:54
34.0 712.0 0.01 0.0 10:37:18
25.0 629.0 0.01 0.0 10:37:42
159.0 679.0 0.01 0.0 10:38:32
168.0 688.0 0.01 0.0 10:38:56
207.0 669.0 0.01 0.0 10:39:20
224.0 689.0 0.01 0.0 10:39:44
178.0 697.0 0.01 0.0 10:40:34
169.0 698.0 0.01 0.0 10:40:38
508.0 673.0 0.01 0.0 10:40:58
393.0 699.0 0.01 0.0 10:41:26
453.0 697.0 0.01 0.0 10:42:18
522.0 654.0 0.01 0.0 10:42:28
406.0 652.0 0.01 0.0 10:42:48
283.0 654.0 0.01 0.0 10:43:8
227.0 639.0 0.01 0.0 10:43:32
184.0 685.0 0.01 0.0 10:43:56
124.0 644.0 0.01 0.0 10:44:28
85.0 557.0 0.01 0.0 10:44:40
28.0 662.0 0.01 0.0 10:45:4
20.0 718.0 0.01 0.0 10:45:28
45.0 717.0 0.01 0.0 10:45:52
78.0 684.0 0.01 0.0 10:46:24
43.0 638.0 0.01 0.0 10:46:54
7.0 679.0 0.01 0.0 10:47:18
13.0 636.0 0.01 0.0 10:47:42
8.0 656.0 0.01 0.0 10:48:20
1.0 659.0 0.01 0.0 10:48:32
3.0 650.0 0.01 0.0 10:48:56
5.0 680.0 0.01 0.0 10:49:20
22.0 576.0 0.01 0.0 10:49:42
32.0 726.0 0.01 0.0 10:50:10
10.0 730.0 0.01 0.0 10:50:34
0.0 683.0 0.01 0.0 10:50:58
0.0 714.0 0.01 0.0 10:51:34
0.0 686.0 0.01 0.0 10:51:58
0.0 699.0 0.01 0.0 10:52:22
0.0 644.0 0.01 0.0 10:52:46
28.0 681.0 0.01 0.0 10:53:4
64.0 685.0 0.01 0.0 10:53:40
140.0 698.0 0.01 0.0 10:53:56
254.0 674.0 0.01 0.0 10:54:44
227.0 644.0 0.01 0.0 10:55:8
124.0 669.0 0.01 0.0 10:56:2
97.0 748.0 0.01 0.0 10:56:16
108.0 656.0 0.01 0.0 10:56:54
65.0 618.0 0.01 0.0 10:57:42
67.0 604.0 0.01 0.0 10:58:6
52.0 666.0 0.01 0.0 10:58:30
43.0 675.0 0.01 0.0 10:58:54
33.0 719.0 0.01 0.0 10:59:32
37.0 703.0 0.01 0.0 10:59:44
24.0 678.0 0.01 0.0 11:0:8
21.0 711.0 0.01 0.0 11:0:32
21.0 613.0 0.01 0.0 11:1:4
36.0 772.0 0.01 0.0 11:1:20
31.0 700.0 0.01 0.0 11:1:58
11.0 697.0 0.01 0.0 11:2:22
6.0 670.0 0.01 0.0 11:2:54
23.0 669.0 0.01 0.0 11:3:18
111.0 715.0 0.01 0.0 11:3:30
74.0 747.0 0.01 0.0 11:3:54
71.0 690.0 0.01 0.0 11:4:18
130.0 668.0 0.01 0.0 11:4:58
149.0 648.0 0.01 0.0 11:5:10
80.0 603.0 0.01 0.0 11:5:38
49.0 668.0 0.01 0.0 11:5:58
45.0 650.0 0.01 0.0 11:6:22
34.0 679.0 0.01 0.0 11:6:58
18.0 630.0 0.01 0.0 11:7:18
19.0 711.0 0.01 0.0 11:7:42
27.0 596.0 0.01 0.0 11:8:6
24.0 608.0 0.01 0.0 11:8:34
21.0 683.0 0.01 0.0 11:9:6
13.0 662.0 0.01 0.0 11:9:18
1.0 621.0 0.01 0.0 11:9:42
1.0 690.0 0.01 0.0 11:10:6
27.0 652.0 0.01 0.0 11:10:34
178.0 667.0 0.01 0.0 11:11:0
337.0 670.0 0.01 0.0 11:11:16
639.0 659.0 0.01 0.0 11:11:52
639.0 626.0 0.01 0.0 11:12:18
505.0 626.0 0.01 0.0 11:12:58
459.0 654.0 0.01 0.0 11:13:6
487.0 636.0 0.01 0.0 11:13:32
261.0 676.0 0.01 0.0 11:13:56
182.0 631.0 0.01 0.0 11:14:20
222.0 608.0 0.01 0.0 11:14:44
521.0 636.0 0.01 0.0 11:15:20
678.0 628.0 0.01 0.0 11:15:32
497.0 641.0 0.01 0.0 11:16:4
292.0 637.0 0.01 0.0 11:16:20
172.0 619.0 0.01 0.0 11:17:0
106.0 614.0 0.01 0.0 11:17:20
86.0 523.0 0.01 0.0 11:17:44
59.0 694.0 0.01 0.0 11:18:8
29.0 678.0 0.01 0.0 11:18:32
10.0 669.0 0.01 0.0 11:19:6
1.0 689.0 0.01 0.0 11:19:18
0.0 690.0 0.01 0.0 11:19:42
0.0 676.0 0.01 0.0 11:20:8
0.0 680.0 0.01 0.0 11:21:0
18.0 659.0 0.01 0.0 11:21:4
27.0 715.0 0.01 0.0 11:21:16
28.0 633.0 0.01 0.0 11:21:52
9.0 670.0 0.01 0.0 11:22:16
9.0 614.0 0.01 0.0 11:22:44
32.0 716.0 0.01 0.0 11:23:8
25.0 678.0 0.01 0.0 11:23:32
17.0 652.0 0.01 0.0 11:24:0
38.0 711.0 0.01 0.0 11:24:32
44.0 672.0 0.01 0.0 11:24:44
31.0 705.0 0.01 0.0 11:25:8
48.0 770.0 0.01 0.0 11:25:32
62.0 679.0 0.01 0.0 11:25:56
53.0 688.0 0.01 0.0 11:26:32
19.0 657.0 0.01 0.0 11:26:56
6.0 678.0 0.01 0.0 11:27:20
5.0 699.0 0.01 0.0 11:27:44
6.0 650.0 0.01 0.0 11:28:58
10.0 660.0 0.01 0.0 11:29:22
34.0 708.0 0.01 0.0 11:29:46
56.0 688.0 0.01 0.0 11:30:10
145.0 789.0 0.01 0.0 11:30:42
446.0 748.0 0.01 0.0 11:31:24
462.0 718.0 0.01 0.0 11:31:52
356.0 665.0 0.01 0.0 11:32:16
476.0 694.0 0.01 0.0 11:32:44
598.0 687.0 0.01 0.0 11:33:8
771.0 658.0 0.01 0.0 11:33:32
773.0 664.0 0.01 0.0 11:33:56
822.0 653.0 0.01 0.0 11:34:20
889.0 644.0 0.01 0.0 11:34:46
967.0 670.0 0.01 0.0 11:35:18
834.0 721.0 0.01 0.0 11:35:30
482.0 697.0 0.01 0.0 11:35:54
351.0 707.0 0.01 0.0 11:36:18
343.0 855.0 0.01 0.0 11:37:4
426.0 821.0 0.01 0.0 11:37:22
