26.0 53.0 102055.0 9:58:16
26.0 53.0 102055.0 9:58:28
26.0 52.0 102055.0 9:58:52
26.0 52.0 102054.0 9:59:16
26.0 51.0 102053.0 10:0:8
26.0 51.0 102052.0 10:0:32
26.0 51.0 102052.0 10:0:56
26.0 51.0 102052.0 10:1:20
26.0 51.0 102051.0 10:1:56
26.0 50.0 102050.0 10:2:20
26.0 50.0 102050.0 10:2:44
27.0 49.0 102049.0 10:3:8
27.0 49.0 102048.0 10:3:32
27.0 49.0 102047.0 10:4:4
26.0 48.0 102046.0 10:4:26
26.0 47.0 102045.0 10:4:42
26.0 46.0 102047.0 10:5:6
26.0 45.0 102052.0 10:5:30
26.0 45.0 102057.0 10:6:10
25.0 45.0 102063.0 10:6:22
24.0 46.0 102068.0 10:6:58
23.0 46.0 102073.0 10:7:22
23.0 46.0 102078.0 10:7:46
23.0 47.0 102082.0 10:8:10
22.0 47.0 102087.0 10:8:30
22.0 48.0 102091.0 10:8:54
22.0 48.0 102095.0 10:9:18
21.0 49.0 102098.0 10:9:42
21.0 49.0 102102.0 10:10:6
20.0 50.0 102106.0 10:10:40
20.0 50.0 102109.0 10:10:52
20.0 51.0 102112.0 10:11:16
19.0 52.0 102115.0 10:11:52
20.0 52.0 102118.0 10:12:20
20.0 51.0 102121.0 10:12:44
20.0 51.0 102124.0 10:13:6
21.0 51.0 102127.0 10:13:30
21.0 51.0 102129.0 10:13:54
22.0 50.0 102135.0 10:15:10
22.0 50.0 102137.0 10:15:36
22.0 50.0 102138.0 10:15:54
22.0 50.0 102141.0 10:16:52
22.0 49.0 102142.0 10:17:24
22.0 49.0 102143.0 10:17:40
22.0 49.0 102144.0 10:18:4
22.0 49.0 102145.0 10:18:38
22.0 49.0 102146.0 10:18:54
22.0 49.0 102146.0 10:19:18
23.0 49.0 102147.0 10:19:42
23.0 49.0 102147.0 10:20:6
22.0 49.0 102148.0 10:20:54
22.0 49.0 102148.0 10:21:18
21.0 50.0 102148.0 10:21:54
21.0 50.0 102148.0 10:22:18
21.0 51.0 102148.0 10:22:58
21.0 51.0 102148.0 10:23:10
20.0 51.0 102148.0 10:23:34
20.0 51.0 102148.0 10:23:58
20.0 52.0 102148.0 10:24:22
20.0 52.0 102148.0 10:24:56
20.0 52.0 102147.0 10:25:8
20.0 52.0 102146.0 10:25:32
20.0 52.0 102146.0 10:25:54
21.0 52.0 102145.0 10:26:26
21.0 52.0 102145.0 10:26:58
21.0 52.0 102145.0 10:27:18
22.0 51.0 102144.0 10:27:44
22.0 51.0 102144.0 10:28:8
22.0 51.0 102144.0 10:28:32
22.0 51.0 102144.0 10:28:56
22.0 51.0 102144.0 10:29:16
22.0 51.0 102144.0 10:29:40
23.0 51.0 102144.0 10:30:4
22.0 50.0 102144.0 10:30:58
22.0 50.0 102145.0 10:31:18
21.0 51.0 102145.0 10:31:56
21.0 50.0 102146.0 10:32:20
21.0 51.0 102146.0 10:32:48
21.0 51.0 102147.0 10:33:12
21.0 51.0 102147.0 10:33:32
21.0 51.0 102147.0 10:33:56
21.0 51.0 102147.0 10:34:30
21.0 51.0 102147.0 10:34:42
20.0 51.0 102147.0 10:35:6
20.0 52.0 102147.0 10:35:32
20.0 52.0 102147.0 10:35:56
20.0 52.0 102147.0 10:36:22
20.0 52.0 102147.0 10:36:54
20.0 52.0 102147.0 10:37:18
20.0 52.0 102146.0 10:37:42
21.0 52.0 102146.0 10:38:32
21.0 51.0 102146.0 10:38:56
21.0 51.0 102145.0 10:39:20
21.0 51.0 102145.0 10:39:44
21.0 50.0 102144.0 10:40:38
21.0 50.0 102144.0 10:40:58
22.0 50.0 102143.0 10:41:26
22.0 50.0 102142.0 10:42:28
22.0 50.0 102142.0 10:42:48
22.0 49.0 102141.0 10:43:8
22.0 49.0 102141.0 10:43:32
22.0 49.0 102140.0 10:43:56
22.0 49.0 102140.0 10:44:28
22.0 49.0 102140.0 10:44:40
21.0 50.0 102139.0 10:45:4
21.0 50.0 102138.0 10:45:28
21.0 50.0 102138.0 10:45:52
21.0 50.0 102138.0 10:46:24
20.0 51.0 102137.0 10:46:54
20.0 51.0 102136.0 10:47:18
20.0 51.0 102136.0 10:47:42
20.0 51.0 102135.0 10:48:20
20.0 51.0 102134.0 10:48:32
20.0 51.0 102133.0 10:48:56
20.0 52.0 102132.0 10:49:20
20.0 52.0 102132.0 10:49:42
20.0 52.0 102131.0 10:50:10
19.0 52.0 102130.0 10:50:34
19.0 53.0 102130.0 10:50:58
19.0 53.0 102129.0 10:51:34
19.0 53.0 102128.0 10:51:58
19.0 53.0 102128.0 10:52:22
19.0 53.0 102127.0 10:52:46
20.0 52.0 102127.0 10:53:4
20.0 52.0 102126.0 10:53:40
20.0 51.0 102125.0 10:53:56
21.0 51.0 102125.0 10:54:20
21.0 51.0 102125.0 10:54:44
21.0 50.0 102124.0 10:55:8
21.0 51.0 102124.0 10:55:46
21.0 50.0 102123.0 10:56:2
21.0 50.0 102123.0 10:56:16
21.0 50.0 102122.0 10:56:54
21.0 51.0 102121.0 10:57:34
21.0 50.0 102121.0 10:57:42
20.0 51.0 102121.0 10:58:6
20.0 51.0 102120.0 10:58:30
20.0 52.0 102120.0 10:58:54
20.0 52.0 102120.0 10:59:32
19.0 52.0 102120.0 10:59:44
19.0 53.0 102119.0 11:0:8
19.0 53.0 102119.0 11:0:32
19.0 54.0 102119.0 11:1:4
19.0 54.0 102119.0 11:1:20
18.0 55.0 102119.0 11:1:58
18.0 55.0 102119.0 11:2:22
19.0 55.0 102119.0 11:2:54
19.0 54.0 102119.0 11:3:18
19.0 54.0 102120.0 11:3:30
19.0 54.0 102120.0 11:3:54
20.0 53.0 102120.0 11:4:18
21.0 52.0 102121.0 11:4:58
21.0 51.0 102121.0 11:5:10
21.0 51.0 102121.0 11:5:38
21.0 51.0 102122.0 11:5:58
21.0 51.0 102122.0 11:6:58
21.0 51.0 102123.0 11:7:18
21.0 50.0 102123.0 11:7:42
22.0 50.0 102124.0 11:8:6
22.0 50.0 102124.0 11:8:34
22.0 49.0 102124.0 11:9:6
21.0 50.0 102124.0 11:9:18
21.0 50.0 102125.0 11:9:42
21.0 49.0 102125.0 11:10:6
21.0 49.0 102127.0 11:10:34
21.0 49.0 102128.0 11:11:0
21.0 50.0 102129.0 11:11:16
22.0 50.0 102130.0 11:11:52
22.0 49.0 102131.0 11:12:18
23.0 49.0 102133.0 11:13:6
23.0 49.0 102134.0 11:13:32
22.0 49.0 102135.0 11:13:56
21.0 49.0 102136.0 11:14:20
21.0 49.0 102137.0 11:14:44
22.0 49.0 102137.0 11:15:20
22.0 49.0 102138.0 11:15:32
22.0 49.0 102138.0 11:16:4
22.0 49.0 102138.0 11:16:20
21.0 50.0 102137.0 11:17:0
21.0 50.0 102136.0 11:17:20
21.0 50.0 102136.0 11:17:44
21.0 50.0 102135.0 11:18:8
20.0 50.0 102135.0 11:18:32
20.0 51.0 102135.0 11:19:6
20.0 51.0 102135.0 11:19:18
20.0 51.0 102135.0 11:19:42
20.0 51.0 102135.0 11:20:8
19.0 52.0 102134.0 11:21:4
19.0 52.0 102134.0 11:21:16
19.0 53.0 102134.0 11:21:52
19.0 53.0 102133.0 11:22:16
19.0 53.0 102133.0 11:22:44
19.0 53.0 102133.0 11:23:8
19.0 54.0 102132.0 11:23:32
19.0 54.0 102132.0 11:24:0
19.0 53.0 102131.0 11:24:32
20.0 53.0 102131.0 11:24:44
20.0 53.0 102131.0 11:25:8
20.0 53.0 102131.0 11:25:32
20.0 53.0 102131.0 11:25:56
20.0 53.0 102130.0 11:26:32
19.0 54.0 102130.0 11:26:56
19.0 54.0 102130.0 11:27:20
19.0 53.0 102130.0 11:27:44
20.0 53.0 102131.0 11:28:12
20.0 52.0 102130.0 11:28:58
20.0 52.0 102131.0 11:29:22
21.0 52.0 102131.0 11:29:46
21.0 51.0 102131.0 11:30:10
21.0 51.0 102131.0 11:30:42
22.0 51.0 102131.0 11:31:14
22.0 51.0 102131.0 11:31:24
22.0 50.0 102131.0 11:31:52
22.0 50.0 102131.0 11:32:16
22.0 50.0 102131.0 11:32:44
23.0 50.0 102132.0 11:33:8
23.0 50.0 102132.0 11:33:32
23.0 50.0 102132.0 11:33:56
23.0 50.0 102132.0 11:34:20
23.0 49.0 102133.0 11:34:46
23.0 49.0 102133.0 11:35:18
23.0 49.0 102133.0 11:35:30
23.0 49.0 102132.0 11:35:54
23.0 49.0 102131.0 11:36:18
23.0 49.0 102128.0 11:37:4
23.0 50.0 102121.0 11:37:22
