8.0 10.0 11.0 9:58:16
15.0 16.0 17.0 9:58:28
15.0 16.0 16.0 9:58:52
11.0 12.0 12.0 9:59:16
10.0 11.0 11.0 10:0:0
10.0 11.0 11.0 10:0:8
10.0 11.0 12.0 10:0:32
10.0 11.0 11.0 10:0:56
10.0 11.0 11.0 10:1:20
8.0 8.0 8.0 10:1:56
11.0 12.0 12.0 10:2:20
15.0 16.0 16.0 10:2:44
11.0 12.0 12.0 10:3:8
13.0 14.0 14.0 10:3:32
13.0 14.0 14.0 10:4:4
7.0 8.0 8.0 10:4:26
9.0 10.0 10.0 10:4:42
10.0 10.0 10.0 10:5:6
15.0 16.0 16.0 10:5:30
15.0 16.0 16.0 10:6:10
15.0 16.0 16.0 10:6:22
16.0 18.0 21.0 10:6:58
22.0 23.0 23.0 10:7:22
16.0 17.0 17.0 10:7:46
15.0 16.0 16.0 10:8:10
15.0 16.0 16.0 10:8:30
15.0 16.0 16.0 10:8:54
15.0 16.0 16.0 10:9:18
11.0 12.0 12.0 10:9:42
11.0 13.0 13.0 10:10:6
13.0 14.0 14.0 10:10:40
13.0 14.0 14.0 10:10:52
13.0 14.0 14.0 10:11:16
15.0 16.0 16.0 10:11:52
15.0 15.0 15.0 10:12:20
18.0 19.0 19.0 10:12:44
8.0 8.0 9.0 10:13:6
13.0 14.0 14.0 10:13:30
13.0 14.0 14.0 10:13:54
7.0 8.0 8.0 10:14:18
12.0 13.0 13.0 10:15:10
13.0 14.0 14.0 10:15:36
13.0 14.0 14.0 10:15:54
13.0 14.0 14.0 10:16:20
3.0 3.0 3.0 10:16:52
11.0 12.0 12.0 10:17:24
10.0 11.0 11.0 10:17:40
13.0 14.0 14.0 10:18:4
16.0 17.0 17.0 10:18:38
16.0 17.0 17.0 10:18:54
13.0 14.0 15.0 10:19:18
18.0 19.0 19.0 10:19:42
18.0 19.0 19.0 10:20:6
24.0 25.0 25.0 10:20:54
24.0 25.0 25.0 10:21:18
14.0 15.0 15.0 10:21:54
14.0 15.0 15.0 10:22:18
13.0 14.0 14.0 10:22:58
9.0 10.0 10.0 10:23:10
19.0 20.0 20.0 10:23:34
19.0 20.0 20.0 10:23:58
26.0 28.0 28.0 10:24:22
17.0 19.0 21.0 10:24:56
17.0 19.0 21.0 10:25:8
8.0 9.0 9.0 10:25:32
9.0 9.0 9.0 10:25:54
9.0 9.0 9.0 10:26:26
9.0 10.0 10.0 10:26:58
9.0 9.0 9.0 10:27:18
12.0 13.0 13.0 10:27:44
13.0 14.0 15.0 10:28:8
9.0 10.0 10.0 10:28:32
9.0 10.0 10.0 10:28:56
7.0 7.0 7.0 10:29:16
12.0 13.0 13.0 10:29:40
12.0 13.0 13.0 10:30:4
18.0 19.0 19.0 10:30:58
18.0 19.0 19.0 10:31:18
21.0 23.0 24.0 10:31:56
18.0 19.0 19.0 10:32:20
17.0 18.0 18.0 10:32:48
17.0 18.0 18.0 10:33:12
24.0 25.0 25.0 10:33:32
24.0 25.0 25.0 10:33:56
23.0 24.0 24.0 10:34:30
22.0 23.0 23.0 10:34:42
22.0 23.0 23.0 10:35:6
19.0 20.0 21.0 10:35:32
19.0 20.0 20.0 10:35:56
19.0 20.0 20.0 10:36:22
17.0 18.0 18.0 10:36:54
18.0 19.0 20.0 10:37:18
17.0 18.0 18.0 10:37:42
7.0 7.0 7.0 10:38:32
7.0 7.0 7.0 10:38:56
3.0 3.0 3.0 10:39:20
8.0 9.0 9.0 10:39:44
5.0 6.0 6.0 10:40:38
6.0 6.0 6.0 10:40:58
6.0 6.0 6.0 10:41:26
13.0 14.0 14.0 10:42:28
11.0 12.0 12.0 10:42:48
9.0 10.0 10.0 10:43:8
22.0 23.0 23.0 10:43:32
21.0 23.0 23.0 10:43:56
21.0 22.0 22.0 10:44:28
23.0 25.0 25.0 10:44:40
23.0 24.0 24.0 10:45:4
13.0 14.0 14.0 10:45:28
13.0 14.0 14.0 10:45:52
13.0 14.0 14.0 10:46:24
16.0 17.0 17.0 10:46:54
14.0 15.0 15.0 10:47:18
16.0 17.0 17.0 10:47:42
16.0 17.0 17.0 10:48:20
12.0 13.0 13.0 10:48:32
12.0 13.0 13.0 10:48:56
13.0 13.0 13.0 10:49:20
12.0 13.0 13.0 10:49:42
12.0 13.0 13.0 10:50:10
10.0 11.0 11.0 10:50:34
11.0 11.0 11.0 10:50:58
11.0 11.0 11.0 10:51:34
13.0 14.0 14.0 10:51:58
13.0 14.0 14.0 10:52:22
11.0 12.0 12.0 10:52:46
17.0 19.0 21.0 10:53:4
10.0 11.0 11.0 10:53:40
10.0 11.0 11.0 10:53:56
11.0 11.0 11.0 10:54:20
14.0 15.0 15.0 10:54:44
11.0 11.0 11.0 10:55:46
11.0 12.0 12.0 10:56:2
11.0 12.0 12.0 10:56:16
9.0 11.0 12.0 10:56:54
14.0 15.0 16.0 10:57:34
17.0 18.0 18.0 10:57:42
18.0 20.0 20.0 10:58:6
20.0 21.0 21.0 10:58:30
20.0 21.0 21.0 10:58:54
19.0 21.0 21.0 10:59:44
19.0 20.0 20.0 11:0:8
20.0 21.0 21.0 11:0:32
20.0 21.0 21.0 11:1:4
20.0 21.0 21.0 11:1:20
15.0 16.0 16.0 11:1:58
16.0 17.0 17.0 11:2:22
17.0 18.0 18.0 11:2:54
16.0 18.0 20.0 11:3:18
7.0 7.0 7.0 11:3:30
7.0 7.0 7.0 11:3:54
13.0 15.0 16.0 11:4:18
9.0 10.0 10.0 11:4:58
9.0 10.0 10.0 11:5:10
12.0 12.0 12.0 11:5:38
12.0 12.0 12.0 11:5:58
12.0 12.0 12.0 11:6:22
14.0 17.0 18.0 11:6:58
16.0 17.0 17.0 11:7:18
12.0 13.0 13.0 11:7:42
7.0 8.0 8.0 11:8:6
16.0 17.0 17.0 11:8:34
16.0 17.0 17.0 11:9:6
14.0 15.0 15.0 11:9:18
9.0 10.0 10.0 11:9:42
9.0 10.0 10.0 11:10:6
18.0 19.0 19.0 11:10:34
18.0 19.0 19.0 11:11:0
18.0 19.0 19.0 11:11:16
8.0 10.0 10.0 11:11:52
14.0 15.0 15.0 11:12:18
16.0 17.0 17.0 11:13:6
16.0 17.0 17.0 11:13:32
16.0 17.0 17.0 11:13:56
10.0 11.0 11.0 11:14:20
10.0 10.0 10.0 11:14:44
10.0 11.0 11.0 11:15:20
12.0 12.0 12.0 11:15:32
12.0 12.0 12.0 11:16:4
12.0 12.0 12.0 11:16:20
15.0 16.0 16.0 11:17:0
16.0 17.0 17.0 11:17:20
14.0 15.0 15.0 11:17:44
16.0 18.0 20.0 11:18:8
15.0 17.0 18.0 11:18:32
15.0 17.0 18.0 11:19:6
23.0 25.0 25.0 11:19:18
16.0 16.0 16.0 11:19:42
16.0 16.0 16.0 11:20:8
13.0 14.0 14.0 11:21:4
13.0 14.0 14.0 11:21:16
16.0 17.0 17.0 11:21:52
16.0 17.0 17.0 11:22:16
15.0 16.0 16.0 11:22:44
18.0 21.0 23.0 11:23:8
13.0 13.0 13.0 11:23:32
13.0 14.0 14.0 11:24:0
17.0 18.0 18.0 11:24:32
13.0 14.0 15.0 11:24:44
13.0 14.0 15.0 11:25:8
17.0 19.0 19.0 11:25:32
17.0 18.0 18.0 11:25:56
17.0 18.0 18.0 11:26:32
16.0 17.0 17.0 11:26:56
13.0 14.0 14.0 11:27:20
16.0 17.0 17.0 11:27:44
4.0 4.0 4.0 11:28:12
13.0 13.0 13.0 11:28:58
12.0 13.0 13.0 11:29:22
12.0 13.0 13.0 11:29:46
12.0 13.0 13.0 11:30:10
23.0 25.0 25.0 11:30:42
23.0 25.0 25.0 11:31:14
23.0 25.0 25.0 11:31:24
12.0 14.0 15.0 11:31:52
27.0 28.0 28.0 11:32:16
25.0 27.0 27.0 11:32:44
20.0 21.0 21.0 11:33:8
21.0 23.0 25.0 11:33:32
21.0 22.0 22.0 11:33:56
17.0 18.0 18.0 11:34:20
21.0 22.0 22.0 11:34:46
21.0 22.0 22.0 11:35:18
17.0 17.0 17.0 11:35:30
17.0 18.0 18.0 11:35:54
17.0 18.0 18.0 11:36:18
0.0 9.0 19.0 11:37:4
