15.0 16.0 16.0 15:8:19
16.0 17.0 17.0 15:8:35
11.0 12.0 12.0 15:8:59
15.0 16.0 16.0 15:9:51
14.0 15.0 15.0 15:10:15
17.0 19.0 19.0 15:10:39
17.0 19.0 19.0 15:11:7
13.0 14.0 14.0 15:11:29
13.0 14.0 14.0 15:11:49
13.0 14.0 14.0 15:12:13
19.0 20.0 21.0 15:12:53
20.0 22.0 23.0 15:13:17
19.0 20.0 20.0 15:13:43
14.0 14.0 14.0 15:14:31
14.0 14.0 14.0 15:14:55
35.0 37.0 37.0 15:15:11
30.0 32.0 32.0 15:15:35
30.0 32.0 32.0 15:15:59
20.0 21.0 21.0 15:16:49
20.0 21.0 21.0 15:17:15
21.0 22.0 22.0 15:17:51
29.0 30.0 30.0 15:18:11
28.0 30.0 30.0 15:18:37
28.0 29.0 29.0 15:19:1
29.0 32.0 33.0 15:19:25
37.0 41.0 42.0 15:20:27
32.0 34.0 34.0 15:20:39
32.0 34.0 34.0 15:21:3
25.0 27.0 27.0 15:21:25
26.0 27.0 27.0 15:22:19
28.0 29.0 29.0 15:22:47
32.0 35.0 36.0 15:23:13
29.0 31.0 32.0 15:23:37
31.0 33.0 33.0 15:24:9
32.0 34.0 34.0 15:24:29
32.0 34.0 34.0 15:24:53
55.0 76.0 98.0 15:25:17
39.0 48.0 56.0 15:26:1
33.0 35.0 35.0 15:26:25
33.0 35.0 36.0 15:26:49
33.0 35.0 36.0 15:27:13
25.0 27.0 27.0 15:27:57
30.0 32.0 33.0 15:28:17
42.0 44.0 44.0 15:28:41
32.0 34.0 34.0 15:29:5
34.0 36.0 36.0 15:30:19
37.0 39.0 40.0 15:30:41
37.0 39.0 40.0 15:31:13
35.0 37.0 37.0 15:31:29
35.0 37.0 37.0 15:31:59
35.0 37.0 37.0 15:32:17
27.0 28.0 28.0 15:33:15
30.0 32.0 32.0 15:33:39
36.0 38.0 38.0 15:34:3
24.0 26.0 26.0 15:34:25
24.0 26.0 27.0 15:34:53
26.0 28.0 29.0 15:35:17
30.0 31.0 31.0 15:35:40
30.0 31.0 31.0 15:36:8
31.0 33.0 33.0 15:36:26
31.0 33.0 33.0 15:36:50
31.0 33.0 33.0 15:37:18
26.0 28.0 29.0 15:38:2
30.0 32.0 32.0 15:38:14
34.0 36.0 36.0 15:38:38
35.0 39.0 42.0 15:39:2
33.0 35.0 35.0 15:39:28
33.0 35.0 35.0 15:39:58
29.0 31.0 31.0 15:40:14
27.0 29.0 29.0 15:40:38
27.0 29.0 29.0 15:41:6
32.0 34.0 34.0 15:41:52
32.0 34.0 34.0 15:42:16
37.0 39.0 40.0 15:42:52
33.0 35.0 35.0 15:43:16
25.0 27.0 27.0 15:44:4
30.0 33.0 34.0 15:44:32
30.0 33.0 33.0 15:44:48
28.0 31.0 32.0 15:45:14
28.0 30.0 30.0 15:45:58
27.0 30.0 32.0 15:46:22
27.0 30.0 32.0 15:46:48
27.0 30.0 32.0 15:47:14
26.0 28.0 28.0 15:48:0
29.0 31.0 31.0 15:48:12
29.0 31.0 32.0 15:48:36
30.0 32.0 32.0 15:49:0
28.0 30.0 31.0 15:49:46
26.0 29.0 31.0 15:50:12
24.0 26.0 26.0 15:50:38
24.0 26.0 27.0 15:51:2
27.0 32.0 36.0 15:51:32
28.0 32.0 35.0 15:51:50
28.0 32.0 35.0 15:52:14
30.0 32.0 32.0 15:53:14
31.0 33.0 33.0 15:53:38
24.0 27.0 28.0 15:54:2
25.0 26.0 26.0 15:54:26
25.0 26.0 26.0 15:54:50
29.0 31.0 31.0 15:55:16
25.0 27.0 27.0 15:55:40
25.0 27.0 27.0 15:55:58
26.0 28.0 28.0 15:56:24
26.0 28.0 28.0 15:57:14
23.0 25.0 26.0 15:57:50
33.0 35.0 36.0 15:58:52
27.0 30.0 31.0 15:59:0
29.0 31.0 31.0 15:59:24
29.0 31.0 31.0 15:59:52
30.0 31.0 31.0 16:0:46
30.0 31.0 31.0 16:1:6
27.0 30.0 30.0 16:1:22
28.0 29.0 30.0 16:1:52
28.0 29.0 30.0 16:2:20
30.0 32.0 33.0 16:2:52
28.0 30.0 31.0 16:3:16
32.0 34.0 34.0 16:3:42
31.0 35.0 39.0 16:4:6
33.0 34.0 34.0 16:4:32
33.0 34.0 34.0 16:4:52
41.0 44.0 44.0 16:5:10
31.0 33.0 33.0 16:5:34
31.0 33.0 33.0 16:5:58
31.0 33.0 33.0 16:6:30
31.0 33.0 33.0 16:6:50
31.0 33.0 33.0 16:7:14
25.0 26.0 26.0 16:7:50
29.0 31.0 31.0 16:8:22
30.0 32.0 32.0 16:8:34
25.0 26.0 26.0 16:9:2
23.0 25.0 25.0 16:9:22
23.0 25.0 25.0 16:9:46
26.0 28.0 29.0 16:11:24
26.0 28.0 29.0 16:11:52
33.0 36.0 37.0 16:12:54
28.0 31.0 32.0 16:13:12
32.0 33.0 33.0 16:13:38
29.0 31.0 31.0 16:14:0
32.0 34.0 34.0 16:14:52
23.0 24.0 24.0 16:15:16
27.0 29.0 29.0 16:15:36
38.0 41.0 43.0 16:16:24
37.0 41.0 42.0 16:16:48
37.0 41.0 42.0 16:17:12
28.0 30.0 30.0 16:17:58
22.0 24.0 24.0 16:18:14
27.0 29.0 29.0 16:18:40
36.0 39.0 39.0 16:19:6
32.0 33.0 33.0 16:19:30
32.0 33.0 33.0 16:19:52
25.0 28.0 28.0 16:20:16
25.0 27.0 27.0 16:20:40
30.0 32.0 33.0 16:21:32
30.0 32.0 33.0 16:21:50
30.0 32.0 33.0 16:22:14
39.0 43.0 46.0 16:22:50
27.0 28.0 28.0 16:23:22
29.0 30.0 30.0 16:23:38
34.0 36.0 36.0 16:24:2
33.0 36.0 37.0 16:24:26
31.0 35.0 37.0 16:25:16
28.0 30.0 30.0 16:25:36
28.0 30.0 30.0 16:26:0
24.0 26.0 26.0 16:26:24
24.0 27.0 28.0 16:27:14
26.0 27.0 27.0 16:27:54
25.0 27.0 29.0 16:28:14
26.0 28.0 28.0 16:28:38
30.0 32.0 32.0 16:29:32
35.0 39.0 40.0 16:30:12
25.0 27.0 28.0 16:30:36
25.0 27.0 28.0 16:31:0
22.0 23.0 23.0 16:31:46
22.0 23.0 23.0 16:32:10
27.0 29.0 29.0 16:32:46
33.0 35.0 35.0 16:33:10
27.0 29.0 29.0 16:33:46
20.0 21.0 21.0 16:34:2
25.0 28.0 29.0 16:34:24
25.0 28.0 29.0 16:34:48
27.0 28.0 28.0 16:35:12
20.0 22.0 23.0 16:36:10
33.0 37.0 38.0 16:36:30
33.0 36.0 37.0 16:36:46
33.0 36.0 37.0 16:37:14
24.0 25.0 25.0 16:37:48
26.0 28.0 28.0 16:38:18
23.0 27.0 29.0 16:38:40
32.0 34.0 35.0 16:39:0
26.0 28.0 28.0 16:39:28
26.0 28.0 28.0 16:39:48
30.0 33.0 34.0 16:40:42
30.0 33.0 34.0 16:41:2
23.0 25.0 25.0 16:41:32
23.0 25.0 25.0 16:41:52
23.0 25.0 25.0 16:42:20
23.0 26.0 29.0 16:42:48
24.0 26.0 26.0 16:43:12
30.0 32.0 32.0 16:43:36
25.0 26.0 26.0 16:44:2
29.0 31.0 31.0 16:44:32
29.0 31.0 31.0 16:44:48
35.0 38.0 39.0 16:45:12
27.0 29.0 29.0 16:45:36
27.0 29.0 29.0 16:46:0
33.0 35.0 35.0 16:46:26
33.0 35.0 35.0 16:46:58
