482.0 936.0 0.01 0.0 15:8:19
484.0 957.0 0.01 0.0 15:8:35
577.0 939.0 0.01 0.0 15:8:59
541.0 862.0 0.01 0.0 15:9:39
549.0 865.0 0.01 0.0 15:9:51
559.0 839.0 0.01 0.0 15:10:15
547.0 811.0 0.01 0.0 15:10:39
558.0 804.0 0.01 0.0 15:11:7
565.0 804.0 0.01 0.0 15:11:29
529.0 791.0 0.01 0.0 15:11:49
515.0 780.0 0.01 0.0 15:12:13
516.0 788.0 0.01 0.0 15:12:53
516.0 774.0 0.01 0.0 15:13:17
432.0 813.0 0.01 0.0 15:13:43
218.0 789.0 0.01 0.0 15:14:31
189.0 820.0 0.01 0.0 15:14:55
109.0 777.0 0.01 0.0 15:15:11
7.0 682.0 0.01 0.0 15:15:35
0.0 722.0 0.01 0.0 15:15:59
0.0 625.0 0.01 0.0 15:16:31
0.0 642.0 0.01 0.0 15:16:49
2.0 628.0 0.01 0.0 15:17:15
0.0 582.0 0.01 0.0 15:17:51
4.0 586.0 0.01 0.0 15:18:11
11.0 612.0 0.01 0.0 15:18:37
85.0 592.0 0.01 0.0 15:19:1
191.0 625.0 0.01 0.0 15:19:25
150.0 678.0 0.01 0.0 15:20:39
193.0 664.0 0.01 0.0 15:21:3
244.0 686.0 0.01 0.0 15:21:25
235.0 667.0 0.01 0.0 15:22:3
207.0 648.0 0.01 0.0 15:22:19
175.0 634.0 0.01 0.0 15:22:47
156.0 630.0 0.01 0.0 15:23:13
184.0 586.0 0.01 0.0 15:23:37
200.0 582.0 0.01 0.0 15:24:9
252.0 623.0 0.01 0.0 15:24:29
663.0 587.0 0.01 0.0 15:24:53
331.0 611.0 0.01 0.0 15:25:17
313.0 646.0 0.01 0.0 15:25:57
308.0 643.0 0.01 0.0 15:26:1
407.0 674.0 0.01 0.0 15:26:25
355.0 638.0 0.01 0.0 15:26:49
264.0 658.0 0.01 0.0 15:27:13
237.0 722.0 0.01 0.0 15:27:57
253.0 675.0 0.01 0.0 15:28:17
235.0 668.0 0.01 0.0 15:28:41
190.0 639.0 0.01 0.0 15:29:5
216.0 605.0 0.01 0.0 15:29:25
155.0 658.0 0.01 0.0 15:30:19
171.0 627.0 0.01 0.0 15:30:41
159.0 627.0 0.01 0.0 15:31:13
152.0 569.0 0.01 0.0 15:31:29
137.0 645.0 0.01 0.0 15:31:59
89.0 696.0 0.01 0.0 15:32:17
62.0 638.0 0.01 0.0 15:33:1
23.0 591.0 0.01 0.0 15:33:15
29.0 602.0 0.01 0.0 15:33:39
12.0 651.0 0.01 0.0 15:34:3
3.0 606.0 0.01 0.0 15:34:25
8.0 614.0 0.01 0.0 15:34:53
32.0 633.0 0.01 0.0 15:35:17
82.0 623.0 0.01 0.0 15:35:40
211.0 732.0 0.01 0.0 15:36:26
317.0 793.0 0.01 0.0 15:36:50
399.0 736.0 0.01 0.0 15:37:18
420.0 733.0 0.01 0.0 15:38:2
447.0 733.0 0.01 0.0 15:38:14
583.0 697.0 0.01 0.0 15:38:38
556.0 657.0 0.01 0.0 15:39:2
437.0 635.0 0.01 0.0 15:39:28
288.0 645.0 0.01 0.0 15:39:58
264.0 587.0 0.01 0.0 15:40:14
457.0 614.0 0.01 0.0 15:40:38
303.0 545.0 0.01 0.0 15:41:6
166.0 587.0 0.01 0.0 15:41:52
137.0 589.0 0.01 0.0 15:42:16
124.0 616.0 0.01 0.0 15:42:52
154.0 616.0 0.01 0.0 15:43:16
94.0 602.0 0.01 0.0 15:44:4
75.0 600.0 0.01 0.0 15:44:32
42.0 608.0 0.01 0.0 15:44:48
13.0 611.0 0.01 0.0 15:45:14
186.0 672.0 0.01 0.0 15:45:58
179.0 680.0 0.01 0.0 15:46:22
151.0 669.0 0.01 0.0 15:46:48
108.0 673.0 0.01 0.0 15:47:14
83.0 674.0 0.01 0.0 15:48:12
113.0 882.0 0.01 0.0 15:48:36
190.0 820.0 0.01 0.0 15:49:0
339.0 778.0 0.01 0.0 15:49:38
455.0 713.0 0.01 0.0 15:49:46
442.0 657.0 0.01 0.0 15:50:12
374.0 641.0 0.01 0.0 15:50:38
293.0 662.0 0.01 0.0 15:51:2
316.0 732.0 0.01 0.0 15:51:32
345.0 710.0 0.01 0.0 15:51:50
250.0 683.0 0.01 0.0 15:52:14
269.0 716.0 0.01 0.0 15:53:2
231.0 652.0 0.01 0.0 15:53:14
195.0 688.0 0.01 0.0 15:53:38
219.0 703.0 0.01 0.0 15:54:2
211.0 778.0 0.01 0.0 15:54:26
207.0 728.0 0.01 0.0 15:55:16
170.0 672.0 0.01 0.0 15:55:40
150.0 563.0 0.01 0.0 15:55:58
90.0 636.0 0.01 0.0 15:56:24
91.0 619.0 0.01 0.0 15:56:54
80.0 627.0 0.01 0.0 15:57:14
74.0 623.0 0.01 0.0 15:57:50
188.0 641.0 0.01 0.0 15:59:0
109.0 641.0 0.01 0.0 15:59:24
46.0 644.0 0.01 0.0 15:59:52
43.0 637.0 0.01 0.0 16:0:36
75.0 684.0 0.01 0.0 16:0:46
65.0 672.0 0.01 0.0 16:1:6
78.0 638.0 0.01 0.0 16:1:22
0.0 566.0 0.01 0.0 16:2:20
22.0 811.0 0.01 0.0 16:2:52
121.0 735.0 0.01 0.0 16:3:16
163.0 704.0 0.01 0.0 16:3:42
272.0 655.0 0.01 0.0 16:4:32
464.0 675.0 0.01 0.0 16:4:52
675.0 649.0 0.01 0.0 16:5:10
706.0 660.0 0.01 0.0 16:5:34
825.0 706.0 0.01 0.0 16:5:58
643.0 666.0 0.01 0.0 16:6:30
653.0 652.0 0.01 0.0 16:6:50
830.0 658.0 0.01 0.0 16:7:14
497.0 678.0 0.01 0.0 16:7:50
558.0 666.0 0.01 0.0 16:8:22
271.0 648.0 0.01 0.0 16:8:34
174.0 633.0 0.01 0.0 16:9:2
77.0 561.0 0.01 0.0 16:9:22
37.0 596.0 0.01 0.0 16:9:46
12.0 589.0 0.01 0.0 16:10:36
8.0 630.0 0.01 0.0 16:11:12
0.0 676.0 0.01 0.0 16:11:24
3.0 634.0 0.01 0.0 16:11:52
3.0 636.0 0.01 0.0 16:12:18
3.0 614.0 0.01 0.0 16:12:54
0.0 633.0 0.01 0.0 16:13:12
0.0 592.0 0.01 0.0 16:13:38
0.0 618.0 0.01 0.0 16:14:0
5.0 687.0 0.01 0.0 16:14:26
63.0 825.0 0.01 0.0 16:14:52
101.0 850.0 0.01 0.0 16:15:16
127.0 678.0 0.01 0.0 16:15:36
75.0 693.0 0.01 0.0 16:16:20
15.0 655.0 0.01 0.0 16:16:24
3.0 638.0 0.01 0.0 16:16:48
41.0 648.0 0.01 0.0 16:17:12
54.0 635.0 0.01 0.0 16:17:58
1.0 619.0 0.01 0.0 16:18:14
0.0 610.0 0.01 0.0 16:18:40
0.0 579.0 0.01 0.0 16:19:6
0.0 617.0 0.01 0.0 16:19:30
0.0 628.0 0.01 0.0 16:19:52
0.0 603.0 0.01 0.0 16:20:16
18.0 633.0 0.01 0.0 16:20:40
14.0 680.0 0.01 0.0 16:21:4
2.0 624.0 0.01 0.0 16:21:32
38.0 631.0 0.01 0.0 16:21:50
94.0 627.0 0.01 0.0 16:22:14
289.0 637.0 0.01 0.0 16:22:50
419.0 637.0 0.01 0.0 16:23:22
431.0 612.0 0.01 0.0 16:23:38
399.0 646.0 0.01 0.0 16:24:2
440.0 623.0 0.01 0.0 16:24:26
576.0 688.0 0.01 0.0 16:25:12
644.0 633.0 0.01 0.0 16:25:16
767.0 632.0 0.01 0.0 16:25:36
1028.0 636.0 0.01 0.0 16:26:0
1174.0 664.0 0.01 0.0 16:26:24
1037.0 671.0 0.01 0.0 16:27:8
500.0 674.0 0.01 0.0 16:27:14
322.0 662.0 0.01 0.0 16:27:54
205.0 626.0 0.01 0.0 16:28:14
176.0 610.0 0.01 0.0 16:28:38
172.0 594.0 0.01 0.0 16:29:32
195.0 612.0 0.01 0.0 16:29:56
218.0 595.0 0.01 0.0 16:30:12
141.0 583.0 0.01 0.0 16:30:36
39.0 642.0 0.01 0.0 16:31:0
80.0 603.0 0.01 0.0 16:31:42
224.0 722.0 0.01 0.0 16:31:46
264.0 691.0 0.01 0.0 16:32:10
177.0 638.0 0.01 0.0 16:32:46
96.0 697.0 0.01 0.0 16:33:10
29.0 595.0 0.01 0.0 16:33:46
1.0 625.0 0.01 0.0 16:34:2
0.0 597.0 0.01 0.0 16:34:24
0.0 611.0 0.01 0.0 16:34:48
1.0 612.0 0.01 0.0 16:35:12
0.0 612.0 0.01 0.0 16:35:38
21.0 611.0 0.01 0.0 16:36:30
33.0 595.0 0.01 0.0 16:36:46
68.0 657.0 0.01 0.0 16:37:14
115.0 650.0 0.01 0.0 16:37:48
149.0 691.0 0.01 0.0 16:38:18
132.0 630.0 0.01 0.0 16:38:40
152.0 615.0 0.01 0.0 16:39:0
144.0 645.0 0.01 0.0 16:39:28
138.0 638.0 0.01 0.0 16:39:48
193.0 738.0 0.01 0.0 16:40:34
194.0 653.0 0.01 0.0 16:40:42
187.0 664.0 0.01 0.0 16:41:2
115.0 587.0 0.01 0.0 16:41:32
29.0 589.0 0.01 0.0 16:41:52
22.0 635.0 0.01 0.0 16:42:20
293.0 666.0 0.01 0.0 16:42:48
658.0 733.0 0.01 0.0 16:43:12
986.0 744.0 0.01 0.0 16:43:36
901.0 759.0 0.01 0.0 16:44:2
922.0 817.0 0.01 0.0 16:44:32
1137.0 821.0 0.01 0.0 16:44:48
1231.0 792.0 0.01 0.0 16:45:12
1315.0 770.0 0.01 0.0 16:45:36
1135.0 750.0 0.01 0.0 16:46:0
1178.0 739.0 0.01 0.0 16:46:26
