28.0 54.0 101332.0 15:8:19
28.0 53.0 101331.0 15:8:35
29.0 53.0 101332.0 15:8:59
29.0 52.0 101331.0 15:9:39
29.0 51.0 101332.0 15:9:51
29.0 51.0 101332.0 15:10:15
29.0 50.0 101331.0 15:10:39
30.0 50.0 101331.0 15:11:7
30.0 50.0 101331.0 15:11:29
30.0 49.0 101331.0 15:11:49
30.0 49.0 101330.0 15:12:13
30.0 48.0 101330.0 15:12:53
30.0 48.0 101329.0 15:13:17
30.0 47.0 101329.0 15:13:43
30.0 45.0 101327.0 15:14:31
30.0 45.0 101334.0 15:15:11
30.0 44.0 101340.0 15:15:35
29.0 45.0 101346.0 15:15:59
28.0 45.0 101351.0 15:16:31
28.0 46.0 101356.0 15:16:49
28.0 46.0 101361.0 15:17:15
27.0 46.0 101365.0 15:17:51
27.0 47.0 101370.0 15:18:11
27.0 47.0 101374.0 15:18:37
27.0 47.0 101378.0 15:19:1
27.0 47.0 101381.0 15:19:25
28.0 47.0 101385.0 15:20:15
27.0 47.0 101387.0 15:20:27
28.0 46.0 101390.0 15:20:39
28.0 46.0 101393.0 15:21:3
28.0 46.0 101395.0 15:21:25
28.0 46.0 101397.0 15:22:3
28.0 46.0 101399.0 15:22:19
28.0 46.0 101401.0 15:22:47
28.0 46.0 101403.0 15:23:13
28.0 46.0 101404.0 15:23:37
28.0 45.0 101406.0 15:24:9
28.0 46.0 101407.0 15:24:29
28.0 46.0 101408.0 15:24:53
28.0 46.0 101409.0 15:25:17
28.0 45.0 101411.0 15:26:1
28.0 45.0 101411.0 15:26:25
28.0 45.0 101412.0 15:26:49
28.0 45.0 101412.0 15:27:13
28.0 45.0 101413.0 15:27:57
28.0 45.0 101413.0 15:28:17
29.0 44.0 101414.0 15:28:41
29.0 44.0 101414.0 15:29:5
29.0 44.0 101415.0 15:29:25
29.0 44.0 101415.0 15:30:1
29.0 44.0 101415.0 15:30:19
29.0 44.0 101415.0 15:30:41
29.0 44.0 101416.0 15:31:13
28.0 44.0 101415.0 15:31:29
28.0 45.0 101415.0 15:32:17
28.0 45.0 101415.0 15:33:1
28.0 45.0 101415.0 15:33:15
28.0 45.0 101415.0 15:33:39
28.0 45.0 101414.0 15:34:3
28.0 45.0 101414.0 15:34:25
28.0 45.0 101413.0 15:34:53
28.0 45.0 101412.0 15:35:17
28.0 45.0 101411.0 15:35:40
29.0 45.0 101410.0 15:36:8
29.0 45.0 101409.0 15:36:26
29.0 45.0 101408.0 15:36:50
29.0 45.0 101407.0 15:37:18
29.0 45.0 101406.0 15:38:2
29.0 45.0 101405.0 15:38:14
29.0 44.0 101404.0 15:38:38
30.0 44.0 101404.0 15:39:2
30.0 43.0 101403.0 15:39:28
30.0 43.0 101403.0 15:39:58
29.0 43.0 101402.0 15:40:14
30.0 43.0 101402.0 15:40:38
30.0 42.0 101401.0 15:41:6
30.0 42.0 101401.0 15:41:52
29.0 42.0 101401.0 15:42:16
29.0 43.0 101401.0 15:42:52
29.0 43.0 101401.0 15:43:16
29.0 43.0 101401.0 15:44:4
29.0 43.0 101400.0 15:44:32
29.0 43.0 101400.0 15:44:48
29.0 43.0 101399.0 15:45:14
29.0 43.0 101398.0 15:45:58
29.0 43.0 101397.0 15:46:22
29.0 43.0 101397.0 15:46:48
29.0 43.0 101396.0 15:47:14
29.0 43.0 101395.0 15:48:0
29.0 43.0 101394.0 15:48:12
29.0 43.0 101393.0 15:48:36
29.0 43.0 101393.0 15:49:0
30.0 42.0 101392.0 15:49:46
30.0 42.0 101391.0 15:50:12
30.0 42.0 101391.0 15:50:38
30.0 42.0 101390.0 15:51:2
30.0 42.0 101390.0 15:51:32
30.0 42.0 101389.0 15:51:50
30.0 42.0 101389.0 15:52:14
30.0 41.0 101389.0 15:53:14
30.0 41.0 101388.0 15:53:38
31.0 41.0 101388.0 15:54:2
31.0 41.0 101388.0 15:54:26
31.0 41.0 101387.0 15:54:50
31.0 41.0 101386.0 15:55:16
31.0 40.0 101386.0 15:55:40
31.0 40.0 101386.0 15:55:58
30.0 40.0 101385.0 15:56:24
30.0 41.0 101385.0 15:56:54
30.0 41.0 101385.0 15:57:14
30.0 41.0 101385.0 15:57:50
30.0 41.0 101384.0 15:58:26
30.0 41.0 101383.0 15:58:52
30.0 41.0 101382.0 15:59:0
30.0 40.0 101382.0 15:59:24
30.0 40.0 101381.0 15:59:52
30.0 41.0 101378.0 16:1:6
29.0 41.0 101378.0 16:1:22
29.0 42.0 101377.0 16:1:52
29.0 42.0 101376.0 16:2:20
29.0 42.0 101375.0 16:2:52
30.0 42.0 101374.0 16:3:16
31.0 41.0 101374.0 16:3:42
31.0 41.0 101373.0 16:4:6
32.0 40.0 101373.0 16:4:32
33.0 40.0 101372.0 16:4:52
33.0 40.0 101372.0 16:5:10
34.0 39.0 101371.0 16:5:34
34.0 39.0 101371.0 16:5:58
34.0 38.0 101371.0 16:6:30
35.0 37.0 101371.0 16:6:50
35.0 36.0 101370.0 16:7:14
35.0 35.0 101370.0 16:7:50
35.0 36.0 101370.0 16:8:22
34.0 35.0 101370.0 16:8:34
34.0 35.0 101369.0 16:9:2
33.0 36.0 101369.0 16:9:22
32.0 36.0 101369.0 16:9:46
32.0 37.0 101368.0 16:10:20
31.0 37.0 101368.0 16:10:36
31.0 38.0 101368.0 16:11:12
31.0 38.0 101367.0 16:11:24
31.0 38.0 101367.0 16:11:52
30.0 39.0 101367.0 16:12:18
30.0 40.0 101367.0 16:12:54
30.0 39.0 101367.0 16:13:12
30.0 39.0 101368.0 16:13:38
30.0 39.0 101368.0 16:14:0
30.0 40.0 101369.0 16:14:26
30.0 40.0 101369.0 16:14:52
30.0 40.0 101370.0 16:15:16
30.0 40.0 101370.0 16:15:36
30.0 40.0 101371.0 16:16:24
30.0 40.0 101372.0 16:16:48
30.0 40.0 101372.0 16:17:12
29.0 41.0 101373.0 16:17:58
29.0 41.0 101373.0 16:18:14
29.0 41.0 101374.0 16:18:40
29.0 41.0 101374.0 16:19:6
29.0 41.0 101375.0 16:19:30
29.0 41.0 101375.0 16:19:52
29.0 41.0 101375.0 16:20:16
29.0 41.0 101375.0 16:20:40
29.0 41.0 101375.0 16:21:4
30.0 41.0 101377.0 16:21:32
30.0 41.0 101378.0 16:21:50
30.0 41.0 101378.0 16:22:14
30.0 41.0 101379.0 16:22:50
30.0 41.0 101380.0 16:23:22
30.0 41.0 101381.0 16:23:38
31.0 40.0 101382.0 16:24:2
31.0 40.0 101382.0 16:24:26
31.0 40.0 101383.0 16:25:16
31.0 40.0 101383.0 16:25:36
31.0 40.0 101384.0 16:26:0
31.0 40.0 101384.0 16:26:24
31.0 40.0 101385.0 16:27:14
31.0 40.0 101384.0 16:27:54
30.0 40.0 101384.0 16:28:14
30.0 39.0 101384.0 16:28:38
30.0 40.0 101383.0 16:29:32
30.0 40.0 101383.0 16:29:56
30.0 40.0 101383.0 16:30:12
29.0 41.0 101383.0 16:30:36
28.0 42.0 101383.0 16:31:0
29.0 42.0 101383.0 16:31:46
29.0 42.0 101384.0 16:32:10
29.0 42.0 101384.0 16:32:46
29.0 42.0 101384.0 16:33:10
29.0 42.0 101384.0 16:33:46
29.0 42.0 101384.0 16:34:2
29.0 42.0 101383.0 16:34:24
29.0 42.0 101383.0 16:34:48
28.0 42.0 101382.0 16:35:12
28.0 42.0 101382.0 16:35:38
28.0 42.0 101382.0 16:36:10
28.0 43.0 101382.0 16:36:30
28.0 43.0 101382.0 16:36:46
28.0 43.0 101381.0 16:37:14
28.0 43.0 101381.0 16:37:48
29.0 43.0 101381.0 16:38:18
29.0 42.0 101381.0 16:38:40
29.0 42.0 101381.0 16:39:0
29.0 42.0 101382.0 16:39:28
29.0 42.0 101382.0 16:39:48
29.0 42.0 101383.0 16:40:42
29.0 42.0 101383.0 16:41:2
29.0 42.0 101384.0 16:41:32
28.0 43.0 101384.0 16:41:52
28.0 43.0 101385.0 16:42:20
28.0 43.0 101386.0 16:42:48
29.0 43.0 101386.0 16:43:12
29.0 44.0 101387.0 16:43:36
29.0 43.0 101388.0 16:44:2
29.0 43.0 101389.0 16:44:32
30.0 43.0 101389.0 16:44:48
30.0 43.0 101390.0 16:45:12
30.0 43.0 101391.0 16:45:36
30.0 42.0 101391.0 16:46:0
30.0 42.0 101392.0 16:46:26
30.0 42.0 101393.0 16:46:58
