0.00 24.58 58.87 99557.58 718.70 1716.82 0.00 0.01 8.27 8.27 8.27
1.00 25.50 57.62 99558.10 944.62 1739.55 0.00 0.01 11.67 11.27 11.67
2.00 25.57 57.32 99558.57 970.87 1749.31 0.00 0.01 13.37 12.67 13.37
3.00 26.05 57.03 99558.65 945.96 1780.15 0.00 0.01 10.25 9.27 10.25
4.00 26.55 57.03 99559.55 988.50 1770.15 0.00 0.01 12.58 11.13 12.58
5.00 26.55 56.08 99559.55 779.40 1734.14 0.00 0.01 15.33 14.10 15.33
6.00 26.55 51.12 99560.22 318.80 1409.95 0.00 0.01 16.93 16.50 16.93
7.00 25.65 48.65 99569.75 62.37 908.22 0.00 0.01 33.67 32.22 33.67
8.00 23.92 48.58 99585.22 3.57 683.95 0.00 0.01 36.91 36.48 36.91
9.00 22.90 49.87 99596.70 5.85 802.87 0.00 0.01 32.95 32.60 32.95
10.00 21.63 51.13 99606.37 4.42 634.79 0.00 0.01 36.75 36.63 36.75
11.00 21.48 51.26 98892.40 10.44 665.42 0.00 0.01 38.31 38.31 38.31
12.00 20.73 52.62 99626.42 7.78 647.60 0.00 0.01 34.83 34.83 34.83
13.00 20.65 53.10 99633.88 12.98 672.40 0.00 0.01 39.70 39.70 39.70
14.00 20.65 53.10 99641.55 37.92 637.40 0.00 0.01 41.30 41.30 41.30
15.00 20.56 53.85 99227.38 29.47 684.70 0.00 0.01 38.71 37.33 38.71
16.00 21.22 53.18 99654.63 99.97 675.87 0.00 0.01 49.60 49.60 49.60
17.00 21.63 53.10 99659.92 136.70 665.02 0.00 0.01 45.55 45.55 45.55
18.00 21.63 53.10 99665.18 118.80 671.45 0.00 0.01 43.92 43.12 43.92
19.00 21.63 53.10 99668.15 118.05 658.88 0.00 0.01 43.90 43.90 43.90
20.00 21.63 52.70 99671.48 166.81 645.64 0.00 0.01 44.50 43.90 44.50
21.00 21.12 52.75 99674.05 75.12 689.81 0.00 0.01 37.97 37.97 37.97
22.00 19.98 54.75 99675.92 6.50 637.72 0.00 0.01 41.37 40.37 41.37
23.00 19.58 55.54 99255.33 2.08 654.82 0.00 0.01 42.90 41.83 42.90
24.00 19.67 57.73 99679.23 3.65 660.18 0.00 0.01 41.00 41.00 41.00
25.00 19.41 57.12 98387.71 5.67 631.43 0.00 0.01 39.85 39.85 39.85
26.00 19.67 57.87 99680.93 10.67 710.00 0.00 0.01 41.92 39.82 41.92
27.00 19.67 58.02 99681.30 5.27 702.68 0.00 0.01 42.18 40.58 42.18
28.00 20.03 57.25 99680.50 88.97 684.65 0.00 0.01 38.85 38.12 38.85
29.00 20.65 57.03 99680.50 204.95 668.25 0.00 0.01 37.27 35.30 37.27
30.00 20.68 56.50 99680.50 234.15 645.58 0.00 0.01 43.70 43.20 43.70
31.00 21.63 55.23 99680.50 210.57 638.42 0.00 0.01 42.42 42.42 42.42
32.00 21.63 55.07 99680.50 316.80 679.12 0.00 0.01 42.28 41.35 42.28
33.00 21.63 55.07 99680.50 168.80 615.62 0.00 0.01 39.83 39.83 39.83
34.00 20.73 55.07 99681.77 76.43 723.82 0.00 0.01 31.47 31.47 31.47
35.00 20.65 55.95 99683.43 48.45 619.52 0.00 0.01 44.88 44.48 44.88
36.00 20.65 56.05 99684.43 26.36 678.45 0.00 0.01 47.83 47.83 47.83
37.00 20.65 56.05 99685.35 14.27 697.45 0.00 0.01 48.55 46.71 48.55
38.00 20.65 56.05 99684.72 0.98 749.50 0.00 0.01 47.88 47.20 47.88
39.00 20.27 56.05 99684.43 10.45 695.71 0.00 0.01 47.20 47.20 47.20
40.00 19.67 56.45 99683.60 27.35 660.10 0.00 0.01 45.67 45.67 45.67
41.00 20.20 56.41 99562.61 63.42 672.75 0.00 0.01 42.05 40.95 42.05
42.00 21.38 55.32 99682.13 150.22 665.88 0.00 0.01 49.38 48.18 49.38
43.00 21.63 55.07 99681.48 221.72 646.25 0.00 0.01 51.13 50.48 51.13
44.00 21.63 55.07 99681.48 354.65 675.15 0.00 0.01 51.13 48.18 51.13
45.00 21.95 54.75 99682.20 287.00 651.88 0.00 0.01 52.62 50.87 52.62
46.00 22.28 52.53 98204.12 176.20 632.02 0.00 0.01 52.02 51.67 52.02
47.00 21.82 52.41 98390.97 144.05 653.05 0.00 0.01 55.07 53.87 55.07
48.00 20.70 54.75 99683.92 95.06 644.55 0.00 0.01 42.57 41.67 42.57
49.00 19.03 56.86 98634.16 6.88 623.95 0.00 0.01 44.87 43.37 44.87
50.00 18.56 57.91 99016.47 20.28 673.88 0.00 0.01 45.23 43.15 45.23
51.00 19.00 58.20 99683.58 10.22 700.38 0.00 0.01 47.72 47.72 47.72
52.00 19.43 59.00 99683.45 43.38 727.98 0.00 0.01 44.25 44.25 44.25
53.00 18.68 59.00 99683.45 14.77 703.45 0.00 0.01 47.30 46.50 47.30
54.00 19.48 57.80 99683.45 76.30 666.78 0.00 0.01 42.40 41.60 42.40
55.00 20.65 56.72 99683.77 175.40 669.25 0.00 0.01 46.72 45.92 46.72
56.00 20.65 56.05 99685.43 236.98 649.18 0.00 0.01 48.72 46.62 48.72
57.00 21.13 55.72 99686.88 287.00 657.20 0.00 0.01 45.35 43.85 45.35
58.00 21.63 55.52 99688.05 350.20 687.60 0.00 0.01 43.02 43.02 43.02
59.00 21.38 54.63 99690.03 164.47 620.53 0.00 0.01 51.53 50.78 51.53
60.00 20.62 55.10 99691.67 85.03 648.33 0.00 0.01 49.67 49.15 49.67
61.00 19.60 56.20 99356.66 53.58 706.18 0.00 0.01 51.02 49.95 51.02
62.00 18.80 57.90 99696.45 15.92 733.78 0.00 0.01 43.42 43.08 43.42
63.00 18.40 59.30 99698.23 0.00 706.00 0.00 0.01 44.13 42.62 44.13
64.00 18.30 60.37 99701.00 12.13 670.47 0.00 0.01 41.53 39.95 41.53
65.00 18.68 60.60 99703.00 12.37 669.22 0.00 0.01 40.70 39.97 40.70
66.00 17.72 61.53 99706.37 22.60 734.85 0.00 0.01 46.50 44.57 46.50
67.00 17.70 61.95 99709.00 8.83 616.30 0.00 0.01 42.60 40.63 42.60
68.00 17.70 63.15 99711.20 7.17 691.87 0.00 0.01 38.37 36.93 38.37
69.00 17.21 63.77 99491.02 4.58 652.17 0.00 0.01 43.07 41.87 43.07
70.00 17.14 60.95 96580.95 15.32 735.57 0.00 0.01 42.86 42.86 42.86
71.00 17.70 62.93 99721.08 38.17 687.18 0.00 0.01 52.47 50.97 52.47
72.00 17.97 62.67 99723.72 43.32 696.78 0.00 0.01 46.23 43.87 46.23
73.00 18.08 62.55 99726.10 90.85 676.52 0.00 0.01 44.75 42.28 44.75
74.00 19.12 61.08 99729.87 339.58 700.58 0.00 0.01 49.12 48.12 49.12
75.00 19.75 59.90 99734.02 415.97 687.40 0.00 0.01 48.47 47.85 48.47
76.00 20.65 58.97 99739.02 316.80 671.33 0.00 0.01 52.93 50.45 52.93
77.00 20.65 58.02 99743.50 281.12 693.40 0.00 0.01 40.02 39.28 40.02
78.00 20.45 58.02 99746.33 344.68 721.50 0.00 0.01 40.18 39.98 40.18
79.00 19.67 58.02 99748.70 206.80 676.70 0.00 0.01 47.52 46.88 47.52
80.00 19.67 58.02 99749.33 114.27 678.90 0.00 0.01 41.28 41.28 41.28
81.00 18.98 58.70 99749.33 101.38 705.23 0.00 0.01 41.72 41.32 41.72
82.00 18.67 59.83 99691.03 52.45 714.00 0.00 0.01 41.16 41.16 41.16
83.00 18.33 60.94 99562.24 54.68 675.95 0.00 0.01 46.87 46.59 46.87
84.00 17.69 61.91 99692.67 65.85 699.58 0.00 0.01 54.05 53.07 54.05
85.00 17.67 61.83 99563.44 44.05 641.20 0.00 0.01 42.83 42.83 42.83
86.00 17.70 62.12 99751.30 11.82 643.37 0.00 0.01 47.08 46.42 47.08
87.00 17.70 63.35 99751.30 11.85 669.53 0.00 0.01 45.80 45.22 45.80
88.00 17.17 64.45 99751.83 17.82 642.90 0.00 0.01 51.13 50.15 51.13
89.00 17.30 64.32 99752.87 121.87 682.35 0.00 0.01 46.40 46.40 46.40
90.00 17.70 63.92 99753.90 137.95 651.89 0.00 0.01 46.07 46.07 46.07
91.00 17.70 63.92 99755.90 45.93 723.65 0.00 0.01 48.07 47.27 48.07
92.00 17.43 64.18 99758.20 22.70 700.35 0.00 0.01 46.67 46.67 46.67
93.00 16.72 64.90 99760.60 10.68 632.48 0.00 0.01 45.23 45.23 45.23
94.00 17.25 65.30 99763.53 12.68 678.88 0.00 0.01 46.57 46.57 46.57
95.00 18.02 63.27 99767.27 89.27 666.82 0.00 0.01 45.97 45.97 45.97
96.00 18.68 61.93 99771.00 207.90 682.65 0.00 0.01 46.87 46.47 46.87
97.00 19.30 60.97 99774.45 251.98 665.48 0.00 0.01 51.57 51.00 51.57
98.00 19.67 60.10 99778.08 394.72 699.05 0.00 0.01 55.07 53.10 55.07
99.00 19.67 59.98 99780.50 444.02 683.38 0.00 0.01 54.73 53.20 54.73
100.00 19.67 59.95 99783.27 235.05 698.55 0.00 0.01 38.07 37.97 38.07
101.00 0.11 0.34 575.67 1.68 4.29 0.00 0.00 0.17 0.15 0.17
