0.0 113.2
1.0 104.2
2.0 94.9
3.0 94.9
4.0 85.3
5.0 86.0
6.0 93.5
7.0 102.5
8.0 102.5
9.0 99.5
10.0 103.6
11.0 102.2
12.0 99.8
13.0 100.6
14.0 94.4
15.0 91.4
16.0 89.2
17.0 90.5
18.0 92.7
19.0 92.3
20.0 91.8
21.0 99.2
22.0 99.7
23.0 94.7
24.0 88.4
25.0 95.0
26.0 95.8
27.0 91.8
28.0 86.0
29.0 83.7
30.0 85.6
31.0 91.7
32.0 89.7
33.0 103.5
34.0 100.6
35.0 103.9
36.0 100.7
37.0 98.6
38.0 101.2
39.0 104.1
40.0 99.4
41.0 92.9
42.0 95.6
43.0 99.6
44.0 94.6
45.0 98.6
46.0 99.7
47.0 94.9
48.0 103.1
49.0 101.6
50.0 98.0
51.0 99.7
52.0 102.1
53.0 103.3
54.0 95.9
55.0 99.1
56.0 101.9
57.0 96.2
58.0 87.4
59.0 88.3
60.0 87.2
61.0 89.9
62.0 105.0
63.0 100.9
64.0 99.0
65.0 102.1
66.0 104.0
67.0 105.8
68.0 109.4
69.0 104.0
70.0 101.3
71.0 101.9
72.0 99.0
73.0 98.6
74.0 92.5
75.0 90.2
76.0 85.0
77.0 86.5
78.0 87.6
79.0 87.9
80.0 92.0
81.0 106.8
82.0 104.9
83.0 101.4
84.0 100.1
85.0 99.8
86.0 100.2
87.0 95.6
88.0 98.5
89.0 97.0
90.0 96.7
91.0 107.3
92.0 111.0
93.0 110.2
94.0 98.0
95.0 100.5
96.0 99.6
97.0 98.7
98.0 99.4
99.0 98.3
100.0 98.6
101.0 98.9
102.0 101.4
103.0 100.3
104.0 0.0
