38.75
35.29
35.29
36.40
14.46
30.00
9.68
10.00
30.00
30.00
26.09
7.27
10.00
10.17
10.17
9.52
9.31
18.18
8.28
18.75
35.29
35.29
33.33
35.29
35.29
35.29
18.75
10.17
10.44
10.17
10.17
33.33
16.67
10.34
10.91
18.18
18.18
10.53
10.00
7.23
6.35
8.70
10.17
9.52
10.53
18.18
10.17
10.17
9.84
10.08
5.71
8.28
7.23
9.30
17.14
18.18
7.55
9.52
10.91
10.17
10.17
18.18
9.09
8.45
10.91
10.00
7.59
8.45
8.45
17.65
11.11
17.65
10.00
10.34
10.17
37.50
11.11
10.91
10.17
10.17
17.14
10.17
10.00
19.35
17.65
35.29
10.91
10.17
18.75
33.33
10.00
18.18
33.33
18.75
11.11
18.75
7.79
11.11
9.68
10.53
10.17
9.09
10.00
10.71
8.45
