0.00 718.70 1716.82 0.00 0.01 8.27 8.27 8.27
1.00 944.62 1739.55 0.00 0.01 11.67 11.27 11.67
2.00 970.87 1749.31 0.00 0.01 13.37 12.67 13.37
3.00 945.96 1780.15 0.00 0.01 10.25 9.27 10.25
4.00 988.50 1770.15 0.00 0.01 12.58 11.13 12.58
5.00 779.40 1734.14 0.00 0.01 15.33 14.10 15.33
6.00 318.80 1409.95 0.00 0.01 16.93 16.50 16.93
7.00 62.37 908.22 0.00 0.01 33.67 32.22 33.67
8.00 3.57 683.95 0.00 0.01 36.91 36.48 36.91
9.00 5.85 802.87 0.00 0.01 32.95 32.60 32.95
10.00 4.42 634.79 0.00 0.01 36.75 36.63 36.75
11.00 10.44 665.42 0.00 0.01 38.31 38.31 38.31
12.00 7.78 647.60 0.00 0.01 34.83 34.83 34.83
13.00 12.98 672.40 0.00 0.01 39.70 39.70 39.70
14.00 37.92 637.40 0.00 0.01 41.30 41.30 41.30
15.00 29.47 684.70 0.00 0.01 38.71 37.33 38.71
16.00 99.97 675.87 0.00 0.01 49.60 49.60 49.60
17.00 136.70 665.02 0.00 0.01 45.55 45.55 45.55
18.00 118.80 671.45 0.00 0.01 43.92 43.12 43.92
19.00 118.05 658.88 0.00 0.01 43.90 43.90 43.90
20.00 166.81 645.64 0.00 0.01 44.50 43.90 44.50
21.00 75.12 689.81 0.00 0.01 37.97 37.97 37.97
22.00 6.50 637.72 0.00 0.01 41.37 40.37 41.37
23.00 2.08 654.82 0.00 0.01 42.90 41.83 42.90
24.00 3.65 660.18 0.00 0.01 41.00 41.00 41.00
25.00 5.67 631.43 0.00 0.01 39.85 39.85 39.85
26.00 10.67 710.00 0.00 0.01 41.92 39.82 41.92
27.00 5.27 702.68 0.00 0.01 42.18 40.58 42.18
28.00 88.97 684.65 0.00 0.01 38.85 38.12 38.85
29.00 204.95 668.25 0.00 0.01 37.27 35.30 37.27
30.00 234.15 645.58 0.00 0.01 43.70 43.20 43.70
31.00 210.57 638.42 0.00 0.01 42.42 42.42 42.42
32.00 316.80 679.12 0.00 0.01 42.28 41.35 42.28
33.00 168.80 615.62 0.00 0.01 39.83 39.83 39.83
34.00 76.43 723.82 0.00 0.01 31.47 31.47 31.47
35.00 48.45 619.52 0.00 0.01 44.88 44.48 44.88
36.00 26.36 678.45 0.00 0.01 47.83 47.83 47.83
37.00 14.27 697.45 0.00 0.01 48.55 46.71 48.55
38.00 0.98 749.50 0.00 0.01 47.88 47.20 47.88
39.00 10.45 695.71 0.00 0.01 47.20 47.20 47.20
40.00 27.35 660.10 0.00 0.01 45.67 45.67 45.67
41.00 63.42 672.75 0.00 0.01 42.05 40.95 42.05
42.00 150.22 665.88 0.00 0.01 49.38 48.18 49.38
43.00 221.72 646.25 0.00 0.01 51.13 50.48 51.13
44.00 354.65 675.15 0.00 0.01 51.13 48.18 51.13
45.00 287.00 651.88 0.00 0.01 52.62 50.87 52.62
46.00 176.20 632.02 0.00 0.01 52.02 51.67 52.02
47.00 144.05 653.05 0.00 0.01 55.07 53.87 55.07
48.00 95.06 644.55 0.00 0.01 42.57 41.67 42.57
49.00 6.88 623.95 0.00 0.01 44.87 43.37 44.87
50.00 20.28 673.88 0.00 0.01 45.23 43.15 45.23
51.00 10.22 700.38 0.00 0.01 47.72 47.72 47.72
52.00 43.38 727.98 0.00 0.01 44.25 44.25 44.25
53.00 14.77 703.45 0.00 0.01 47.30 46.50 47.30
54.00 76.30 666.78 0.00 0.01 42.40 41.60 42.40
55.00 175.40 669.25 0.00 0.01 46.72 45.92 46.72
56.00 236.98 649.18 0.00 0.01 48.72 46.62 48.72
57.00 287.00 657.20 0.00 0.01 45.35 43.85 45.35
58.00 350.20 687.60 0.00 0.01 43.02 43.02 43.02
59.00 164.47 620.53 0.00 0.01 51.53 50.78 51.53
60.00 85.03 648.33 0.00 0.01 49.67 49.15 49.67
61.00 53.58 706.18 0.00 0.01 51.02 49.95 51.02
62.00 15.92 733.78 0.00 0.01 43.42 43.08 43.42
63.00 0.00 706.00 0.00 0.01 44.13 42.62 44.13
64.00 12.13 670.47 0.00 0.01 41.53 39.95 41.53
65.00 12.37 669.22 0.00 0.01 40.70 39.97 40.70
66.00 22.60 734.85 0.00 0.01 46.50 44.57 46.50
67.00 8.83 616.30 0.00 0.01 42.60 40.63 42.60
68.00 7.17 691.87 0.00 0.01 38.37 36.93 38.37
69.00 4.58 652.17 0.00 0.01 43.07 41.87 43.07
70.00 15.32 735.57 0.00 0.01 42.86 42.86 42.86
71.00 38.17 687.18 0.00 0.01 52.47 50.97 52.47
72.00 43.32 696.78 0.00 0.01 46.23 43.87 46.23
73.00 90.85 676.52 0.00 0.01 44.75 42.28 44.75
74.00 339.58 700.58 0.00 0.01 49.12 48.12 49.12
75.00 415.97 687.40 0.00 0.01 48.47 47.85 48.47
76.00 316.80 671.33 0.00 0.01 52.93 50.45 52.93
77.00 281.12 693.40 0.00 0.01 40.02 39.28 40.02
78.00 344.68 721.50 0.00 0.01 40.18 39.98 40.18
79.00 206.80 676.70 0.00 0.01 47.52 46.88 47.52
80.00 114.27 678.90 0.00 0.01 41.28 41.28 41.28
81.00 101.38 705.23 0.00 0.01 41.72 41.32 41.72
82.00 52.45 714.00 0.00 0.01 41.16 41.16 41.16
83.00 54.68 675.95 0.00 0.01 46.87 46.59 46.87
84.00 65.85 699.58 0.00 0.01 54.05 53.07 54.05
85.00 44.05 641.20 0.00 0.01 42.83 42.83 42.83
86.00 11.82 643.37 0.00 0.01 47.08 46.42 47.08
87.00 11.85 669.53 0.00 0.01 45.80 45.22 45.80
88.00 17.82 642.90 0.00 0.01 51.13 50.15 51.13
89.00 121.87 682.35 0.00 0.01 46.40 46.40 46.40
90.00 137.95 651.89 0.00 0.01 46.07 46.07 46.07
91.00 45.93 723.65 0.00 0.01 48.07 47.27 48.07
92.00 22.70 700.35 0.00 0.01 46.67 46.67 46.67
93.00 10.68 632.48 0.00 0.01 45.23 45.23 45.23
94.00 12.68 678.88 0.00 0.01 46.57 46.57 46.57
95.00 89.27 666.82 0.00 0.01 45.97 45.97 45.97
96.00 207.90 682.65 0.00 0.01 46.87 46.47 46.87
97.00 251.98 665.48 0.00 0.01 51.57 51.00 51.57
98.00 394.72 699.05 0.00 0.01 55.07 53.10 55.07
99.00 444.02 683.38 0.00 0.01 54.73 53.20 54.73
100.00 235.05 698.55 0.00 0.01 38.07 37.97 38.07
101.00 1.68 4.29 0.00 0.00 0.17 0.15 0.17
