6 14 25.0 60.0 101245 702 1747 0.01 0.0 8.0 8.0 8.0 1 1 2.0 1.0 10/11/2022 14 18 39 45.472066 9.2273504
6 16 25.0 59.0 101245 915 1739 0.01 0.0 10.0 11.0 11.0 1 1 1.0 1.0 10/11/2022 14 19 31 45.4720435 9.2273722
6 17 26.0 59.0 101245 947 1772 0.01 0.0 11.0 12.0 13.0 1 2 2.0 2.0 10/11/2022 14 19 43 45.4719278 9.227441
6 18 26.0 58.0 101246 966 1767 0.01 0.0 11.0 12.0 12.0 1 2 2.0 2.0 10/11/2022 14 20 7 45.4720132 9.2274443
6 19 26.0 59.0 101246 1015 1783 0.01 0.0 8.0 8.0 8.0 1 2 1.0 1.0 10/11/2022 14 20 31 45.4720342 9.2273049
6 20 26.0 58.0 101246 977 1782 0.01 0.0 13.0 15.0 16.0 1 2 2.0 2.0 10/11/2022 14 20 55 45.4719468 9.2273849
6 22 26.0 58.0 101246 0 0 0 0.0 13.0 14.0 15.0 1 1 0.0 1.0 10/11/2022 14 21 31 45.4721075 9.2271689
6 22 26.0 58.0 101246 919 1796 0.01 0.0 7.0 8.0 9.0 1 1 2.0 1.0 10/11/2022 14 21 51 45.4720934 9.2271851
6 23 27.0 58.0 101246 990 1839 0.01 0.0 7.0 8.0 9.0 1 2 2.0 2.0 10/11/2022 14 22 7 45.4721033 9.227223
6 24 27.0 58.0 101247 1010 1803 0.01 0.0 7.0 8.0 9.0 1 3 3.0 3.0 10/11/2022 14 22 31 45.472115 9.2271211
6 25 27.0 58.0 101247 1000 1797 0.01 0.0 12.0 15.0 17.0 1 2 2.0 2.0 10/11/2022 14 23 7 45.4720676 9.2271117
6 27 27.0 58.0 101247 0 0 0 0.0 14.0 15.0 15.0 1 1 0.0 1.0 10/11/2022 14 23 49 45.4720248 9.2271991
6 27 27.0 57.0 101247 770 1762 0.01 0.0 11.0 12.0 13.0 1 2 2.0 2.0 10/11/2022 14 23 59 45.4721115 9.2273337
6 28 27.0 55.0 101247 590 1751 0.01 0.0 16.0 18.0 20.0 2 2 2.0 2.0 10/11/2022 14 24 23 45.472342 9.2271944
6 29 27.0 52.0 101247 313 1519 0.01 0.0 15.0 16.0 16.0 2 2 2.0 2.0 10/11/2022 14 24 47 45.472665 9.2270815
6 30 27.0 50.0 101249 166 1117 0.01 0.0 16.0 17.0 17.0 1 1 1.0 1.0 10/11/2022 14 25 13 45.4723787 9.2273493
6 31 26.0 50.0 101254 86 896 0.01 0.0 31.0 34.0 36.0 1 1 1.0 1.0 10/11/2022 14 25 45 45.4725338 9.2273715
6 32 26.0 49.0 101261 15 877 0.01 0.0 34.0 38.0 40.0 1 2 2.0 2.0 10/11/2022 14 26 1 45.4726453 9.2276909
6 33 25.0 49.0 101267 2 815 0.01 0.0 35.0 39.0 40.0 1 1 1.0 1.0 10/11/2022 14 26 25 45.4728078 9.2281549
6 35 24.0 49.0 101273 2 709 0.01 0.0 0.0 0.0 0.0 0 1 2.0 0.0 10/11/2022 14 26 51 45.4728256 9.2283652
6 35 24.0 50.0 101278 6 592 0.01 0.0 34.0 36.0 36.0 1 2 2.0 2.0 10/11/2022 14 27 7 45.4728238 9.2287452
6 36 24.0 50.0 101283 6 824 0.01 0.0 34.0 36.0 36.0 1 2 2.0 1.0 10/11/2022 14 27 31 45.472779 9.2294859
6 38 22.0 52.0 101288 0 0 0 0.0 25.0 28.0 29.0 1 2 0.0 2.0 10/11/2022 14 28 9 45.4724202 9.2298901
6 38 22.0 52.0 101293 3 686 0.01 0.0 38.0 41.0 41.0 1 1 2.0 2.0 10/11/2022 14 28 37 45.4725098 9.2302776
6 39 22.0 52.0 101298 6 608 0.01 0.0 34.0 36.0 36.0 1 1 1.0 2.0 10/11/2022 14 29 3 45.4728032 9.2308191
6 41 22.0 52.0 101302 0 0 0 0.0 0.0 0.0 0.0 0 1 0.0 0.0 10/11/2022 14 29 41 45.4728357 9.2309688
6 42 0 0 0 4 670 0.01 0.0 38.0 40.0 40.0 1 0 2.0 1.0 10/11/2022 14 29 49 45.4729008 9.2312879
6 42 22.0 53.0 101309 19 726 0.01 0.0 38.0 40.0 40.0 1 2 1.0 1.0 10/11/2022 14 30 7 45.472908 9.2317582
6 43 21.0 53.0 101313 12 657 0.01 0.0 28.0 30.0 30.0 1 2 1.0 1.0 10/11/2022 14 30 33 45.4729226 9.23214
6 44 21.0 54.0 101317 1 630 0.01 0.0 37.0 39.0 39.0 2 2 1.0 2.0 10/11/2022 14 30 57 45.4727011 9.2325351
6 45 21.0 54.0 101320 10 723 0.01 0.0 37.0 39.0 39.0 1 2 1.0 2.0 10/11/2022 14 31 21 45.4727396 9.2331066
6 46 21.0 54.0 101324 7 664 0.01 0.0 39.0 42.0 42.0 2 1 1.0 1.0 10/11/2022 14 31 59 45.4727802 9.2332767
6 47 21.0 54.0 101327 25 616 0.01 0.0 39.0 42.0 42.0 1 2 2.0 2.0 10/11/2022 14 32 11 45.4728389 9.2337307
6 48 21.0 54.0 101331 41 654 0.01 0.0 39.0 42.0 42.0 1 3 3.0 2.0 10/11/2022 14 32 35 45.4727542 9.2344752
6 50 0 0 0 25 708 0.01 0.0 0.0 0.0 0.0 0 0 1.0 0.0 10/11/2022 14 33 25 45.4727855 9.2345136
6 50 21.0 55.0 101337 19 688 0.01 0.0 31.0 36.0 39.0 1 1 1.0 2.0 10/11/2022 14 33 37 45.4727883 9.2345133
6 51 21.0 55.0 101340 42 698 0.01 0.0 37.0 40.0 40.0 1 2 2.0 2.0 10/11/2022 14 33 59 45.4727883 9.2345133
6 52 21.0 54.0 101342 109 689 0.01 0.0 45.0 47.0 47.0 1 1 1.0 1.0 10/11/2022 14 34 29 45.4727883 9.2345133
6 53 22.0 54.0 101345 102 685 0.01 0.0 51.0 54.0 54.0 1 2 2.0 2.0 10/11/2022 14 34 49 45.4727883 9.2345133
6 54 22.0 54.0 101347 137 683 0.01 0.0 51.0 54.0 54.0 1 1 1.0 1.0 10/11/2022 14 35 19 45.4727883 9.2345133
6 55 22.0 54.0 101349 149 686 0.01 0.0 42.0 44.0 44.0 1 1 2.0 1.0 10/11/2022 14 35 43 45.4727883 9.2345133
6 56 22.0 54.0 101351 133 660 0.01 0.0 39.0 41.0 41.0 1 2 1.0 2.0 10/11/2022 14 36 1 45.4727883 9.2345133
6 57 22.0 54.0 101353 120 693 0.01 0.0 39.0 41.0 41.0 1 2 2.0 2.0 10/11/2022 14 36 21 45.4727883 9.2345133
6 58 22.0 54.0 101355 121 681 0.01 0.0 42.0 46.0 48.0 1 2 2.0 1.0 10/11/2022 14 36 45 45.4728633 9.234445
6 59 22.0 54.0 101356 122 667 0.01 0.0 42.0 45.0 45.0 1 1 2.0 1.0 10/11/2022 14 37 9 45.4728633 9.234445
6 60 22.0 54.0 101358 116 670 0.01 0.0 42.0 45.0 45.0 1 3 2.0 3.0 10/11/2022 14 37 41 45.4728633 9.234445
6 61 22.0 54.0 101359 133 679 0.01 0.0 39.0 42.0 42.0 1 2 2.0 2.0 10/11/2022 14 38 13 45.4728633 9.234445
6 62 22.0 54.0 101361 208 650 0.01 0.0 47.0 52.0 54.0 1 1 2.0 1.0 10/11/2022 14 38 37 45.4728633 9.234445
6 1 22.0 53.0 101362 0 0 0 0.0 39.0 41.0 41.0 1 2 0.0 2.0 10/11/2022 14 38 55 45.4731602 9.234679
6 1 22.0 53.0 101363 131 728 0.01 0.0 36.0 38.0 38.0 1 1 2.0 1.0 10/11/2022 14 39 31 45.4733351 9.2346378
6 2 21.0 54.0 101364 60 691 0.01 0.0 36.0 38.0 38.0 1 2 1.0 2.0 10/11/2022 14 39 47 45.4735359 9.2344985
6 3 21.0 55.0 101365 10 697 0.01 0.0 36.0 38.0 38.0 1 2 2.0 2.0 10/11/2022 14 40 11 45.4738156 9.234437
6 4 20.0 56.0 101365 9 570 0.01 0.0 39.0 42.0 43.0 1 2 1.0 2.0 10/11/2022 14 40 37 45.4740712 9.2344191
6 5 20.0 56.0 101366 1 681 0.01 0.0 39.0 43.0 45.0 1 1 1.0 1.0 10/11/2022 14 40 57 45.4745381 9.2344563
6 7 0 0 0 2 657 0.01 0.0 39.0 43.0 45.0 2 0 1.0 1.0 10/11/2022 14 41 37 45.4746577 9.2344198
6 7 20.0 57.0 101368 3 681 0.01 0.0 39.0 42.0 42.0 1 2 1.0 1.0 10/11/2022 14 41 49 45.4749163 9.2344006
6 8 20.0 58.0 101368 3 595 0.01 0.0 39.0 42.0 42.0 1 2 2.0 2.0 10/11/2022 14 42 9 45.4751941 9.2344015
6 9 20.0 59.0 101369 4 715 0.01 0.0 39.0 42.0 42.0 1 3 3.0 3.0 10/11/2022 14 42 33 45.4755839 9.2344004
6 10 20.0 59.0 101369 4 626 0.01 0.0 37.0 39.0 39.0 1 2 2.0 2.0 10/11/2022 14 43 9 45.4759767 9.234566
6 12 0 0 0 8 663 0.01 0.0 37.0 39.0 39.0 2 0 1.0 1.0 10/11/2022 14 43 43 45.4759255 9.2350303
6 12 20.0 58.0 101370 4 624 0.01 0.0 53.0 57.0 57.0 1 1 1.0 1.0 10/11/2022 14 44 9 45.4759165 9.2351637
6 13 20.0 59.0 101370 13 784 0.01 0.0 33.0 37.0 40.0 1 2 2.0 2.0 10/11/2022 14 44 23 45.4759587 9.2355123
6 14 20.0 59.0 101371 12 696 0.01 0.0 35.0 38.0 40.0 1 2 2.0 2.0 10/11/2022 14 44 47 45.4758392 9.2358438
6 15 20.0 59.0 101371 2 732 0.01 0.0 35.0 38.0 41.0 1 1 2.0 1.0 10/11/2022 14 45 11 45.4756833 9.2359669
6 16 20.0 59.0 101371 2 696 0.01 0.0 45.0 48.0 48.0 1 1 1.0 2.0 10/11/2022 14 45 45 45.4756833 9.2359667
6 17 20.0 59.0 101370 20 691 0.01 0.0 39.0 41.0 41.0 1 2 2.0 2.0 10/11/2022 14 46 1 45.4756833 9.2359667
6 18 20.0 58.0 101370 75 703 0.01 0.0 39.0 41.0 41.0 1 2 1.0 2.0 10/11/2022 14 46 25 45.4756833 9.2359667
6 19 21.0 58.0 101370 149 692 0.01 0.0 32.0 35.0 37.0 1 2 2.0 2.0 10/11/2022 14 46 49 45.4756833 9.2359667
6 20 21.0 58.0 101370 189 690 0.01 0.0 33.0 36.0 38.0 1 1 1.0 1.0 10/11/2022 14 47 17 45.4756833 9.2359667
6 21 21.0 58.0 101370 231 671 0.01 0.0 33.0 36.0 38.0 1 3 3.0 3.0 10/11/2022 14 47 37 45.4756833 9.2359667
6 22 21.0 58.0 101370 221 672 0.01 0.0 40.0 43.0 44.0 1 2 2.0 2.0 10/11/2022 14 48 13 45.4756833 9.2359667
6 23 21.0 57.0 101370 253 641 0.01 0.0 43.0 45.0 45.0 1 1 2.0 1.0 10/11/2022 14 48 37 45.4756833 9.2359667
6 24 22.0 57.0 101370 231 682 0.01 0.0 48.0 51.0 51.0 1 1 1.0 1.0 10/11/2022 14 49 7 45.4756833 9.2359667
6 25 22.0 56.0 101370 190 652 0.01 0.0 38.0 40.0 40.0 1 2 2.0 2.0 10/11/2022 14 49 19 45.4756833 9.2359667
6 26 22.0 56.0 101370 227 631 0.01 0.0 40.0 43.0 43.0 1 2 2.0 2.0 10/11/2022 14 49 43 45.4756833 9.2359667
6 27 22.0 56.0 101370 316 693 0.01 0.0 41.0 43.0 43.0 1 2 2.0 2.0 10/11/2022 14 50 7 45.4756833 9.2359667
6 28 22.0 56.0 101370 329 688 0.01 0.0 38.0 41.0 43.0 1 1 1.0 1.0 10/11/2022 14 50 39 45.4758638 9.2358728
6 30 22.0 56.0 101370 260 692 0.01 0.0 0.0 0.0 0.0 0 1 1.0 0.0 10/11/2022 14 51 7 45.4759272 9.2357262
6 30 22.0 56.0 101370 177 665 0.01 0.0 46.0 49.0 49.0 1 2 2.0 2.0 10/11/2022 14 51 19 45.4759797 9.2354037
6 31 22.0 56.0 101370 120 551 0.01 0.0 30.0 32.0 32.0 1 2 2.0 1.0 10/11/2022 14 51 43 45.4759953 9.2349467
6 33 21.0 56.0 101371 0 0 0 0.0 30.0 32.0 32.0 1 1 0.0 2.0 10/11/2022 14 52 11 45.4759903 9.2344269
6 33 21.0 56.0 101372 70 796 0.01 0.0 30.0 32.0 32.0 1 2 2.0 2.0 10/11/2022 14 52 43 45.4762993 9.2344439
6 34 21.0 57.0 101373 56 556 0.01 0.0 38.0 41.0 42.0 1 2 2.0 1.0 10/11/2022 14 53 11 45.4765834 9.2344414
6 35 21.0 57.0 101373 42 649 0.01 0.0 49.0 52.0 52.0 1 2 2.0 2.0 10/11/2022 14 53 35 45.4768792 9.2344562
6 36 21.0 57.0 101374 27 695 0.01 0.0 46.0 49.0 49.0 1 1 2.0 1.0 10/11/2022 14 53 59 45.477428 9.2344602
6 39 21.0 57.0 101374 0 0 0 0.0 0.0 0.0 0.0 0 1 0.0 0.0 10/11/2022 14 54 45 45.4776604 9.2344231
6 39 21.0 57.0 101375 23 707 0.01 0.0 47.0 50.0 50.0 1 2 2.0 2.0 10/11/2022 14 55 7 45.4779288 9.2344236
6 40 21.0 57.0 101375 10 678 0.01 0.0 40.0 45.0 49.0 1 2 2.0 1.0 10/11/2022 14 55 31 45.4782156 9.234452
6 41 21.0 57.0 101375 1 831 0.01 0.0 44.0 48.0 49.0 1 2 2.0 2.0 10/11/2022 14 55 55 45.4785072 9.2344608
6 42 21.0 57.0 101374 1 723 0.01 0.0 44.0 48.0 49.0 1 2 2.0 2.0 10/11/2022 14 56 19 45.4788002 9.2344335
6 44 21.0 57.0 101374 0 0 0 0.0 46.0 48.0 48.0 1 2 0.0 2.0 10/11/2022 14 56 43 45.4792116 9.2344237
6 44 21.0 57.0 101374 18 688 0.01 0.0 46.0 48.0 48.0 1 1 2.0 1.0 10/11/2022 14 57 19 45.4794215 9.2344074
6 45 20.0 57.0 101374 5 732 0.01 0.0 46.0 48.0 48.0 1 3 2.0 3.0 10/11/2022 14 57 37 45.4798056 9.2343908
6 46 20.0 57.0 101373 18 633 0.01 0.0 47.0 50.0 50.0 1 1 1.0 2.0 10/11/2022 14 58 9 45.4801056 9.234408
6 47 20.0 58.0 101373 47 690 0.01 0.0 39.0 42.0 42.0 1 2 2.0 2.0 10/11/2022 14 58 35 45.4802467 9.2344117
6 49 0 0 0 36 656 0.01 0.0 0.0 0.0 0.0 0 0 1.0 0.0 10/11/2022 14 59 23 45.4802467 9.2344117
6 49 21.0 57.0 101373 64 685 0.01 0.0 37.0 40.0 42.0 1 2 1.0 2.0 10/11/2022 14 59 27 45.4802467 9.2344117
6 50 21.0 57.0 101372 125 679 0.01 0.0 42.0 45.0 47.0 1 2 2.0 2.0 10/11/2022 14 59 49 45.4802467 9.2344117
6 51 22.0 56.0 101372 158 665 0.01 0.0 43.0 46.0 47.0 1 2 1.0 2.0 10/11/2022 15 0 13 45.4802467 9.2344117
6 52 22.0 56.0 101371 164 694 0.01 0.0 53.0 56.0 57.0 1 1 2.0 1.0 10/11/2022 15 0 37 45.4802467 9.2344117
6 53 22.0 56.0 101371 197 658 0.01 0.0 50.0 52.0 52.0 1 2 1.0 2.0 10/11/2022 15 0 55 45.4802467 9.2344117
6 54 22.0 56.0 101371 211 651 0.01 0.0 49.0 52.0 52.0 1 1 2.0 1.0 10/11/2022 15 1 27 45.4802467 9.2344117
6 55 22.0 56.0 101371 309 663 0.01 0.0 43.0 49.0 52.0 1 2 2.0 2.0 10/11/2022 15 1 43 45.4802467 9.2344117
6 56 22.0 56.0 101371 366 700 0.01 0.0 43.0 49.0 52.0 1 2 2.0 2.0 10/11/2022 15 2 7 45.4802467 9.2344117
6 57 22.0 56.0 101371 379 684 0.01 0.0 43.0 49.0 52.0 1 3 2.0 3.0 10/11/2022 15 2 31 45.4802467 9.2344117
6 58 22.0 56.0 101372 297 652 0.01 0.0 44.0 47.0 47.0 1 2 2.0 2.0 10/11/2022 15 3 11 45.4802467 9.2344117
6 59 23.0 55.0 101372 212 659 0.01 0.0 55.0 60.0 63.0 1 2 2.0 2.0 10/11/2022 15 3 35 45.4802467 9.2344117
6 60 23.0 54.0 101372 171 661 0.01 0.0 48.0 51.0 51.0 1 1 2.0 2.0 10/11/2022 15 4 1 45.4803502 9.234351
6 62 0 0 0 178 623 0.01 0.0 49.0 52.0 52.0 1 0 2.0 1.0 10/11/2022 15 4 25 45.4803483 9.2343483
6 62 23.0 54.0 101372 144 666 0.01 0.0 45.0 49.0 51.0 1 1 1.0 1.0 10/11/2022 15 4 59 45.4804191 9.2343853
6 1 0 0 0 125 647 0.01 0.0 45.0 49.0 51.0 2 0 1.0 2.0 10/11/2022 15 5 15 45.4805999 9.234437
6 1 22.0 54.0 101373 163 697 0.01 0.0 64.0 68.0 68.0 1 2 1.0 2.0 10/11/2022 15 5 35 45.4809113 9.2344072
6 2 22.0 54.0 101373 89 654 0.01 0.0 41.0 45.0 47.0 1 2 2.0 1.0 10/11/2022 15 5 57 45.4810418 9.234408
6 3 20.0 56.0 101374 8 729 0.01 0.0 41.0 45.0 47.0 1 2 2.0 2.0 10/11/2022 15 6 23 45.4816758 9.2343091
6 5 20.0 57.0 101374 0 717 0.01 0.0 33.0 35.0 35.0 1 1 1.0 1.0 10/11/2022 15 7 23 45.4817869 9.2341797
6 6 20.0 58.0 101374 0 598 0.01 0.0 33.0 35.0 35.0 1 2 2.0 2.0 10/11/2022 15 7 35 45.482216 9.2343414
6 7 19.0 59.0 101374 1 631 0.01 0.0 36.0 38.0 38.0 1 2 1.0 1.0 10/11/2022 15 8 11 45.4830244 9.2341732
6 10 19.0 59.0 101374 8 647 0.01 0.0 0.0 0.0 0.0 0 1 1.0 0.0 10/11/2022 15 9 13 45.4832004 9.2341283
6 11 0 0 0 7 659 0.01 0.0 48.0 53.0 56.0 1 0 1.0 1.0 10/11/2022 15 9 27 45.4834766 9.2341392
6 12 0 0 0 16 672 0.01 0.0 42.0 46.0 48.0 1 0 1.0 1.0 10/11/2022 15 9 51 45.4836148 9.2342412
6 12 19.0 59.0 101374 25 701 0.01 0.0 42.0 46.0 49.0 1 1 1.0 1.0 10/11/2022 15 10 7 45.4840674 9.2345917
6 13 19.0 60.0 101374 17 666 0.01 0.0 33.0 35.0 35.0 1 1 1.0 2.0 10/11/2022 15 10 37 45.4841487 9.2348539
6 14 19.0 59.0 101373 4 706 0.01 0.0 48.0 51.0 51.0 2 1 1.0 2.0 10/11/2022 15 10 57 45.4844611 9.2353291
6 15 20.0 59.0 101373 13 744 0.01 0.0 48.0 51.0 51.0 2 1 2.0 1.0 10/11/2022 15 11 29 45.4844963 9.2356093
6 16 20.0 60.0 101373 47 733 0.01 0.0 42.0 45.0 45.0 1 2 2.0 2.0 10/11/2022 15 11 45 45.4843426 9.2359808
6 17 20.0 60.0 101373 58 751 0.01 0.0 42.0 45.0 45.0 1 2 2.0 2.0 10/11/2022 15 12 9 45.4844356 9.2363144
6 18 19.0 60.0 101373 16 733 0.01 0.0 42.0 45.0 45.0 1 3 3.0 2.0 10/11/2022 15 12 33 45.4848535 9.236145
6 19 19.0 60.0 101373 1 746 0.01 0.0 46.0 51.0 54.0 1 1 1.0 1.0 10/11/2022 15 13 17 45.4848518 9.236145
6 20 19.0 60.0 101373 30 637 0.01 0.0 46.0 48.0 48.0 1 1 2.0 1.0 10/11/2022 15 13 33 45.4848517 9.236145
6 21 20.0 59.0 101373 71 699 0.01 0.0 41.0 44.0 44.0 1 2 2.0 2.0 10/11/2022 15 13 57 45.4848517 9.236145
6 22 20.0 58.0 101373 106 676 0.01 0.0 35.0 38.0 40.0 1 2 2.0 2.0 10/11/2022 15 14 21 45.4848517 9.236145
6 23 21.0 58.0 101373 170 680 0.01 0.0 44.0 48.0 49.0 1 2 2.0 2.0 10/11/2022 15 14 45 45.4848517 9.236145
6 25 21.0 57.0 101374 0 0 0 0.0 44.0 48.0 49.0 1 1 0.0 1.0 10/11/2022 15 15 25 45.4848517 9.236145
6 25 21.0 57.0 101374 211 691 0.01 0.0 38.0 41.0 41.0 1 2 2.0 2.0 10/11/2022 15 15 33 45.4848517 9.236145
6 26 21.0 57.0 101375 278 646 0.01 0.0 45.0 50.0 53.0 1 1 1.0 2.0 10/11/2022 15 16 1 45.4848517 9.236145
6 27 21.0 57.0 101376 220 650 0.01 0.0 46.0 50.0 53.0 1 1 1.0 1.0 10/11/2022 15 16 25 45.4848517 9.236145
6 29 22.0 56.0 101377 342 687 0.01 0.0 37.0 39.0 39.0 1 2 1.0 2.0 10/11/2022 15 17 13 45.4848517 9.236145
6 30 22.0 57.0 101377 420 688 0.01 0.0 37.0 39.0 39.0 1 3 3.0 3.0 10/11/2022 15 17 33 45.4848517 9.236145
6 31 22.0 56.0 101378 335 727 0.01 0.0 41.0 43.0 43.0 1 2 2.0 2.0 10/11/2022 15 18 9 45.4848517 9.236145
6 32 22.0 56.0 101379 204 654 0.01 0.0 58.0 62.0 62.0 1 2 2.0 2.0 10/11/2022 15 18 33 45.4848308 9.2359503
6 33 22.0 55.0 101380 176 595 0.01 0.0 43.0 46.0 46.0 0 1 1.0 1.0 10/11/2022 15 18 59 45.4848306 9.2356666
6 34 21.0 56.0 101380 108 666 0.01 0.0 43.0 49.0 52.0 1 2 1.0 1.0 10/11/2022 15 19 25 45.4845584 9.2357503
6 35 21.0 56.0 101381 82 627 0.01 0.0 47.0 50.0 50.0 1 2 2.0 2.0 10/11/2022 15 19 49 45.4843765 9.2352266
6 36 21.0 56.0 101382 84 688 0.01 0.0 47.0 50.0 50.0 2 1 2.0 2.0 10/11/2022 15 20 13 45.4842945 9.2347671
6 37 20.0 57.0 101384 73 673 0.01 0.0 49.0 54.0 56.0 1 1 1.0 1.0 10/11/2022 15 20 37 45.4841137 9.2342548
6 39 0 0 0 42 681 0.01 0.0 44.0 47.0 47.0 2 0 1.0 1.0 10/11/2022 15 21 11 45.4839742 9.2342989
6 39 20.0 58.0 101385 27 825 0.01 0.0 45.0 47.0 47.0 1 2 2.0 2.0 10/11/2022 15 21 21 45.4836938 9.2343647
6 40 19.0 59.0 101386 14 726 0.01 0.0 40.0 43.0 43.0 1 1 1.0 2.0 10/11/2022 15 21 45 45.4832717 9.2342836
6 41 19.0 59.0 101387 0 751 0.01 0.0 40.0 44.0 45.0 2 1 1.0 2.0 10/11/2022 15 22 17 45.4828209 9.2343041
6 43 19.0 60.0 101388 0 0 0 0.0 40.0 44.0 45.0 2 2 0.0 1.0 10/11/2022 15 22 53 45.4825255 9.2343001
6 44 18.0 62.0 101389 0 0 0 0.0 37.0 42.0 45.0 1 1 0.0 1.0 10/11/2022 15 23 19 45.4823039 9.2343682
6 44 18.0 62.0 101390 0 692 0.01 0.0 34.0 37.0 38.0 1 1 2.0 1.0 10/11/2022 15 23 35 45.4819966 9.2344143
6 46 19.0 61.0 101391 0 0 0 0.0 44.0 48.0 50.0 1 1 0.0 2.0 10/11/2022 15 23 59 45.4817987 9.2343851
6 46 19.0 61.0 101392 13 683 0.01 0.0 32.0 35.0 37.0 1 1 2.0 1.0 10/11/2022 15 24 21 45.481437 9.2344356
6 47 19.0 62.0 101393 18 656 0.01 0.0 41.0 44.0 44.0 1 1 1.0 1.0 10/11/2022 15 24 57 45.4811116 9.2344141
6 48 19.0 62.0 101394 4 713 0.01 0.0 41.0 44.0 44.0 1 1 2.0 1.0 10/11/2022 15 25 19 45.4808358 9.2343056
6 49 18.0 62.0 101395 31 893 0.01 0.0 40.0 44.0 45.0 2 2 1.0 2.0 10/11/2022 15 25 35 45.4805491 9.2343112
6 50 18.0 63.0 101397 22 664 0.01 0.0 42.0 46.0 49.0 1 2 2.0 1.0 10/11/2022 15 25 59 45.4804695 9.2341739
6 51 18.0 63.0 101398 8 601 0.01 0.0 42.0 47.0 49.0 2 2 2.0 1.0 10/11/2022 15 26 23 45.4801775 9.2341852
6 52 18.0 63.0 101399 9 597 0.01 0.0 34.0 38.0 40.0 1 1 1.0 1.0 10/11/2022 15 26 51 45.4799097 9.2342055
6 53 18.0 63.0 101400 10 696 0.01 0.0 36.0 40.0 42.0 1 2 1.0 2.0 10/11/2022 15 27 15 45.4797125 9.2342335
6 54 18.0 64.0 101401 8 708 0.01 0.0 36.0 40.0 42.0 1 3 3.0 3.0 10/11/2022 15 27 35 45.4792246 9.2342298
6 55 18.0 65.0 101402 5 694 0.01 0.0 30.0 31.0 31.0 1 2 1.0 2.0 10/11/2022 15 28 15 45.47898 9.234195
6 56 17.0 65.0 101404 0 669 0.01 0.0 39.0 43.0 46.0 1 1 1.0 1.0 10/11/2022 15 28 35 45.478677 9.2342525
6 57 18.0 65.0 101405 0 620 0.01 0.0 43.0 46.0 46.0 1 2 1.0 2.0 10/11/2022 15 28 59 45.4785767 9.2339014
6 59 0 0 0 5 774 0.01 0.0 34.0 36.0 36.0 2 0 2.0 1.0 10/11/2022 15 29 23 45.4785482 9.2332528
6 60 0 0 0 21 696 0.01 0.0 0.0 0.0 0.0 0 0 1.0 0.0 10/11/2022 15 30 5 45.4785536 9.2331611
6 60 18.0 64.0 101410 33 713 0.01 0.0 54.0 57.0 57.0 1 2 2.0 2.0 10/11/2022 15 30 9 45.478628 9.2325667
6 62 18.0 64.0 101411 0 0 0 0.0 49.0 53.0 55.0 2 1 0.0 1.0 10/11/2022 15 30 43 45.4785827 9.2322938
6 62 18.0 64.0 101412 44 696 0.01 0.0 44.0 48.0 50.0 2 2 1.0 2.0 10/11/2022 15 31 3 45.4785907 9.232058
6 63 18.0 64.0 101413 37 717 0.01 0.0 44.0 48.0 50.0 1 1 2.0 2.0 10/11/2022 15 31 23 45.4785221 9.2316711
6 1 18.0 64.0 101414 49 685 0.01 0.0 38.0 43.0 46.0 1 2 2.0 2.0 10/11/2022 15 31 47 45.4782157 9.2315357
6 2 19.0 63.0 101415 45 734 0.01 0.0 39.0 43.0 45.0 1 2 2.0 2.0 10/11/2022 15 32 11 45.4782133 9.2315968
6 3 18.0 64.0 101416 56 664 0.01 0.0 39.0 43.0 45.0 1 2 3.0 2.0 10/11/2022 15 32 35 45.4782133 9.2315967
6 4 19.0 63.0 101418 205 721 0.01 0.0 37.0 43.0 47.0 1 2 2.0 2.0 10/11/2022 15 33 11 45.4782133 9.2315967
6 5 19.0 62.0 101420 310 715 0.01 0.0 46.0 50.0 50.0 1 2 2.0 2.0 10/11/2022 15 33 35 45.4782133 9.2315967
6 6 20.0 62.0 101421 421 707 0.01 0.0 47.0 51.0 52.0 1 2 2.0 2.0 10/11/2022 15 33 59 45.4782133 9.2315967
6 7 20.0 61.0 101423 493 709 0.01 0.0 36.0 38.0 38.0 1 2 2.0 2.0 10/11/2022 15 34 23 45.4782133 9.2315967
6 8 20.0 61.0 101425 376 693 0.01 0.0 52.0 55.0 56.0 1 1 1.0 1.0 10/11/2022 15 34 47 45.4782133 9.2315967
6 9 21.0 60.0 101427 416 694 0.01 0.0 52.0 55.0 56.0 1 1 1.0 1.0 10/11/2022 15 35 19 45.4782133 9.2315967
6 10 21.0 60.0 101429 335 691 0.01 0.0 52.0 57.0 60.0 1 2 1.0 2.0 10/11/2022 15 35 37 45.4782133 9.2315967
6 11 21.0 60.0 101431 267 669 0.01 0.0 41.0 45.0 48.0 1 2 2.0 2.0 10/11/2022 15 35 57 45.4782133 9.2315967
6 12 21.0 59.0 101433 246 691 0.01 0.0 41.0 46.0 48.0 1 2 2.0 2.0 10/11/2022 15 36 21 45.4782133 9.2315967
6 13 21.0 59.0 101434 285 696 0.01 0.0 34.0 36.0 36.0 1 2 2.0 2.0 10/11/2022 15 36 45 45.4782133 9.2315967
6 14 21.0 59.0 101436 355 746 0.01 0.0 35.0 37.0 37.0 1 1 1.0 1.0 10/11/2022 15 37 9 45.4783269 9.2315911
6 15 21.0 59.0 101437 346 729 0.01 0.0 35.0 37.0 37.0 1 2 1.0 2.0 10/11/2022 15 37 49 45.4784768 9.2315625
6 16 20.0 59.0 101439 348 714 0.01 0.0 51.0 55.0 56.0 1 2 2.0 2.0 10/11/2022 15 38 9 45.4785125 9.231183
6 17 20.0 59.0 101439 188 661 0.01 0.0 40.0 44.0 45.0 1 2 2.0 2.0 10/11/2022 15 38 35 45.4784977 9.2308148
6 18 20.0 59.0 101440 144 702 0.01 0.0 44.0 47.0 47.0 1 2 2.0 2.0 10/11/2022 15 38 59 45.4784805 9.2303139
6 19 20.0 59.0 101440 118 693 0.01 0.0 37.0 39.0 39.0 1 1 1.0 1.0 10/11/2022 15 39 33 45.4782628 9.2301734
6 20 20.0 59.0 101440 78 659 0.01 0.0 40.0 43.0 43.0 1 1 1.0 1.0 10/11/2022 15 40 1 45.4781305 9.2301523
6 21 20.0 59.0 101440 124 716 0.01 0.0 41.0 43.0 43.0 1 2 2.0 2.0 10/11/2022 15 40 13 45.4778932 9.2301639
6 22 19.0 60.0 101440 113 743 0.01 0.0 38.0 42.0 43.0 2 2 2.0 2.0 10/11/2022 15 40 37 45.4776245 9.2301389
6 23 19.0 60.0 101440 67 682 0.01 0.0 39.0 41.0 41.0 1 2 2.0 2.0 10/11/2022 15 41 1 45.4773616 9.2301724
6 24 19.0 61.0 101440 52 734 0.01 0.0 39.0 42.0 42.0 1 2 2.0 2.0 10/11/2022 15 41 25 45.4769863 9.2299387
6 26 0 0 0 39 683 0.01 0.0 0.0 0.0 0.0 0 0 1.0 0.0 10/11/2022 15 42 15 45.4769769 9.2299308
6 26 18.0 62.0 101440 31 706 0.01 0.0 44.0 47.0 47.0 1 1 1.0 1.0 10/11/2022 15 42 23 45.476853 9.2299009
6 27 19.0 62.0 101441 65 677 0.01 0.0 44.0 47.0 47.0 1 2 2.0 3.0 10/11/2022 15 42 35 45.476876 9.2294084
6 28 18.0 63.0 101441 67 723 0.01 0.0 47.0 52.0 55.0 1 2 2.0 2.0 10/11/2022 15 43 11 45.476854 9.2290353
6 29 18.0 63.0 101442 68 711 0.01 0.0 52.0 55.0 55.0 2 2 2.0 2.0 10/11/2022 15 43 35 45.4768397 9.2282994
6 31 0 0 0 47 610 0.01 0.0 0.0 0.0 0.0 0 0 1.0 0.0 10/11/2022 15 44 13 45.4768485 9.2281565
6 31 18.0 63.0 101442 45 640 0.01 0.0 41.0 43.0 43.0 2 1 2.0 2.0 10/11/2022 15 44 21 45.476881 9.2277808
6 32 18.0 63.0 101442 49 688 0.01 0.0 42.0 44.0 44.0 1 2 2.0 2.0 10/11/2022 15 44 45 45.4768283 9.2273735
6 33 18.0 63.0 101442 21 588 0.01 0.0 43.0 45.0 45.0 1 2 2.0 2.0 10/11/2022 15 45 9 45.4768479 9.2270657
6 34 18.0 63.0 101442 9 662 0.01 0.0 47.0 50.0 51.0 1 1 1.0 1.0 10/11/2022 15 45 33 45.4765512 9.2266451
6 35 18.0 64.0 101442 4 757 0.01 0.0 39.0 43.0 44.0 2 1 1.0 2.0 10/11/2022 15 46 3 45.4763055 9.226627
6 36 18.0 64.0 101442 4 694 0.01 0.0 40.0 43.0 43.0 1 2 1.0 2.0 10/11/2022 15 46 23 45.4760425 9.2265872
6 37 18.0 65.0 101442 23 636 0.01 0.0 46.0 50.0 51.0 1 2 2.0 2.0 10/11/2022 15 46 47 45.4757326 9.2266295
6 38 18.0 65.0 101442 23 682 0.01 0.0 47.0 51.0 52.0 1 1 1.0 1.0 10/11/2022 15 47 11 45.4753625 9.2266389
6 39 17.0 66.0 101443 14 630 0.01 0.0 47.0 51.0 52.0 1 3 2.0 2.0 10/11/2022 15 47 39 45.4750581 9.2266806
6 40 17.0 66.0 101443 93 704 0.01 0.0 40.0 42.0 42.0 0 2 2.0 2.0 10/11/2022 15 48 11 45.4747988 9.2266546
6 41 18.0 65.0 101444 120 687 0.01 0.0 49.0 52.0 52.0 1 2 2.0 2.0 10/11/2022 15 48 35 45.4745104 9.2266699
6 42 18.0 65.0 101444 200 687 0.01 0.0 45.0 48.0 48.0 2 1 2.0 1.0 10/11/2022 15 48 59 45.4740759 9.2267115
6 44 18.0 65.0 101445 0 0 0 0.0 39.0 41.0 41.0 1 1 0.0 1.0 10/11/2022 15 49 31 45.4739012 9.2267359
6 44 18.0 65.0 101445 85 648 0.01 0.0 47.0 50.0 50.0 2 2 2.0 2.0 10/11/2022 15 49 47 45.4737249 9.2267734
6 45 18.0 65.0 101446 60 809 0.01 0.0 47.0 50.0 50.0 1 2 2.0 2.0 10/11/2022 15 50 11 45.4735217 9.2270767
6 46 18.0 65.0 101447 41 675 0.01 0.0 42.0 46.0 48.0 1 2 2.0 1.0 10/11/2022 15 50 35 45.4733523 9.227124
6 47 18.0 65.0 101448 18 723 0.01 0.0 45.0 48.0 48.0 1 2 2.0 2.0 10/11/2022 15 50 59 45.4731494 9.2274613
6 48 18.0 65.0 101449 19 730 0.01 0.0 46.0 48.0 48.0 1 1 2.0 1.0 10/11/2022 15 51 23 45.4727028 9.2275671
6 49 17.0 66.0 101450 35 671 0.01 0.0 43.0 46.0 46.0 1 1 1.0 1.0 10/11/2022 15 51 51 45.4724915 9.2273092
6 50 17.0 66.0 101451 17 675 0.01 0.0 43.0 46.0 46.0 0 2 2.0 1.0 10/11/2022 15 52 11 45.4722433 9.2273495
6 51 17.0 66.0 101452 3 615 0.01 0.0 43.0 46.0 46.0 1 3 2.0 3.0 10/11/2022 15 52 35 45.4722192 9.2270145
6 52 17.0 67.0 101454 6 739 0.01 0.0 45.0 48.0 48.0 1 2 2.0 2.0 10/11/2022 15 53 9 45.4723717 9.2272204
6 53 18.0 66.0 101455 19 661 0.01 0.0 44.0 47.0 47.0 1 1 2.0 1.0 10/11/2022 15 53 33 45.4723717 9.22722
6 54 18.0 65.0 101457 49 674 0.01 0.0 47.0 49.0 49.0 1 1 1.0 1.0 10/11/2022 15 54 9 45.4722859 9.2271211
6 55 18.0 64.0 101458 91 676 0.01 0.0 41.0 43.0 43.0 1 2 2.0 2.0 10/11/2022 15 54 21 45.47228 9.2271133
6 56 19.0 64.0 101460 132 687 0.01 0.0 47.0 50.0 50.0 1 2 2.0 2.0 10/11/2022 15 54 45 45.47228 9.2271133
6 57 19.0 63.0 101461 201 688 0.01 0.0 47.0 50.0 50.0 1 2 2.0 2.0 10/11/2022 15 55 9 45.4722333 9.2271683
6 58 19.0 63.0 101463 244 706 0.01 0.0 40.0 43.0 44.0 1 2 2.0 2.0 10/11/2022 15 55 33 45.4722476 9.2271883
6 59 19.0 62.0 101464 189 678 0.01 0.0 48.0 51.0 51.0 1 1 1.0 1.0 10/11/2022 15 55 57 45.4721564 9.2271154
6 60 20.0 62.0 101466 248 665 0.01 0.0 49.0 51.0 51.0 1 2 1.0 2.0 10/11/2022 15 56 25 45.4721974 9.2272021
6 61 20.0 62.0 101467 353 689 0.01 0.0 49.0 54.0 56.0 1 2 2.0 2.0 10/11/2022 15 56 45 45.47229 9.2271084
6 62 20.0 61.0 101469 402 695 0.01 0.0 50.0 54.0 56.0 1 2 2.0 2.0 10/11/2022 15 57 9 45.4723 9.2270967
6 63 20.0 61.0 101470 413 730 0.01 0.0 50.0 54.0 56.0 1 2 2.0 2.0 10/11/2022 15 57 33 45.4721887 9.2273719
6 1 20.0 61.0 101472 501 694 0.01 0.0 45.0 47.0 47.0 1 1 1.0 1.0 10/11/2022 15 58 23 45.4721031 9.2273287
6 2 20.0 61.0 101473 470 663 0.01 0.0 53.0 58.0 60.0 1 2 2.0 2.0 10/11/2022 15 58 35 45.4719409 9.2269639
6 3 20.0 61.0 101474 263 703 0.01 0.0 45.0 48.0 48.0 1 2 2.0 2.0 10/11/2022 15 58 59 45.4719183 9.2272131
6 4 20.0 61.0 101475 220 716 0.01 0.0 30.0 32.0 32.0 1 2 2.0 2.0 10/11/2022 15 59 25 45.4720372 9.227026
6 5 20.0 60.0 101473 244 713 0.01 0.0 24.0 27.0 30.0 1 1 1.0 1.0 10/11/2022 15 59 57 45.472209 9.2269922
6 6 20.0 60.0 101469 355 803 0.01 0.0 24.0 27.0 30.0 1 1 2.0 1.0 10/11/2022 16 0 17 45.4723057 9.2268896
6 7 20.0 61.0 101463 442 884 0.01 0.0 15.0 16.0 18.0 1 2 1.0 2.0 10/11/2022 16 0 33 45.472021 9.2272357
