0.00 22.82 56.83 99393.57 302.67 1135.17 0.00 0.01 10.43 9.65 10.43
1.00 23.72 55.53 99394.87 329.47 1091.75 0.00 0.01 13.75 11.63 13.75
2.00 24.58 54.37 99396.30 319.97 1092.78 0.00 0.01 10.55 9.83 10.55
3.00 24.58 53.50 99398.07 296.37 1098.58 0.00 0.01 9.50 9.50 9.50
4.00 24.58 52.83 99400.30 274.73 1114.58 0.00 0.01 6.67 5.90 6.67
5.00 24.58 52.12 99401.55 229.33 1108.63 0.00 0.01 8.32 8.05 8.32
6.00 25.25 50.52 99402.88 100.40 991.83 0.00 0.01 16.25 15.38 16.25
7.00 24.80 48.63 99412.17 9.52 734.47 0.00 0.01 31.02 29.68 31.02
8.00 23.50 48.77 99429.87 5.14 687.17 0.00 0.01 44.45 42.05 44.45
9.00 22.40 49.85 99444.77 3.60 676.65 0.00 0.01 36.68 34.72 36.68
10.00 21.03 51.15 99454.40 5.53 679.05 0.00 0.01 33.18 31.62 33.18
11.00 20.65 52.30 99466.07 3.98 634.42 0.00 0.01 32.90 31.73 32.90
12.00 19.72 53.90 99477.00 22.25 655.35 0.00 0.01 37.70 37.60 37.70
13.00 18.88 55.85 99486.05 4.20 635.75 0.00 0.01 37.52 37.52 37.52
14.00 18.52 57.52 99494.58 4.80 644.35 0.00 0.01 30.45 30.05 30.45
15.00 17.98 57.93 99499.68 17.12 651.05 0.00 0.01 32.10 31.90 32.10
16.00 19.45 55.90 99507.88 135.95 676.35 0.00 0.01 38.17 37.40 38.17
17.00 20.58 55.07 99513.77 257.87 669.83 0.00 0.01 34.35 34.28 34.35
18.00 20.92 54.10 99519.17 295.70 666.00 0.00 0.01 31.02 30.66 31.02
19.00 21.63 53.10 99523.67 273.52 664.70 0.00 0.01 28.40 28.40 28.40
20.00 21.63 53.10 99527.60 291.42 653.67 0.00 0.01 34.18 34.18 34.18
21.00 21.02 53.10 99531.87 178.13 648.97 0.00 0.01 31.87 31.65 31.87
22.00 19.85 53.90 99534.07 109.27 645.82 0.00 0.01 27.10 26.92 27.10
23.00 19.08 55.80 99537.08 63.70 644.75 0.00 0.01 32.42 32.42 32.42
24.00 18.68 58.37 99538.72 31.33 659.48 0.00 0.01 32.68 31.88 32.68
25.00 17.80 59.90 99540.30 15.07 661.88 0.00 0.01 30.67 29.53 30.67
26.00 17.70 60.97 99541.47 2.33 658.75 0.00 0.01 36.80 36.80 36.80
27.00 18.08 60.58 99541.85 10.45 664.58 0.00 0.01 32.87 32.87 32.87
28.00 18.78 58.48 99542.35 45.65 669.28 0.00 0.01 33.47 33.47 33.47
29.00 19.67 56.13 99542.83 103.22 671.88 0.00 0.01 34.10 32.80 34.10
30.00 19.67 55.07 99542.83 174.62 676.15 0.00 0.01 31.83 30.40 31.83
31.00 20.52 54.62 99542.83 177.42 636.95 0.00 0.01 41.40 41.40 41.40
32.00 20.88 54.08 99542.83 209.85 657.18 0.00 0.01 35.94 35.94 35.94
33.00 20.82 54.50 99542.83 172.00 651.02 0.00 0.01 35.58 35.58 35.58
34.00 19.72 55.30 99543.50 76.70 635.15 0.00 0.01 35.48 34.22 35.48
35.00 18.85 57.02 99544.95 25.40 667.67 0.00 0.01 32.23 30.57 32.23
36.00 18.68 58.05 99545.78 18.93 694.70 0.00 0.01 28.73 28.73 28.73
37.00 18.68 59.00 99545.78 1.68 653.98 0.00 0.01 32.60 32.60 32.60
38.00 18.08 59.97 99545.42 4.63 667.98 0.00 0.01 32.80 32.80 32.80
39.00 17.70 61.48 99544.28 1.47 659.27 0.00 0.01 31.00 30.48 31.00
40.00 17.70 61.25 99543.72 12.22 682.93 0.00 0.01 32.57 31.68 32.57
41.00 18.45 59.87 99542.48 67.25 679.20 0.00 0.01 39.78 39.08 39.78
42.00 19.42 58.27 99541.85 187.02 675.53 0.00 0.01 37.38 36.88 37.38
43.00 19.67 57.77 99541.85 160.92 698.92 0.00 0.01 33.98 33.32 33.98
44.00 19.73 56.63 99541.85 133.32 669.78 0.00 0.01 39.18 38.38 39.18
45.00 20.65 56.10 99541.85 197.23 694.67 0.00 0.01 43.52 41.55 43.52
46.00 20.65 56.67 99542.02 234.57 692.20 0.00 0.01 46.15 44.58 46.15
47.00 20.65 56.05 99543.18 792.23 656.67 0.00 0.01 42.07 40.00 42.07
48.00 20.12 55.65 99543.95 182.23 702.33 0.00 0.01 33.80 33.67 33.80
49.00 19.25 56.48 99545.22 40.34 701.13 0.00 0.01 42.90 41.52 42.90
50.00 18.68 57.42 99545.78 1.95 662.33 0.00 0.01 47.20 46.22 47.20
51.00 18.87 57.03 99546.57 12.92 671.45 0.00 0.01 41.30 40.70 41.30
52.00 19.67 57.03 99546.77 16.02 681.78 0.00 0.01 44.57 44.17 44.57
53.00 19.22 57.48 99546.77 6.67 677.27 0.00 0.01 43.73 43.73 43.73
54.00 18.67 58.60 99488.59 18.13 658.73 0.00 0.01 37.97 37.97 37.97
55.00 17.67 59.87 99358.31 12.97 703.63 0.00 0.01 38.28 38.28 38.28
56.00 18.60 59.48 99545.78 77.06 695.50 0.00 0.01 38.62 38.62 38.62
57.00 19.67 58.02 99546.00 186.22 686.87 0.00 0.01 41.95 40.93 41.95
58.00 20.47 57.58 99546.77 226.35 687.50 0.00 0.01 47.28 45.57 47.28
59.00 20.65 57.03 99547.38 218.70 669.68 0.00 0.01 39.62 38.85 39.62
60.00 20.65 56.23 99547.75 211.77 686.95 0.00 0.01 42.28 42.28 42.28
61.00 20.33 56.05 99548.48 158.03 675.22 0.00 0.01 43.81 43.21 43.81
62.00 19.53 56.52 99549.72 57.30 661.48 0.00 0.01 45.73 44.42 45.73
63.00 18.68 57.80 99550.88 17.10 679.28 0.00 0.01 32.57 31.20 32.57
64.00 18.12 59.57 99552.25 1.64 671.68 0.00 0.01 41.00 40.50 41.00
65.00 17.55 60.00 98709.52 15.80 688.80 0.00 0.01 40.32 38.35 40.32
66.00 17.70 61.70 99553.78 21.53 661.87 0.00 0.01 35.92 35.42 35.92
67.00 17.70 61.95 99555.92 14.10 655.35 0.00 0.01 36.95 36.28 36.95
68.00 17.70 61.95 99558.42 6.20 661.38 0.00 0.01 41.28 41.08 41.28
69.00 18.15 61.50 99560.02 36.70 662.37 0.00 0.01 34.93 34.57 34.93
70.00 18.12 61.53 99562.08 39.30 660.53 0.00 0.01 42.70 40.73 42.70
71.00 17.70 62.90 99563.13 12.67 666.27 0.00 0.01 44.62 43.47 44.62
72.00 17.70 62.67 99565.20 3.96 690.50 0.00 0.01 41.20 40.50 41.20
73.00 17.70 62.07 99567.27 7.88 708.13 0.00 0.01 42.05 42.05 42.05
74.00 17.70 62.23 99568.40 2.25 690.47 0.00 0.01 40.37 40.37 40.37
75.00 17.73 61.69 99147.40 27.65 731.25 0.00 0.01 37.37 36.15 37.37
76.00 18.75 61.48 99572.35 87.48 743.02 0.00 0.01 35.97 35.25 35.97
77.00 19.67 60.32 99575.13 177.83 735.68 0.00 0.01 41.68 39.77 41.68
78.00 20.57 59.48 99576.77 235.50 712.25 0.00 0.01 41.45 40.23 41.45
79.00 20.65 59.00 99577.93 286.98 698.35 0.00 0.01 33.35 33.35 33.35
80.00 20.65 58.53 99578.23 246.93 699.11 0.00 0.01 29.52 29.52 29.52
81.00 20.20 58.02 99577.78 126.02 723.07 0.00 0.01 31.67 31.22 31.67
82.00 19.67 57.18 99577.25 69.89 646.95 0.00 0.01 40.93 40.78 40.93
83.00 19.67 57.03 99576.85 51.15 697.07 0.00 0.01 43.73 43.73 43.73
84.00 19.47 58.03 99577.25 42.45 711.90 0.00 0.01 34.67 34.07 34.67
85.00 18.68 59.00 99578.03 19.97 683.33 0.00 0.01 26.78 26.58 26.78
86.00 17.72 60.20 99578.23 1.00 648.33 0.00 0.01 27.38 26.68 27.38
87.00 17.70 61.37 99578.23 12.00 719.27 0.00 0.01 36.75 36.55 36.75
88.00 18.40 60.27 99578.07 40.23 683.63 0.00 0.01 47.45 46.05 47.45
89.00 18.20 60.47 99577.25 49.20 670.70 0.00 0.01 34.52 34.32 34.52
90.00 18.00 60.97 99577.92 11.80 673.20 0.00 0.01 39.08 38.42 39.08
91.00 18.07 61.25 99578.23 12.32 657.25 0.00 0.01 41.58 40.88 41.58
92.00 16.83 62.82 99579.10 2.78 691.75 0.00 0.01 37.88 37.88 37.88
93.00 16.72 63.72 99579.80 4.30 709.68 0.00 0.01 43.65 42.27 43.65
94.00 16.70 63.84 99460.39 12.20 673.22 0.00 0.01 44.20 41.71 44.20
95.00 16.72 64.32 99582.75 11.95 707.82 0.00 0.01 41.92 41.52 41.92
96.00 17.45 63.82 99583.88 35.85 702.18 0.00 0.01 40.42 40.22 40.42
97.00 18.45 61.48 99585.23 110.52 682.92 0.00 0.01 39.45 38.98 39.45
98.00 19.62 59.45 99587.03 170.75 696.55 0.00 0.01 41.68 41.15 41.68
99.00 19.67 58.28 99588.38 161.42 682.50 0.00 0.01 40.60 40.33 40.60
100.00 19.67 57.15 99589.48 170.22 683.07 0.00 0.01 39.80 39.80 39.80
101.00 19.67 57.08 99590.62 182.33 665.17 0.00 0.01 34.85 34.85 34.85
102.00 0.13 0.38 652.11 1.10 4.56 0.00 0.00 0.18 0.18 0.18
