0.00 302.67 1135.17 0.00 0.01 10.43 9.65 10.43
1.00 329.47 1091.75 0.00 0.01 13.75 11.63 13.75
2.00 319.97 1092.78 0.00 0.01 10.55 9.83 10.55
3.00 296.37 1098.58 0.00 0.01 9.50 9.50 9.50
4.00 274.73 1114.58 0.00 0.01 6.67 5.90 6.67
5.00 229.33 1108.63 0.00 0.01 8.32 8.05 8.32
6.00 100.40 991.83 0.00 0.01 16.25 15.38 16.25
7.00 9.52 734.47 0.00 0.01 31.02 29.68 31.02
8.00 5.14 687.17 0.00 0.01 44.45 42.05 44.45
9.00 3.60 676.65 0.00 0.01 36.68 34.72 36.68
10.00 5.53 679.05 0.00 0.01 33.18 31.62 33.18
11.00 3.98 634.42 0.00 0.01 32.90 31.73 32.90
12.00 22.25 655.35 0.00 0.01 37.70 37.60 37.70
13.00 4.20 635.75 0.00 0.01 37.52 37.52 37.52
14.00 4.80 644.35 0.00 0.01 30.45 30.05 30.45
15.00 17.12 651.05 0.00 0.01 32.10 31.90 32.10
16.00 135.95 676.35 0.00 0.01 38.17 37.40 38.17
17.00 257.87 669.83 0.00 0.01 34.35 34.28 34.35
18.00 295.70 666.00 0.00 0.01 31.02 30.66 31.02
19.00 273.52 664.70 0.00 0.01 28.40 28.40 28.40
20.00 291.42 653.67 0.00 0.01 34.18 34.18 34.18
21.00 178.13 648.97 0.00 0.01 31.87 31.65 31.87
22.00 109.27 645.82 0.00 0.01 27.10 26.92 27.10
23.00 63.70 644.75 0.00 0.01 32.42 32.42 32.42
24.00 31.33 659.48 0.00 0.01 32.68 31.88 32.68
25.00 15.07 661.88 0.00 0.01 30.67 29.53 30.67
26.00 2.33 658.75 0.00 0.01 36.80 36.80 36.80
27.00 10.45 664.58 0.00 0.01 32.87 32.87 32.87
28.00 45.65 669.28 0.00 0.01 33.47 33.47 33.47
29.00 103.22 671.88 0.00 0.01 34.10 32.80 34.10
30.00 174.62 676.15 0.00 0.01 31.83 30.40 31.83
31.00 177.42 636.95 0.00 0.01 41.40 41.40 41.40
32.00 209.85 657.18 0.00 0.01 35.94 35.94 35.94
33.00 172.00 651.02 0.00 0.01 35.58 35.58 35.58
34.00 76.70 635.15 0.00 0.01 35.48 34.22 35.48
35.00 25.40 667.67 0.00 0.01 32.23 30.57 32.23
36.00 18.93 694.70 0.00 0.01 28.73 28.73 28.73
37.00 1.68 653.98 0.00 0.01 32.60 32.60 32.60
38.00 4.63 667.98 0.00 0.01 32.80 32.80 32.80
39.00 1.47 659.27 0.00 0.01 31.00 30.48 31.00
40.00 12.22 682.93 0.00 0.01 32.57 31.68 32.57
41.00 67.25 679.20 0.00 0.01 39.78 39.08 39.78
42.00 187.02 675.53 0.00 0.01 37.38 36.88 37.38
43.00 160.92 698.92 0.00 0.01 33.98 33.32 33.98
44.00 133.32 669.78 0.00 0.01 39.18 38.38 39.18
45.00 197.23 694.67 0.00 0.01 43.52 41.55 43.52
46.00 234.57 692.20 0.00 0.01 46.15 44.58 46.15
47.00 792.23 656.67 0.00 0.01 42.07 40.00 42.07
48.00 182.23 702.33 0.00 0.01 33.80 33.67 33.80
49.00 40.34 701.13 0.00 0.01 42.90 41.52 42.90
50.00 1.95 662.33 0.00 0.01 47.20 46.22 47.20
51.00 12.92 671.45 0.00 0.01 41.30 40.70 41.30
52.00 16.02 681.78 0.00 0.01 44.57 44.17 44.57
53.00 6.67 677.27 0.00 0.01 43.73 43.73 43.73
54.00 18.13 658.73 0.00 0.01 37.97 37.97 37.97
55.00 12.97 703.63 0.00 0.01 38.28 38.28 38.28
56.00 77.06 695.50 0.00 0.01 38.62 38.62 38.62
57.00 186.22 686.87 0.00 0.01 41.95 40.93 41.95
58.00 226.35 687.50 0.00 0.01 47.28 45.57 47.28
59.00 218.70 669.68 0.00 0.01 39.62 38.85 39.62
60.00 211.77 686.95 0.00 0.01 42.28 42.28 42.28
61.00 158.03 675.22 0.00 0.01 43.81 43.21 43.81
62.00 57.30 661.48 0.00 0.01 45.73 44.42 45.73
63.00 17.10 679.28 0.00 0.01 32.57 31.20 32.57
64.00 1.64 671.68 0.00 0.01 41.00 40.50 41.00
65.00 15.80 688.80 0.00 0.01 40.32 38.35 40.32
66.00 21.53 661.87 0.00 0.01 35.92 35.42 35.92
67.00 14.10 655.35 0.00 0.01 36.95 36.28 36.95
68.00 6.20 661.38 0.00 0.01 41.28 41.08 41.28
69.00 36.70 662.37 0.00 0.01 34.93 34.57 34.93
70.00 39.30 660.53 0.00 0.01 42.70 40.73 42.70
71.00 12.67 666.27 0.00 0.01 44.62 43.47 44.62
72.00 3.96 690.50 0.00 0.01 41.20 40.50 41.20
73.00 7.88 708.13 0.00 0.01 42.05 42.05 42.05
74.00 2.25 690.47 0.00 0.01 40.37 40.37 40.37
75.00 27.65 731.25 0.00 0.01 37.37 36.15 37.37
76.00 87.48 743.02 0.00 0.01 35.97 35.25 35.97
77.00 177.83 735.68 0.00 0.01 41.68 39.77 41.68
78.00 235.50 712.25 0.00 0.01 41.45 40.23 41.45
79.00 286.98 698.35 0.00 0.01 33.35 33.35 33.35
80.00 246.93 699.11 0.00 0.01 29.52 29.52 29.52
81.00 126.02 723.07 0.00 0.01 31.67 31.22 31.67
82.00 69.89 646.95 0.00 0.01 40.93 40.78 40.93
83.00 51.15 697.07 0.00 0.01 43.73 43.73 43.73
84.00 42.45 711.90 0.00 0.01 34.67 34.07 34.67
85.00 19.97 683.33 0.00 0.01 26.78 26.58 26.78
86.00 1.00 648.33 0.00 0.01 27.38 26.68 27.38
87.00 12.00 719.27 0.00 0.01 36.75 36.55 36.75
88.00 40.23 683.63 0.00 0.01 47.45 46.05 47.45
89.00 49.20 670.70 0.00 0.01 34.52 34.32 34.52
90.00 11.80 673.20 0.00 0.01 39.08 38.42 39.08
91.00 12.32 657.25 0.00 0.01 41.58 40.88 41.58
92.00 2.78 691.75 0.00 0.01 37.88 37.88 37.88
93.00 4.30 709.68 0.00 0.01 43.65 42.27 43.65
94.00 12.20 673.22 0.00 0.01 44.20 41.71 44.20
95.00 11.95 707.82 0.00 0.01 41.92 41.52 41.92
96.00 35.85 702.18 0.00 0.01 40.42 40.22 40.42
97.00 110.52 682.92 0.00 0.01 39.45 38.98 39.45
98.00 170.75 696.55 0.00 0.01 41.68 41.15 41.68
99.00 161.42 682.50 0.00 0.01 40.60 40.33 40.60
100.00 170.22 683.07 0.00 0.01 39.80 39.80 39.80
101.00 182.33 665.17 0.00 0.01 34.85 34.85 34.85
102.00 1.10 4.56 0.00 0.00 0.18 0.18 0.18
