36.40
10.53
37.50
37.50
37.50
18.75
18.75
40.00
40.00
18.47
37.50
40.00
40.00
20.00
20.00
31.58
36.40
37.50
33.33
28.57
28.57
31.58
31.58
37.50
37.50
37.50
37.50
37.50
37.50
37.50
35.29
10.17
37.50
35.29
28.57
35.29
26.09
17.14
11.32
20.00
18.75
20.00
11.11
11.54
11.11
11.11
20.00
20.00
19.35
20.00
11.11
37.50
40.00
37.50
20.00
20.00
18.18
35.29
20.00
20.00
18.18
19.35
10.91
20.00
15.00
8.82
37.50
20.00
19.35
20.00
20.00
19.35
20.00
17.65
18.18
19.35
10.00
11.11
17.14
35.29
10.91
4.41
30.00
30.00
15.38
28.57
33.33
19.35
17.14
19.35
10.71
11.32
37.50
37.50
37.50
20.00
18.18
19.35
17.65
7.89
9.09
18.18
17.65
17.65
