0.0 97.7
1.0 87.4
2.0 79.1
3.0 78.0
4.0 81.0
5.0 88.4
6.0 93.0
7.0 103.1
8.0 102.3
9.0 115.1
10.0 118.2
11.0 112.6
12.0 115.6
13.0 126.3
14.0 127.0
15.0 125.3
16.0 114.8
17.0 96.2
18.0 98.5
19.0 101.3
20.0 98.5
21.0 89.2
22.0 80.0
23.0 79.2
24.0 77.8
25.0 76.9
26.0 77.0
27.0 76.4
28.0 85.5
29.0 94.3
30.0 84.8
31.0 90.0
32.0 88.8
33.0 92.3
34.0 82.0
35.0 78.6
36.0 79.2
37.0 80.0
38.0 83.3
39.0 83.7
40.0 89.0
41.0 91.1
42.0 86.4
43.0 84.0
44.0 83.5
45.0 86.8
46.0 88.7
47.0 85.2
48.0 78.7
49.0 78.5
50.0 86.7
51.0 93.0
52.0 92.3
53.0 93.2
54.0 104.3
55.0 103.5
56.0 92.6
57.0 99.4
58.0 92.2
59.0 85.1
60.0 88.1
61.0 91.8
62.0 79.4
63.0 82.8
64.0 76.7
65.0 89.6
66.0 103.0
67.0 93.4
68.0 100.9
69.0 98.7
70.0 99.9
71.0 91.0
72.0 86.7
73.0 85.5
74.0 90.0
75.0 84.4
76.0 85.1
77.0 81.8
78.0 81.8
79.0 85.3
80.0 91.8
81.0 100.3
82.0 98.3
83.0 95.5
84.0 96.6
85.0 102.0
86.0 106.3
87.0 105.9
88.0 103.3
89.0 99.6
90.0 96.2
91.0 91.4
92.0 91.2
93.0 98.5
94.0 104.2
95.0 100.0
96.0 84.1
97.0 81.1
98.0 84.2
99.0 86.4
100.0 82.6
101.0 83.1
102.0 90.7
103.0 0.1
