6 12 23.0 58.0 101078 380 1190 0.01 0.0 7.0 9.0 10.0 1 1 1.0 1.0 10/11/2022 10 8 35 45.4721143 9.2273341
6 13 23.0 58.0 101078 279 1165 0.01 0.0 10.0 11.0 12.0 1 2 2.0 2.0 10/11/2022 10 8 47 45.4721243 9.2273231
6 14 24.0 57.0 101079 328 1090 0.01 0.0 7.0 7.0 7.0 1 1 1.0 1.0 10/11/2022 10 9 23 45.4719827 9.227387
6 15 24.0 57.0 101079 333 1104 0.01 0.0 9.0 10.0 11.0 1 2 2.0 2.0 10/11/2022 10 9 39 45.4720401 9.2273266
6 16 24.0 56.0 101080 338 1115 0.01 0.0 12.0 15.0 19.0 1 2 2.0 2.0 10/11/2022 10 10 3 45.471941 9.2274333
6 17 25.0 56.0 101080 336 1127 0.01 0.0 9.0 10.0 11.0 1 2 2.0 2.0 10/11/2022 10 10 27 45.4719279 9.2273679
6 18 25.0 55.0 101081 323 1100 0.01 0.0 9.0 10.0 11.0 1 1 1.0 1.0 10/11/2022 10 10 51 45.471973 9.2273
6 19 25.0 55.0 101082 318 1113 0.01 0.0 10.0 10.0 10.0 1 1 2.0 1.0 10/11/2022 10 11 17 45.4720461 9.2272823
6 20 25.0 55.0 101082 310 1095 0.01 0.0 10.0 10.0 10.0 1 2 2.0 2.0 10/11/2022 10 11 33 45.4720123 9.2273073
6 21 25.0 54.0 101083 298 1134 0.01 0.0 10.0 11.0 11.0 1 2 2.0 2.0 10/11/2022 10 11 57 45.4720058 9.2273351
6 22 25.0 54.0 101084 290 1129 0.01 0.0 5.0 6.0 6.0 1 2 2.0 2.0 10/11/2022 10 12 21 45.4719242 9.2272641
6 23 25.0 54.0 101085 283 1125 0.01 0.0 5.0 6.0 7.0 1 1 1.0 1.0 10/11/2022 10 12 45 45.4719781 9.2272243
6 24 25.0 53.0 101086 264 1153 0.01 0.0 5.0 6.0 7.0 1 3 2.0 3.0 10/11/2022 10 13 15 45.471915 9.2272196
6 25 25.0 53.0 101086 239 1102 0.01 0.0 8.0 9.0 9.0 1 2 2.0 2.0 10/11/2022 10 13 47 45.4719715 9.2272891
6 26 25.0 53.0 101087 200 1138 0.01 0.0 8.0 9.0 9.0 1 2 2.0 2.0 10/11/2022 10 14 11 45.4721059 9.2271081
6 27 26.0 52.0 101087 136 1064 0.01 0.0 12.0 13.0 13.0 1 1 1.0 1.0 10/11/2022 10 14 49 45.4720741 9.2270858
6 28 26.0 50.0 101088 23 906 0.01 0.0 17.0 20.0 22.0 1 2 2.0 2.0 10/11/2022 10 15 1 45.4723548 9.2272008
6 29 26.0 50.0 101091 10 844 0.01 0.0 26.0 29.0 30.0 1 2 2.0 2.0 10/11/2022 10 15 25 45.4723466 9.2273754
6 30 25.0 49.0 101099 0 693 0.01 0.0 26.0 29.0 30.0 2 2 2.0 2.0 10/11/2022 10 15 49 45.4726009 9.2275668
6 31 24.0 50.0 101106 0 716 0.01 0.0 35.0 39.0 43.0 1 1 1.0 1.0 10/11/2022 10 16 21 45.4727165 9.2279056
6 32 24.0 50.0 101113 0 710 0.01 0.0 42.0 45.0 47.0 1 1 2.0 1.0 10/11/2022 10 16 41 45.4727514 9.2281532
6 33 24.0 49.0 101119 0 683 0.01 0.0 42.0 45.0 47.0 2 2 2.0 2.0 10/11/2022 10 16 57 45.4727617 9.2285761
6 34 23.0 50.0 101125 6 695 0.01 0.0 32.0 36.0 38.0 1 2 2.0 2.0 10/11/2022 10 17 21 45.4727565 9.2289846
6 35 23.0 51.0 101131 2 687 0.01 0.0 33.0 35.0 37.0 1 2 1.0 2.0 10/11/2022 10 17 45 45.4727164 9.2295424
6 36 22.0 51.0 101136 4 681 0.01 0.0 33.0 35.0 37.0 1 3 3.0 3.0 10/11/2022 10 18 13 45.4724081 9.230025
6 37 21.0 53.0 101141 5 705 0.01 0.0 27.0 29.0 30.0 1 2 2.0 1.0 10/11/2022 10 18 49 45.4724716 9.2303051
6 38 21.0 52.0 101146 10 680 0.01 0.0 30.0 33.0 35.0 1 2 2.0 2.0 10/11/2022 10 19 13 45.4727144 9.2307709
6 39 21.0 53.0 101151 4 649 0.01 0.0 34.0 36.0 36.0 1 1 2.0 1.0 10/11/2022 10 19 37 45.472829 9.2312095
6 40 21.0 54.0 101156 1 623 0.01 0.0 25.0 28.0 30.0 1 1 1.0 1.0 10/11/2022 10 20 1 45.472819 9.2316238
6 41 20.0 54.0 101160 6 645 0.01 0.0 39.0 42.0 42.0 1 2 1.0 2.0 10/11/2022 10 20 27 45.472812 9.2320242
6 42 20.0 55.0 101164 45 654 0.01 0.0 39.0 42.0 42.0 1 2 2.0 2.0 10/11/2022 10 20 47 45.4727099 9.2324652
6 43 20.0 56.0 101168 11 738 0.01 0.0 26.0 27.0 27.0 1 2 2.0 2.0 10/11/2022 10 21 11 45.4727344 9.2328582
6 44 19.0 57.0 101172 3 591 0.01 0.0 39.0 41.0 41.0 1 1 2.0 1.0 10/11/2022 10 21 35 45.4727858 9.2332987
6 45 19.0 57.0 101175 2 663 0.01 0.0 38.0 41.0 41.0 1 2 2.0 2.0 10/11/2022 10 22 1 45.4728239 9.2337219
6 46 19.0 58.0 101179 3 632 0.01 0.0 27.0 30.0 31.0 1 2 2.0 2.0 10/11/2022 10 22 25 45.4727685 9.2340942
6 47 19.0 59.0 101182 5 677 0.01 0.0 28.0 30.0 30.0 1 2 1.0 2.0 10/11/2022 10 22 49 45.4727758 9.2343629
6 48 18.0 59.0 101185 10 661 0.01 0.0 28.0 30.0 30.0 1 3 3.0 3.0 10/11/2022 10 23 11 45.4728067 9.2345317
6 49 19.0 59.0 101188 11 653 0.01 0.0 34.0 37.0 38.0 1 1 1.0 1.0 10/11/2022 10 24 3 45.4728067 9.2345317
6 50 19.0 58.0 101191 95 693 0.01 0.0 40.0 42.0 42.0 1 1 2.0 1.0 10/11/2022 10 24 15 45.4728067 9.2345317
6 51 20.0 57.0 101194 139 683 0.01 0.0 33.0 35.0 36.0 1 2 2.0 2.0 10/11/2022 10 24 33 45.4728067 9.2345317
6 52 20.0 56.0 101197 163 690 0.01 0.0 36.0 39.0 40.0 1 2 1.0 2.0 10/11/2022 10 24 57 45.47271 9.2346083
6 53 21.0 56.0 101199 230 658 0.01 0.0 32.0 34.0 34.0 1 2 1.0 2.0 10/11/2022 10 25 23 45.47271 9.2346083
6 54 21.0 56.0 101202 300 698 0.01 0.0 33.0 35.0 35.0 1 1 1.0 1.0 10/11/2022 10 25 47 45.47271 9.2346083
6 55 21.0 56.0 101204 347 669 0.01 0.0 31.0 35.0 36.0 1 1 1.0 1.0 10/11/2022 10 26 19 45.47271 9.2346083
6 56 21.0 55.0 101206 309 667 0.01 0.0 28.0 29.0 29.0 1 2 1.0 2.0 10/11/2022 10 26 35 45.47271 9.2346083
6 58 22.0 54.0 101208 241 701 0.01 0.0 0.0 0.0 0.0 0 2 2.0 0.0 10/11/2022 10 27 1 45.4728066 9.234555
6 58 22.0 54.0 101210 302 669 0.01 0.0 27.0 29.0 29.0 1 1 2.0 2.0 10/11/2022 10 27 29 45.4728067 9.234555
6 59 22.0 54.0 101212 277 670 0.01 0.0 27.0 29.0 29.0 1 2 2.0 2.0 10/11/2022 10 27 49 45.4728067 9.234555
6 60 22.0 54.0 101214 271 682 0.01 0.0 27.0 29.0 29.0 1 1 1.0 2.0 10/11/2022 10 28 29 45.4727871 9.2346098
6 61 22.0 54.0 101216 333 646 0.01 0.0 41.0 43.0 43.0 1 2 2.0 2.0 10/11/2022 10 28 49 45.4729369 9.2347266
6 62 22.0 54.0 101218 236 683 0.01 0.0 29.0 31.0 31.0 1 2 2.0 2.0 10/11/2022 10 29 13 45.4732354 9.2347414
6 63 21.0 54.0 101219 164 615 0.01 0.0 33.0 35.0 35.0 2 2 2.0 1.0 10/11/2022 10 29 37 45.4734626 9.2344714
6 1 21.0 54.0 101220 120 704 0.01 0.0 27.0 29.0 30.0 1 2 2.0 2.0 10/11/2022 10 30 1 45.4736473 9.2344784
6 2 20.0 55.0 101221 109 646 0.01 0.0 26.0 27.0 27.0 1 1 2.0 1.0 10/11/2022 10 30 25 45.474033 9.234487
6 4 20.0 55.0 101222 0 0 0 0.0 26.0 27.0 27.0 1 1 0.0 1.0 10/11/2022 10 30 57 45.474292 9.2344847
6 4 20.0 56.0 101224 76 684 0.01 0.0 28.0 30.0 30.0 2 2 2.0 2.0 10/11/2022 10 31 13 45.4745712 9.2345187
6 5 19.0 57.0 101224 63 645 0.01 0.0 33.0 35.0 35.0 1 2 2.0 2.0 10/11/2022 10 31 37 45.4748448 9.2344938
6 6 19.0 58.0 101225 40 611 0.01 0.0 33.0 35.0 35.0 1 2 2.0 2.0 10/11/2022 10 32 3 45.4752024 9.2344775
6 7 19.0 60.0 101226 29 704 0.01 0.0 28.0 31.0 32.0 1 1 1.0 1.0 10/11/2022 10 32 31 45.4755323 9.2345163
6 8 19.0 60.0 101227 24 679 0.01 0.0 29.0 32.0 34.0 1 1 1.0 1.0 10/11/2022 10 33 3 45.4756967 9.2345063
6 9 18.0 61.0 101227 15 683 0.01 0.0 29.0 32.0 34.0 1 2 3.0 2.0 10/11/2022 10 33 17 45.4759243 9.2347619
6 10 18.0 61.0 101228 14 662 0.01 0.0 26.0 27.0 27.0 2 2 2.0 2.0 10/11/2022 10 33 45 45.4759488 9.2351097
6 11 18.0 62.0 101228 4 627 0.01 0.0 34.0 36.0 36.0 1 1 1.0 1.0 10/11/2022 10 34 9 45.4758907 9.2354502
6 12 18.0 62.0 101229 1 713 0.01 0.0 36.0 38.0 38.0 1 2 2.0 2.0 10/11/2022 10 34 33 45.4758416 9.2358132
6 13 18.0 62.0 101229 2 666 0.01 0.0 37.0 39.0 39.0 1 2 2.0 2.0 10/11/2022 10 34 57 45.4756663 9.2359707
6 14 18.0 62.0 101229 5 672 0.01 0.0 30.0 32.0 32.0 1 2 2.0 2.0 10/11/2022 10 35 21 45.4756467 9.2359753
6 15 19.0 61.0 101229 21 685 0.01 0.0 30.0 32.0 32.0 1 1 1.0 1.0 10/11/2022 10 35 45 45.4756467 9.235975
6 16 19.0 60.0 101229 47 697 0.01 0.0 30.0 32.0 32.0 1 2 1.0 2.0 10/11/2022 10 36 13 45.4756467 9.235975
6 17 19.0 59.0 101230 51 660 0.01 0.0 34.0 36.0 36.0 1 2 2.0 2.0 10/11/2022 10 36 37 45.4756467 9.235975
6 18 20.0 58.0 101230 47 694 0.01 0.0 34.0 36.0 36.0 1 2 2.0 2.0 10/11/2022 10 37 1 45.4756467 9.235975
6 19 20.0 57.0 101230 122 677 0.01 0.0 29.0 32.0 34.0 1 2 2.0 2.0 10/11/2022 10 37 27 45.4756467 9.235975
6 20 20.0 56.0 101230 155 679 0.01 0.0 29.0 32.0 34.0 1 1 2.0 1.0 10/11/2022 10 37 51 45.4756467 9.235975
6 21 20.0 56.0 101230 185 705 0.01 0.0 29.0 32.0 34.0 1 2 1.0 2.0 10/11/2022 10 38 27 45.4756467 9.235975
6 22 20.0 56.0 101230 197 675 0.01 0.0 26.0 28.0 28.0 1 2 2.0 2.0 10/11/2022 10 38 49 45.4756467 9.235975
6 23 21.0 56.0 101230 184 646 0.01 0.0 44.0 46.0 46.0 1 2 2.0 2.0 10/11/2022 10 39 13 45.4756467 9.235975
6 24 21.0 55.0 101230 171 639 0.01 0.0 41.0 43.0 43.0 1 1 2.0 1.0 10/11/2022 10 39 37 45.4756467 9.235975
6 26 21.0 55.0 101230 183 659 0.01 0.0 0.0 0.0 0.0 0 1 1.0 0.0 10/11/2022 10 40 1 45.4756467 9.235975
6 26 21.0 55.0 101230 230 669 0.01 0.0 35.0 37.0 37.0 1 2 1.0 1.0 10/11/2022 10 40 29 45.4757198 9.2359724
6 27 22.0 55.0 101230 244 684 0.01 0.0 35.0 37.0 37.0 1 2 2.0 2.0 10/11/2022 10 40 49 45.4758907 9.2357906
6 28 21.0 55.0 101230 195 679 0.01 0.0 33.0 35.0 35.0 1 2 2.0 2.0 10/11/2022 10 41 13 45.4759505 9.2353642
6 29 21.0 56.0 101230 128 637 0.01 0.0 35.0 37.0 37.0 1 2 2.0 1.0 10/11/2022 10 41 37 45.4760058 9.2349296
6 30 20.0 56.0 101230 92 630 0.01 0.0 35.0 37.0 37.0 1 1 1.0 1.0 10/11/2022 10 42 5 45.4759695 9.234485
6 31 20.0 56.0 101231 69 675 0.01 0.0 28.0 32.0 36.0 1 1 1.0 1.0 10/11/2022 10 42 35 45.4760513 9.234457
6 32 20.0 57.0 101232 45 657 0.01 0.0 29.0 32.0 34.0 1 2 2.0 2.0 10/11/2022 10 42 47 45.4763334 9.2344874
6 33 19.0 58.0 101232 21 673 0.01 0.0 29.0 32.0 34.0 1 3 3.0 3.0 10/11/2022 10 43 11 45.4768026 9.2344242
6 34 19.0 59.0 101233 26 730 0.01 0.0 24.0 26.0 26.0 2 1 2.0 2.0 10/11/2022 10 43 51 45.4773927 9.2344777
6 36 19.0 59.0 101233 2 651 0.01 0.0 34.0 37.0 37.0 1 1 2.0 1.0 10/11/2022 10 44 41 45.4775492 9.2344638
6 37 19.0 60.0 101233 0 668 0.01 0.0 32.0 33.0 33.0 1 2 2.0 2.0 10/11/2022 10 44 57 45.4778634 9.2344412
6 38 19.0 60.0 101233 1 666 0.01 0.0 31.0 33.0 33.0 1 2 2.0 2.0 10/11/2022 10 45 21 45.478193 9.2344327
6 39 19.0 60.0 101233 4 655 0.01 0.0 33.0 34.0 34.0 2 1 1.0 2.0 10/11/2022 10 45 49 45.4786432 9.2344463
6 40 18.0 61.0 101233 6 726 0.01 0.0 34.0 36.0 36.0 1 1 1.0 1.0 10/11/2022 10 46 21 45.4788168 9.2344474
6 41 18.0 62.0 101232 0 675 0.01 0.0 29.0 31.0 31.0 1 2 2.0 2.0 10/11/2022 10 46 35 45.4790909 9.2344395
6 42 18.0 62.0 101232 1 681 0.01 0.0 30.0 31.0 31.0 1 2 2.0 2.0 10/11/2022 10 46 59 45.4794648 9.2344555
6 43 18.0 63.0 101231 1 657 0.01 0.0 29.0 31.0 32.0 1 2 2.0 2.0 10/11/2022 10 47 25 45.4797134 9.2344729
6 44 18.0 63.0 101231 5 676 0.01 0.0 29.0 31.0 32.0 1 1 1.0 1.0 10/11/2022 10 47 49 45.480015 9.2344576
6 45 18.0 62.0 101231 14 703 0.01 0.0 29.0 31.0 32.0 1 3 3.0 3.0 10/11/2022 10 48 13 45.4802377 9.2344467
6 46 18.0 62.0 101230 24 696 0.01 0.0 41.0 43.0 43.0 1 1 2.0 1.0 10/11/2022 10 48 49 45.4802352 9.2344467
6 47 19.0 61.0 101230 43 697 0.01 0.0 33.0 35.0 35.0 1 2 1.0 2.0 10/11/2022 10 49 9 45.480325 9.2343883
6 48 19.0 60.0 101229 127 680 0.01 0.0 40.0 43.0 45.0 1 2 2.0 2.0 10/11/2022 10 49 33 45.480325 9.2343883
6 49 20.0 59.0 101229 199 693 0.01 0.0 33.0 35.0 35.0 1 1 1.0 1.0 10/11/2022 10 50 9 45.480325 9.2343883
6 50 20.0 59.0 101229 223 681 0.01 0.0 34.0 36.0 36.0 1 2 2.0 2.0 10/11/2022 10 50 25 45.480325 9.2343883
6 51 20.0 59.0 101229 195 725 0.01 0.0 34.0 36.0 36.0 1 2 2.0 2.0 10/11/2022 10 50 49 45.480325 9.2343883
6 52 20.0 59.0 101229 152 710 0.01 0.0 25.0 29.0 31.0 1 1 2.0 2.0 10/11/2022 10 51 17 45.480325 9.2343883
6 53 20.0 58.0 101229 129 689 0.01 0.0 35.0 37.0 37.0 1 2 2.0 2.0 10/11/2022 10 51 37 45.4802613 9.2343717
6 54 20.0 58.0 101229 127 677 0.01 0.0 35.0 37.0 37.0 1 1 1.0 1.0 10/11/2022 10 52 9 45.4802333 9.2343667
6 55 20.0 57.0 101229 141 676 0.01 0.0 38.0 42.0 44.0 1 2 1.0 2.0 10/11/2022 10 52 27 45.4803102 9.2344611
6 56 21.0 57.0 101229 175 692 0.01 0.0 39.0 42.0 44.0 1 2 2.0 2.0 10/11/2022 10 52 47 45.4803167 9.2344667
6 57 21.0 57.0 101229 212 714 0.01 0.0 39.0 42.0 44.0 1 3 3.0 3.0 10/11/2022 10 53 11 45.4803167 9.2344667
6 58 21.0 58.0 101229 234 712 0.01 0.0 43.0 47.0 49.0 1 2 2.0 2.0 10/11/2022 10 53 47 45.480298 9.2344924
6 59 21.0 57.0 101229 263 694 0.01 0.0 40.0 43.0 43.0 1 1 1.0 1.0 10/11/2022 10 54 27 45.4802967 9.2344933
6 60 21.0 57.0 101230 226 686 0.01 0.0 39.0 42.0 44.0 1 2 2.0 2.0 10/11/2022 10 54 39 45.4802967 9.2344933
6 61 21.0 57.0 101230 1294 678 0.01 0.0 39.0 44.0 48.0 1 2 2.0 2.0 10/11/2022 10 55 3 45.4804962 9.2344814
6 62 21.0 57.0 101231 634 644 0.01 0.0 34.0 36.0 36.0 1 2 2.0 2.0 10/11/2022 10 55 27 45.480773 9.2344188
6 63 21.0 56.0 101231 229 701 0.01 0.0 35.0 37.0 37.0 2 2 2.0 2.0 10/11/2022 10 55 51 45.4810093 9.2344685
6 1 20.0 57.0 101231 125 735 0.01 0.0 28.0 30.0 30.0 1 1 1.0 1.0 10/11/2022 10 56 15 45.4812544 9.2344408
6 2 20.0 57.0 101232 67 718 0.01 0.0 35.0 38.0 39.0 1 2 2.0 2.0 10/11/2022 10 56 39 45.4815641 9.2343996
6 3 20.0 57.0 101232 54 708 0.01 0.0 35.0 38.0 39.0 1 1 2.0 1.0 10/11/2022 10 57 3 45.481766 9.2343099
6 4 19.0 58.0 101233 14 715 0.01 0.0 43.0 48.0 50.0 1 2 2.0 2.0 10/11/2022 10 57 21 45.4820098 9.2343172
6 5 19.0 59.0 101233 0 676 0.01 0.0 43.0 47.0 48.0 1 2 2.0 2.0 10/11/2022 10 57 45 45.4823111 9.2342435
6 6 19.0 58.0 101233 2 672 0.01 0.0 43.0 47.0 48.0 1 3 3.0 3.0 10/11/2022 10 58 9 45.4828797 9.2343588
6 7 19.0 58.0 101234 19 669 0.01 0.0 36.0 38.0 38.0 1 1 1.0 1.0 10/11/2022 10 58 57 45.4830304 9.2342271
6 8 19.0 58.0 101234 14 685 0.01 0.0 36.0 40.0 41.0 1 2 2.0 2.0 10/11/2022 10 59 9 45.4832964 9.2341643
6 9 20.0 58.0 101234 17 705 0.01 0.0 40.0 42.0 42.0 1 2 2.0 2.0 10/11/2022 10 59 33 45.4836286 9.234176
6 10 20.0 58.0 101234 18 691 0.01 0.0 37.0 40.0 41.0 1 2 2.0 2.0 10/11/2022 10 59 57 45.4838778 9.2344548
6 11 20.0 58.0 101234 14 689 0.01 0.0 49.0 52.0 52.0 1 2 1.0 2.0 10/11/2022 11 0 21 45.4841021 9.2349169
6 12 20.0 58.0 101234 3 729 0.01 0.0 48.0 51.0 51.0 1 1 1.0 1.0 10/11/2022 11 0 57 45.4842398 9.2351385
6 13 19.0 59.0 101234 5 659 0.01 0.0 34.0 36.0 36.0 1 2 2.0 2.0 10/11/2022 11 1 15 45.4843403 9.235552
6 14 19.0 59.0 101234 10 684 0.01 0.0 36.0 38.0 38.0 1 2 2.0 2.0 10/11/2022 11 1 39 45.4842826 9.2358867
6 15 19.0 60.0 101234 22 660 0.01 0.0 36.0 39.0 39.0 1 2 2.0 2.0 10/11/2022 11 2 3 45.4845152 9.2362132
6 17 0 0 0 43 700 0.01 0.0 0.0 0.0 0.0 0 0 1.0 0.0 10/11/2022 11 2 39 45.4846916 9.2361291
6 17 18.0 61.0 101233 6 731 0.01 0.0 37.0 39.0 39.0 1 2 1.0 2.0 10/11/2022 11 2 47 45.4848373 9.2361482
6 18 18.0 61.0 101233 0 706 0.01 0.0 37.0 39.0 39.0 1 3 3.0 3.0 10/11/2022 11 3 11 45.484835 9.2361483
6 19 19.0 61.0 101233 37 697 0.01 0.0 31.0 33.0 33.0 1 2 2.0 2.0 10/11/2022 11 3 47 45.484835 9.2361483
6 20 19.0 60.0 101233 110 718 0.01 0.0 42.0 45.0 45.0 1 1 1.0 1.0 10/11/2022 11 4 11 45.484835 9.2361483
6 21 20.0 59.0 101233 168 696 0.01 0.0 38.0 41.0 41.0 1 2 2.0 2.0 10/11/2022 11 4 37 45.484835 9.2361483
6 22 20.0 59.0 101233 194 700 0.01 0.0 38.0 42.0 44.0 1 1 2.0 2.0 10/11/2022 11 5 1 45.484835 9.2361483
6 23 20.0 59.0 101234 217 700 0.01 0.0 38.0 42.0 43.0 1 2 2.0 2.0 10/11/2022 11 5 25 45.484835 9.2361483
6 24 21.0 58.0 101234 241 703 0.01 0.0 38.0 42.0 43.0 1 1 2.0 1.0 10/11/2022 11 5 49 45.484835 9.2361483
6 25 21.0 59.0 101234 227 696 0.01 0.0 49.0 54.0 57.0 1 1 1.0 1.0 10/11/2022 11 6 13 45.4848383 9.2361683
6 26 21.0 58.0 101234 208 683 0.01 0.0 35.0 38.0 39.0 1 1 2.0 1.0 10/11/2022 11 6 35 45.4848383 9.2361683
6 27 21.0 58.0 101235 225 676 0.01 0.0 36.0 39.0 40.0 1 2 2.0 2.0 10/11/2022 11 6 59 45.4848383 9.2361683
6 28 21.0 58.0 101235 242 687 0.01 0.0 41.0 43.0 43.0 1 2 2.0 2.0 10/11/2022 11 7 23 45.4848383 9.2361683
6 29 21.0 57.0 101235 214 706 0.01 0.0 41.0 43.0 43.0 1 2 1.0 2.0 10/11/2022 11 7 47 45.4848383 9.2361683
6 30 21.0 57.0 101235 195 687 0.01 0.0 41.0 43.0 43.0 1 2 2.0 2.0 10/11/2022 11 8 23 45.4848023 9.2357596
6 31 21.0 57.0 101236 184 734 0.01 0.0 41.0 45.0 46.0 1 2 2.0 2.0 10/11/2022 11 8 51 45.4846984 9.2356913
6 33 20.0 57.0 101236 104 623 0.01 0.0 0.0 0.0 0.0 0 1 1.0 0.0 10/11/2022 11 9 15 45.4846269 9.2355398
6 33 20.0 57.0 101237 74 691 0.01 0.0 43.0 47.0 48.0 1 2 2.0 2.0 10/11/2022 11 9 33 45.4844615 9.2349972
6 34 20.0 58.0 101237 46 641 0.01 0.0 43.0 46.0 48.0 1 1 1.0 1.0 10/11/2022 11 10 5 45.4843764 9.2347306
6 35 19.0 58.0 101237 28 681 0.01 0.0 33.0 36.0 37.0 1 1 2.0 2.0 10/11/2022 11 10 25 45.4841145 9.2345146
6 36 19.0 58.0 101238 23 707 0.01 0.0 34.0 37.0 38.0 2 2 2.0 2.0 10/11/2022 11 10 45 45.4837711 9.2343517
6 37 19.0 60.0 101239 6 679 0.01 0.0 22.0 24.0 26.0 1 2 2.0 2.0 10/11/2022 11 11 9 45.48349 9.2342735
6 38 19.0 60.0 101239 1 696 0.01 0.0 39.0 41.0 42.0 1 2 1.0 1.0 10/11/2022 11 11 33 45.4831436 9.2342418
6 40 18.0 61.0 101240 0 0 0 0.0 39.0 42.0 42.0 1 2 0.0 1.0 10/11/2022 11 11 57 45.4827179 9.2342735
6 40 18.0 61.0 101240 8 712 0.01 0.0 35.0 39.0 41.0 1 1 2.0 1.0 10/11/2022 11 12 29 45.4824844 9.2342823
6 42 0 0 0 15 678 0.01 0.0 36.0 39.0 41.0 1 0 2.0 2.0 10/11/2022 11 12 49 45.482251 9.234254
6 42 18.0 62.0 101241 24 712 0.01 0.0 36.0 39.0 41.0 1 2 1.0 2.0 10/11/2022 11 13 9 45.4817871 9.2342716
6 43 18.0 63.0 101241 21 676 0.01 0.0 33.0 35.0 35.0 1 2 1.0 2.0 10/11/2022 11 13 45 45.4813333 9.2343434
6 44 18.0 63.0 101242 22 587 0.01 0.0 33.0 35.0 35.0 1 1 2.0 1.0 10/11/2022 11 14 21 45.4809937 9.2342623
6 45 18.0 63.0 101243 12 708 0.01 0.0 35.0 37.0 39.0 1 2 1.0 2.0 10/11/2022 11 14 41 45.4809036 9.234324
6 46 18.0 63.0 101244 14 679 0.01 0.0 35.0 37.0 37.0 1 1 2.0 2.0 10/11/2022 11 15 1 45.480666 9.234285
6 47 18.0 63.0 101245 2 607 0.01 0.0 41.0 43.0 43.0 2 2 2.0 2.0 10/11/2022 11 15 25 45.480549 9.2342579
6 48 18.0 63.0 101246 3 718 0.01 0.0 41.0 43.0 43.0 1 2 2.0 2.0 10/11/2022 11 15 49 45.4804764 9.2341976
6 49 18.0 63.0 101247 21 689 0.01 0.0 35.0 37.0 38.0 1 1 1.0 1.0 10/11/2022 11 16 15 45.4803029 9.2341304
6 50 18.0 63.0 101247 43 677 0.01 0.0 32.0 34.0 34.0 1 1 1.0 1.0 10/11/2022 11 16 47 45.4801518 9.2341762
6 51 19.0 62.0 101248 47 659 0.01 0.0 32.0 34.0 34.0 1 2 2.0 2.0 10/11/2022 11 16 59 45.4798277 9.2342079
6 52 19.0 62.0 101249 44 704 0.01 0.0 37.0 42.0 44.0 1 2 2.0 2.0 10/11/2022 11 17 25 45.4795124 9.234209
6 53 18.0 63.0 101250 37 648 0.01 0.0 38.0 41.0 43.0 1 2 1.0 2.0 10/11/2022 11 17 51 45.4790411 9.2341473
6 54 18.0 64.0 101250 21 712 0.01 0.0 38.0 41.0 43.0 1 1 1.0 1.0 10/11/2022 11 18 27 45.4787212 9.2342279
6 55 18.0 64.0 101251 4 624 0.01 0.0 47.0 50.0 50.0 2 2 1.0 2.0 10/11/2022 11 18 55 45.4786143 9.2340053
6 56 18.0 64.0 101252 2 696 0.01 0.0 39.0 42.0 43.0 1 2 2.0 2.0 10/11/2022 11 19 15 45.4785955 9.2333107
6 58 18.0 64.0 101253 0 0 0 0.0 38.0 40.0 40.0 1 1 0.0 1.0 10/11/2022 11 19 55 45.4785606 9.2330909
6 59 18.0 63.0 101254 8 723 0.01 0.0 0.0 0.0 0.0 0 1 1.0 0.0 10/11/2022 11 20 7 45.4786332 9.2325238
6 59 18.0 63.0 101255 9 749 0.01 0.0 39.0 41.0 41.0 1 1 1.0 1.0 10/11/2022 11 20 39 45.4786349 9.2323193
6 60 18.0 63.0 101255 9 705 0.01 0.0 39.0 42.0 42.0 1 2 2.0 2.0 10/11/2022 11 20 51 45.4786377 9.2319229
6 61 18.0 64.0 101256 3 716 0.01 0.0 48.0 50.0 50.0 1 2 2.0 2.0 10/11/2022 11 21 15 45.4784301 9.2315877
6 62 18.0 63.0 101256 2 694 0.01 0.0 35.0 37.0 37.0 1 2 2.0 2.0 10/11/2022 11 21 39 45.4782343 9.2315682
6 63 18.0 63.0 101256 2 700 0.01 0.0 36.0 38.0 38.0 1 2 2.0 2.0 10/11/2022 11 22 3 45.478245 9.23157
6 1 18.0 63.0 101257 22 761 0.01 0.0 33.0 36.0 38.0 1 1 1.0 1.0 10/11/2022 11 22 35 45.478245 9.23157
6 3 0 0 0 55 761 0.01 0.0 33.0 37.0 38.0 1 0 1.0 1.0 10/11/2022 11 23 3 45.478245 9.23157
6 3 19.0 63.0 101259 71 727 0.01 0.0 33.0 37.0 38.0 1 3 3.0 3.0 10/11/2022 11 23 15 45.478245 9.23157
6 4 19.0 62.0 101261 103 791 0.01 0.0 32.0 34.0 34.0 1 2 2.0 2.0 10/11/2022 11 23 51 45.478245 9.23157
6 5 20.0 62.0 101262 144 765 0.01 0.0 34.0 38.0 41.0 1 1 2.0 2.0 10/11/2022 11 24 15 45.478245 9.23157
6 6 20.0 61.0 101263 191 746 0.01 0.0 38.0 40.0 40.0 1 1 2.0 1.0 10/11/2022 11 24 39 45.478245 9.23157
6 7 20.0 61.0 101264 222 723 0.01 0.0 40.0 46.0 51.0 1 1 1.0 1.0 10/11/2022 11 25 7 45.478245 9.23157
6 8 21.0 61.0 101264 238 715 0.01 0.0 37.0 41.0 42.0 1 2 2.0 2.0 10/11/2022 11 25 23 45.478245 9.23157
6 9 21.0 60.0 101265 239 735 0.01 0.0 37.0 41.0 42.0 1 2 2.0 2.0 10/11/2022 11 25 47 45.478245 9.23157
6 10 21.0 60.0 101265 262 720 0.01 0.0 34.0 36.0 36.0 1 2 2.0 2.0 10/11/2022 11 26 11 45.4782683 9.2315277
6 11 21.0 60.0 101266 310 708 0.01 0.0 31.0 33.0 33.0 1 2 2.0 2.0 10/11/2022 11 26 35 45.478245 9.2315567
6 13 21.0 60.0 101266 0 0 0 0.0 32.0 33.0 33.0 1 1 0.0 1.0 10/11/2022 11 27 7 45.4783479 9.2315693
6 13 21.0 60.0 101266 331 681 0.01 0.0 27.0 29.0 29.0 1 1 2.0 1.0 10/11/2022 11 27 31 45.4785099 9.2316179
6 14 21.0 59.0 101266 218 731 0.01 0.0 27.0 29.0 29.0 1 2 2.0 2.0 10/11/2022 11 27 47 45.4784693 9.2312492
6 15 21.0 59.0 101266 146 755 0.01 0.0 27.0 29.0 29.0 2 3 3.0 3.0 10/11/2022 11 28 11 45.478431 9.230695
6 16 20.0 59.0 101265 107 712 0.01 0.0 32.0 35.0 36.0 1 2 2.0 2.0 10/11/2022 11 28 47 45.4784665 9.2302435
6 18 20.0 58.0 101265 0 0 0 0.0 32.0 34.0 34.0 1 1 0.0 1.0 10/11/2022 11 29 23 45.4783156 9.2301827
6 18 20.0 58.0 101265 68 637 0.01 0.0 45.0 47.0 47.0 1 2 2.0 2.0 10/11/2022 11 29 39 45.4780221 9.2301889
6 19 20.0 58.0 101265 48 677 0.01 0.0 44.0 46.0 46.0 1 2 2.0 1.0 10/11/2022 11 30 3 45.4777566 9.2301984
6 20 20.0 58.0 101264 50 723 0.01 0.0 41.0 44.0 44.0 1 2 2.0 2.0 10/11/2022 11 30 27 45.4775119 9.2301627
6 21 20.0 58.0 101265 57 714 0.01 0.0 41.0 44.0 44.0 1 2 2.0 2.0 10/11/2022 11 30 51 45.4771438 9.2300636
6 22 20.0 59.0 101265 46 718 0.01 0.0 23.0 25.0 25.0 1 1 1.0 1.0 10/11/2022 11 31 23 45.4770294 9.2301584
6 23 20.0 59.0 101265 42 724 0.01 0.0 32.0 35.0 36.0 1 2 2.0 2.0 10/11/2022 11 31 35 45.477017 9.2299157
6 24 19.0 60.0 101265 30 739 0.01 0.0 33.0 35.0 36.0 1 2 2.0 2.0 10/11/2022 11 31 59 45.476814 9.2298665
6 25 19.0 60.0 101266 33 645 0.01 0.0 24.0 25.0 25.0 1 2 2.0 1.0 10/11/2022 11 32 23 45.4768617 9.2294752
6 26 19.0 60.0 101266 2 724 0.01 0.0 24.0 25.0 25.0 1 2 2.0 2.0 10/11/2022 11 32 47 45.4768276 9.229107
6 27 18.0 61.0 101266 0 643 0.01 0.0 24.0 25.0 25.0 1 2 2.0 2.0 10/11/2022 11 33 11 45.4768375 9.2283417
6 28 18.0 62.0 101266 1 706 0.01 0.0 30.0 34.0 37.0 1 1 2.0 1.0 10/11/2022 11 33 55 45.4768165 9.2280032
6 29 18.0 62.0 101266 0 761 0.01 0.0 31.0 33.0 33.0 1 2 2.0 2.0 10/11/2022 11 34 13 45.4768607 9.2275706
6 30 18.0 63.0 101266 0 713 0.01 0.0 37.0 39.0 39.0 1 2 2.0 2.0 10/11/2022 11 34 37 45.4768329 9.2272321
6 31 18.0 62.0 101266 20 708 0.01 0.0 44.0 47.0 47.0 1 2 2.0 1.0 10/11/2022 11 35 1 45.4768466 9.2269157
6 32 19.0 61.0 101266 47 686 0.01 0.0 43.0 47.0 49.0 1 2 2.0 2.0 10/11/2022 11 35 25 45.4764432 9.2266906
6 33 19.0 61.0 101265 57 703 0.01 0.0 42.0 46.0 48.0 1 1 1.0 1.0 10/11/2022 11 35 57 45.4762925 9.2267136
6 34 19.0 61.0 101265 59 688 0.01 0.0 30.0 32.0 32.0 1 2 2.0 2.0 10/11/2022 11 36 13 45.4759833 9.2266727
6 35 18.0 62.0 101265 46 668 0.01 0.0 33.0 35.0 35.0 1 2 2.0 2.0 10/11/2022 11 36 37 45.4756918 9.2266979
6 36 18.0 62.0 101265 18 696 0.01 0.0 33.0 35.0 35.0 1 1 2.0 2.0 10/11/2022 11 37 1 45.4754136 9.226664
6 37 18.0 62.0 101266 6 726 0.01 0.0 37.0 41.0 42.0 1 2 1.0 2.0 10/11/2022 11 37 25 45.4751728 9.2266531
6 38 19.0 62.0 101266 13 622 0.01 0.0 38.0 41.0 42.0 1 1 2.0 1.0 10/11/2022 11 37 47 45.4745956 9.2266613
6 39 18.0 62.0 101266 15 707 0.01 0.0 38.0 41.0 42.0 1 1 2.0 2.0 10/11/2022 11 38 27 45.4743632 9.2266265
6 40 18.0 63.0 101266 9 683 0.01 0.0 41.0 43.0 43.0 1 2 2.0 2.0 10/11/2022 11 38 47 45.4740891 9.2266594
6 41 17.0 64.0 101267 2 703 0.01 0.0 37.0 39.0 39.0 1 2 2.0 2.0 10/11/2022 11 39 11 45.4737608 9.2266786
6 42 17.0 64.0 101267 2 709 0.01 0.0 35.0 37.0 37.0 1 1 1.0 2.0 10/11/2022 11 39 35 45.4733814 9.2269825
6 43 17.0 65.0 101267 4 784 0.01 0.0 39.0 44.0 48.0 1 1 1.0 1.0 10/11/2022 11 40 15 45.4733753 9.2271999
6 44 17.0 65.0 101268 5 700 0.01 0.0 41.0 45.0 46.0 1 1 1.0 2.0 10/11/2022 11 40 27 45.4730808 9.2273642
6 45 17.0 65.0 101268 6 715 0.01 0.0 41.0 44.0 45.0 1 2 2.0 2.0 10/11/2022 11 40 51 45.4727808 9.2273293
6 46 17.0 65.0 101269 13 673 0.01 0.0 37.0 42.0 45.0 1 2 2.0 2.0 10/11/2022 11 41 15 45.4722817 9.2273279
6 48 0 0 0 27 708 0.01 0.0 0.0 0.0 0.0 0 0 1.0 0.0 10/11/2022 11 41 57 45.4722391 9.2273126
6 48 17.0 65.0 101270 17 706 0.01 0.0 40.0 43.0 43.0 1 2 2.0 2.0 10/11/2022 11 42 1 45.4722083 9.2270689
6 49 17.0 66.0 101271 6 745 0.01 0.0 39.0 42.0 43.0 1 2 2.0 2.0 10/11/2022 11 42 25 45.4721817 9.2269743
6 50 17.0 65.0 101271 15 695 0.01 0.0 39.0 41.0 41.0 1 1 1.0 2.0 10/11/2022 11 42 49 45.4721297 9.2270033
6 51 18.0 65.0 101272 39 727 0.01 0.0 39.0 41.0 41.0 1 1 1.0 1.0 10/11/2022 11 43 15 45.4720617 9.2270633
6 52 18.0 64.0 101272 74 680 0.01 0.0 37.0 40.0 42.0 1 1 2.0 1.0 10/11/2022 11 43 53 45.4721522 9.2271055
6 53 19.0 63.0 101273 115 706 0.01 0.0 38.0 40.0 40.0 1 1 2.0 2.0 10/11/2022 11 44 13 45.4721717 9.2271083
6 54 19.0 61.0 101274 135 691 0.01 0.0 36.0 39.0 39.0 1 2 1.0 2.0 10/11/2022 11 44 37 45.4721717 9.2271083
6 55 20.0 61.0 101275 170 723 0.01 0.0 44.0 46.0 46.0 1 2 2.0 2.0 10/11/2022 11 45 1 45.4720918 9.2271629
6 56 20.0 60.0 101275 180 699 0.01 0.0 36.0 39.0 40.0 1 1 1.0 1.0 10/11/2022 11 45 25 45.47209 9.227165
6 57 20.0 60.0 101276 172 699 0.01 0.0 36.0 39.0 40.0 1 1 1.0 1.0 10/11/2022 11 45 57 45.4720717 9.2271387
6 58 20.0 59.0 101276 163 713 0.01 0.0 38.0 40.0 40.0 1 2 2.0 2.0 10/11/2022 11 46 13 45.4721371 9.2271506
6 59 20.0 59.0 101277 159 666 0.01 0.0 42.0 44.0 44.0 1 2 2.0 2.0 10/11/2022 11 46 37 45.4721647 9.2271157
6 60 20.0 58.0 101277 176 704 0.01 0.0 42.0 44.0 44.0 1 2 2.0 2.0 10/11/2022 11 47 3 45.472165 9.227115
6 61 20.0 58.0 101278 174 693 0.01 0.0 34.0 36.0 36.0 1 1 2.0 1.0 10/11/2022 11 47 29 45.4720705 9.2269311
6 63 20.0 58.0 101279 196 662 0.01 0.0 34.0 36.0 36.0 1 3 2.0 3.0 10/11/2022 11 48 19 45.4719654 9.2269287
6 1 20.0 59.0 101279 164 698 0.01 0.0 23.0 25.0 25.0 1 1 2.0 1.0 10/11/2022 11 48 51 45.4720967 9.2269262
6 2 20.0 59.0 101277 174 714 0.01 0.0 27.0 30.0 31.0 1 1 2.0 2.0 10/11/2022 11 49 9 45.4721154 9.2271595
6 3 20.0 58.0 101270 236 720 0.01 0.0 24.0 25.0 25.0 1 1 1.0 1.0 10/11/2022 11 49 33 45.4722513 9.2268446
