6 17 24.0 62.0 100756 0 0 0 0.0 32.0 34.0 34.0 1 1 0.0 1.0 25/10/2022 10 48 28 45.4756724 9.2359018
6 46 23.0 65.0 100758 24 680 0.01 0.0 35.0 39.0 42.0 1 2 1.0 2.0 25/10/2022 11 1 0 45.4802557 9.2344653
6 47 23.0 65.0 100758 27 863 0.01 0.0 40.0 44.0 45.0 1 2 1.0 1.0 25/10/2022 11 1 24 45.4802467 9.2344667
6 49 0 0 0 88 874 0.01 0.0 35.0 38.0 38.0 1 0 1.0 1.0 25/10/2022 11 2 4 45.4802467 9.2344667
6 49 24.0 64.0 100757 155 732 0.01 0.0 36.0 38.0 38.0 1 2 2.0 2.0 25/10/2022 11 2 16 45.4802467 9.2344667
6 50 24.0 64.0 100757 125 616 0.01 0.0 35.0 37.0 37.0 1 1 2.0 1.0 25/10/2022 11 2 42 45.4802467 9.2344667
6 52 24.0 63.0 100756 72 668 0.01 0.0 0.0 0.0 0.0 0 2 2.0 0.0 25/10/2022 11 3 0 45.4802467 9.2344667
6 52 24.0 63.0 100756 59 617 0.01 0.0 33.0 35.0 35.0 1 1 1.0 1.0 25/10/2022 11 3 24 45.480275 9.234335
6 54 24.0 63.0 100756 0 0 0 0.0 37.0 39.0 39.0 1 1 0.0 2.0 25/10/2022 11 3 58 45.480275 9.234335
6 54 25.0 62.0 100756 279 611 0.01 0.0 37.0 39.0 39.0 1 1 1.0 1.0 25/10/2022 11 4 24 45.480275 9.234335
6 55 25.0 62.0 100756 292 651 0.01 0.0 35.0 37.0 38.0 1 2 1.0 2.0 25/10/2022 11 4 40 45.480275 9.234335
6 56 25.0 62.0 100756 254 625 0.01 0.0 35.0 37.0 38.0 1 2 1.0 2.0 25/10/2022 11 5 4 45.480275 9.234335
