4 2 120 99 03 25 10 11 1 17 259
4 2 120 99 03 25 10 11 1 18 58
4 1 120 99 03 25 10 11 1 19 158
4 0 120 99 03 25 10 11 1 20 258
4 1 119 99 03 25 10 11 1 21 57
4 1 120 99 03 25 10 11 1 22 157
4 2 121 99 03 25 10 11 1 23 357
4 1 121 99 03 25 10 11 1 24 456
4 1 122 99 03 25 10 11 1 25 256
4 0 122 99 03 25 10 11 1 26 56
4 0 123 99 03 25 10 11 1 27 155
4 0 123 99 03 25 10 11 1 28 255
4 0 123 99 03 25 10 11 1 29 55
4 0 123 99 03 25 10 11 1 30 154
4 0 123 99 03 25 10 11 1 31 354
4 0 122 99 03 25 10 11 1 32 456
4 0 123 99 03 25 10 11 1 33 253
4 0 124 99 03 25 10 11 1 34 53
4 0 124 99 03 25 10 11 1 35 153
4 0 124 99 03 25 10 11 1 36 352
4 0 124 99 03 25 10 11 1 37 152
4 0 124 99 03 25 10 11 1 38 351
4 0 124 99 03 25 10 11 1 39 151
4 0 125 99 03 25 10 11 1 40 251
4 0 125 99 03 25 10 11 1 41 50
4 0 125 99 03 25 10 11 1 42 250
4 0 125 99 03 25 10 11 1 43 50
4 0 125 99 03 25 10 11 1 44 249
4 0 125 99 03 25 10 11 1 45 49
4 0 125 99 03 25 10 11 1 46 149
4 0 126 99 03 25 10 11 1 47 348
4 0 127 99 03 25 10 11 1 48 148
4 0 128 99 03 25 10 11 1 49 348
4 0 128 99 03 25 10 11 1 50 147
4 0 128 99 03 25 10 11 1 51 347
4 0 129 99 03 25 10 11 1 52 447
4 0 129 99 03 25 10 11 1 53 246
4 0 130 99 03 25 10 11 1 54 46
4 0 130 99 03 25 10 11 1 55 245
4 0 130 99 03 25 10 11 1 56 46
4 0 130 99 03 25 10 11 1 57 245
4 0 129 99 03 25 10 11 1 58 45
4 0 129 99 03 25 10 11 1 59 144
4 0 129 99 03 25 10 11 2 0 344
4 0 129 99 03 25 10 11 2 1 144
4 0 128 99 03 25 10 11 2 2 343
4 0 127 99 03 25 10 11 2 3 143
4 0 127 99 03 25 10 11 2 4 242
4 0 127 99 03 25 10 11 2 5 42
4 0 127 99 03 25 10 11 2 6 242
4 0 127 99 03 25 10 11 2 7 42
4 0 127 99 03 25 10 11 2 8 641
4 0 125 99 03 25 10 11 2 10 241
4 0 124 99 03 25 10 11 2 11 40
4 0 124 99 03 25 10 11 2 12 240
4 0 123 99 03 25 10 11 2 13 39
4 0 122 99 03 25 10 11 2 14 239
4 0 121 99 03 25 10 11 2 15 39
4 0 121 99 03 25 10 11 2 16 238
4 0 120 99 03 25 10 11 2 17 38
4 0 119 99 03 25 10 11 2 18 238
4 0 119 99 03 25 10 11 2 19 37
4 0 118 99 03 25 10 11 2 21 37
4 0 117 99 03 25 10 11 2 22 236
4 0 117 99 03 25 10 11 2 23 36
4 1 116 99 03 25 10 11 2 24 236
4 1 117 99 03 25 10 11 2 25 35
4 1 117 99 03 25 10 11 2 26 235
4 0 118 99 03 25 10 11 2 27 35
4 0 117 99 03 25 10 11 2 28 234
4 0 116 99 03 25 10 11 2 29 34
4 0 115 99 03 25 10 11 2 30 234
4 0 114 99 03 25 10 11 2 31 34
4 0 113 99 03 25 10 11 2 32 233
4 0 113 99 03 25 10 11 2 33 33
4 0 112 99 03 25 10 11 2 34 233
4 0 112 99 03 25 10 11 2 35 33
4 0 111 99 03 25 10 11 2 36 632
4 0 111 99 03 25 10 11 2 37 32
4 0 111 99 03 25 10 11 2 38 232
4 0 111 99 03 25 10 11 2 39 34
4 0 110 99 03 25 10 11 2 40 231
4 0 110 99 03 25 10 11 2 41 31
4 0 109 99 03 25 10 11 2 42 231
4 0 109 99 03 25 10 11 2 43 31
4 0 108 99 03 25 10 11 2 44 230
4 0 107 99 03 25 10 11 2 45 30
4 0 106 99 03 25 10 11 2 46 229
4 0 106 99 03 25 10 11 2 47 29
4 0 105 99 03 25 10 11 2 48 229
4 0 105 99 03 25 10 11 2 49 29
4 0 105 99 03 25 10 11 2 50 228
4 0 105 99 03 25 10 11 2 51 28
4 0 105 99 03 25 10 11 2 52 228
4 0 107 99 03 25 10 11 2 53 227
4 0 109 99 03 25 10 11 2 54 27
4 0 110 99 03 25 10 11 2 55 227
4 0 111 99 03 25 10 11 2 56 26
4 0 111 99 03 25 10 11 2 57 226
4 0 112 99 03 25 10 11 2 58 26
4 0 112 99 03 25 10 11 2 59 225
4 0 111 99 03 25 10 11 3 0 26
4 0 111 99 03 25 10 11 3 1 225
4 0 111 99 03 25 10 11 3 3 624
4 0 111 99 03 25 10 11 3 4 424
4 0 111 99 03 25 10 11 3 5 624
4 0 110 99 03 25 10 11 3 6 23
4 0 110 99 03 25 10 11 3 9 221
4 0 109 99 03 25 10 11 3 10 21
4 0 109 99 03 25 10 11 3 11 220
4 0 109 99 03 25 10 11 3 13 119
4 0 109 99 03 25 10 11 3 14 319
4 0 109 99 03 25 10 11 3 15 118
4 0 108 99 03 25 10 11 3 16 317
4 0 107 99 03 25 10 11 3 17 117
4 0 108 99 03 25 10 11 3 18 216
4 0 107 99 03 25 10 11 3 19 16
4 0 105 99 03 25 10 11 3 21 314
4 0 104 99 03 25 10 11 3 22 414
4 0 104 99 03 25 10 11 3 23 214
4 0 104 99 03 25 10 11 3 24 13
4 0 103 99 03 25 10 11 3 25 113
4 0 102 99 03 25 10 11 3 26 212
4 0 102 99 03 25 10 11 3 27 12
4 0 101 99 03 25 10 11 3 28 511
4 0 101 99 03 25 10 11 3 29 311
4 0 101 99 03 25 10 11 3 30 810
4 0 102 99 03 25 10 11 3 31 210
4 0 103 99 03 25 10 11 3 32 9
4 0 103 99 03 25 10 11 3 33 209
4 0 104 99 03 25 10 11 3 34 8
4 0 105 99 03 25 10 11 3 35 208
4 0 105 99 03 25 10 11 3 36 8
4 0 106 99 03 25 10 11 3 38 306
4 0 107 99 03 25 10 11 3 40 306
4 0 107 99 03 25 10 11 3 41 105
4 0 107 99 03 25 10 11 3 42 204
4 0 107 99 03 25 10 11 3 43 5
4 0 106 99 03 25 10 11 3 44 204
4 0 106 99 03 25 10 11 3 45 3
4 0 105 99 03 25 10 11 3 46 203
4 0 105 99 03 25 10 11 3 47 2
4 0 105 99 03 25 10 11 3 48 502
4 0 105 99 03 25 10 11 3 49 302
4 0 105 99 03 25 10 11 3 50 101
4 0 106 99 03 25 10 11 3 51 301
4 0 107 99 03 25 10 11 3 52 101
4 0 107 99 03 25 10 11 3 53 301
4 0 108 99 03 25 10 11 3 54 400
4 0 108 99 03 25 10 11 3 55 200
4 0 109 99 03 25 10 11 3 56 0
4 0 108 99 03 25 10 11 3 57 200
4 0 108 99 03 25 10 11 3 57 999
4 0 108 99 03 25 10 11 3 59 199
4 0 108 99 03 25 10 11 4 1 198
4 0 109 99 03 25 10 11 4 1 998
4 0 109 99 03 25 10 11 4 3 197
4 0 109 99 03 25 10 11 4 3 997
4 0 108 99 03 25 10 11 4 5 196
4 0 108 99 03 25 10 11 4 5 996
4 0 107 99 03 25 10 11 4 7 196
4 0 107 99 03 25 10 11 4 7 996
4 0 108 99 03 25 10 11 4 9 195
4 0 108 99 03 25 10 11 4 9 995
4 0 108 99 03 25 10 11 4 11 195
4 0 109 99 03 25 10 11 4 11 994
4 0 110 99 03 25 10 11 4 13 194
4 0 110 99 03 25 10 11 4 13 994
4 0 110 99 03 25 10 11 4 15 194
4 0 110 99 03 25 10 11 4 15 993
4 0 110 99 03 25 10 11 4 17 193
4 0 109 99 03 25 10 11 4 17 993
4 0 110 99 03 25 10 11 4 19 192
4 0 110 99 03 25 10 11 4 19 992
4 0 110 99 03 25 10 11 4 21 192
4 0 111 99 03 25 10 11 4 21 992
4 0 113 99 03 25 10 11 4 23 192
4 0 114 99 03 25 10 11 4 23 991
4 0 115 99 03 25 10 11 4 25 190
4 0 116 99 03 25 10 11 4 25 990
4 0 115 99 03 25 10 11 4 27 190
4 0 114 99 03 25 10 11 4 27 990
4 0 114 99 03 25 10 11 4 29 189
4 0 113 99 03 25 10 11 4 29 989
4 0 113 99 03 25 10 11 4 31 188
4 0 113 99 03 25 10 11 4 31 988
4 0 112 99 03 25 10 11 4 33 188
4 0 110 99 03 25 10 11 4 33 987
4 0 109 99 03 25 10 11 4 35 986
4 0 110 99 03 25 10 11 4 37 186
4 0 110 99 03 25 10 11 4 37 986
4 0 111 99 03 25 10 11 4 39 186
4 0 112 99 03 25 10 11 4 39 985
4 0 113 99 03 25 10 11 4 41 185
4 0 113 99 03 25 10 11 4 41 985
4 0 114 99 03 25 10 11 4 43 184
4 0 114 99 03 25 10 11 4 43 984
4 0 114 99 03 25 10 11 4 45 184
4 0 113 99 03 25 10 11 4 45 983
4 0 113 99 03 25 10 11 4 47 983
4 0 112 99 03 25 10 11 4 49 982
4 0 112 99 03 25 10 11 4 51 182
4 0 112 99 03 25 10 11 4 52 282
4 0 112 99 03 25 10 11 4 53 81
4 0 112 99 03 25 10 11 4 54 281
4 0 112 99 03 25 10 11 4 55 81
4 0 112 99 03 25 10 11 4 56 580
4 0 112 99 03 25 10 11 4 56 980
4 0 113 99 03 25 10 11 4 58 979
4 0 114 99 03 25 10 11 5 1 278
4 0 115 99 03 25 10 11 5 2 78
4 0 115 99 03 25 10 11 5 3 178
4 0 115 99 03 25 10 11 5 3 977
4 0 115 99 03 25 10 11 5 5 77
4 0 114 99 03 25 10 11 5 6 177
4 0 114 99 03 25 10 11 5 6 976
4 0 114 99 03 25 10 11 5 8 476
4 0 114 99 03 25 10 11 5 9 276
4 0 114 99 03 25 10 11 5 10 76
4 0 114 99 03 25 10 11 5 11 175
4 0 115 99 03 25 10 11 5 11 975
4 0 116 99 03 25 10 11 5 13 474
4 0 116 99 03 25 10 11 5 14 174
4 0 117 99 03 25 10 11 5 14 974
4 0 117 99 03 25 10 11 5 16 473
4 0 117 99 03 25 10 11 5 17 673
4 0 117 99 03 25 10 11 5 18 73
4 0 117 99 03 25 10 11 5 19 273
4 0 118 99 03 25 10 11 5 20 72
4 0 118 99 03 25 10 11 5 21 272
4 0 118 99 03 25 10 11 5 22 72
4 0 118 99 03 25 10 11 5 23 171
4 0 118 99 03 25 10 11 5 23 971
4 0 118 99 03 25 10 11 5 25 171
4 0 118 99 03 25 10 11 5 25 970
4 0 118 99 03 25 10 11 5 27 170
4 0 118 99 03 25 10 11 5 27 969
4 0 119 99 03 25 10 11 5 29 69
4 0 119 99 03 25 10 11 5 30 269
4 0 120 99 03 25 10 11 5 31 68
4 0 120 99 03 25 10 11 5 32 268
4 0 121 99 03 25 10 11 5 33 68
4 0 122 99 03 25 10 11 5 34 967
4 0 123 99 03 25 10 11 5 36 166
4 0 124 99 03 25 10 11 5 36 966
4 0 125 99 03 25 10 11 5 38 165
4 0 126 99 03 25 10 11 5 39 365
4 1 126 99 03 25 10 11 5 40 464
4 1 126 99 03 25 10 11 5 42 63
4 1 125 99 03 25 10 11 5 43 262
4 0 125 99 03 25 10 11 5 44 62
4 0 125 99 03 25 10 11 5 45 261
4 0 124 99 03 25 10 11 5 47 260
4 0 124 99 03 25 10 11 5 48 60
4 0 124 99 03 25 10 11 5 49 259
4 0 124 99 03 25 10 11 5 50 58
4 0 124 99 03 25 10 11 5 51 258
4 0 124 99 03 25 10 11 5 52 58
4 0 124 99 03 25 10 11 5 53 257
4 0 124 99 03 25 10 11 5 55 256
4 0 125 99 03 25 10 11 5 56 56
4 0 125 99 03 25 10 11 5 57 255
4 0 125 99 03 25 10 11 5 58 55
4 0 125 99 03 25 10 11 6 1 253
4 0 125 99 03 25 10 11 6 2 52
4 0 125 99 03 25 10 11 6 3 252
4 0 125 99 03 25 10 11 6 4 51
4 0 125 99 03 25 10 11 6 5 251
4 0 125 99 03 25 10 11 6 6 50
4 0 125 99 03 25 10 11 6 7 250
4 0 125 99 03 25 10 11 6 8 49
4 0 124 99 03 25 10 11 6 9 248
4 0 124 99 03 25 10 11 6 10 48
4 0 124 99 03 25 10 11 6 11 247
4 0 124 99 03 25 10 11 6 12 46
4 0 124 99 03 25 10 11 6 13 246
4 0 124 99 03 25 10 11 6 14 46
4 0 124 99 03 25 10 11 6 15 245
4 0 124 99 03 25 10 11 6 16 45
4 0 124 99 03 25 10 11 6 17 244
4 0 124 99 03 25 10 11 6 18 43
