28.0 47.0 98818.0 15:7:46
28.0 47.0 98818.0 15:8:6
28.0 47.0 98819.0 15:8:30
28.0 47.0 98819.0 15:8:54
28.0 47.0 98819.0 15:9:38
28.0 47.0 98819.0 15:10:2
28.0 46.0 98819.0 15:10:26
28.0 46.0 98820.0 15:10:54
28.0 47.0 98820.0 15:11:28
28.0 46.0 98819.0 15:11:52
29.0 46.0 98819.0 15:12:16
29.0 45.0 98819.0 15:12:52
29.0 45.0 98819.0 15:13:8
29.0 44.0 98819.0 15:13:32
28.0 44.0 98818.0 15:13:56
28.0 42.0 98818.0 15:14:40
28.0 41.0 98822.0 15:15:6
27.0 41.0 98828.0 15:15:30
26.0 41.0 98834.0 15:15:54
25.0 41.0 98840.0 15:16:42
24.0 41.0 98845.0 15:16:54
23.0 42.0 98850.0 15:17:22
23.0 42.0 98854.0 15:17:38
22.0 43.0 98859.0 15:18:2
22.0 43.0 98863.0 15:18:38
21.0 44.0 98867.0 15:18:54
21.0 44.0 98871.0 15:19:16
20.0 45.0 98875.0 15:19:40
20.0 46.0 98879.0 15:20:4
20.0 46.0 98882.0 15:20:30
19.0 47.0 98885.0 15:20:54
19.0 48.0 98888.0 15:21:28
20.0 47.0 98891.0 15:21:52
20.0 47.0 98894.0 15:22:24
20.0 47.0 98897.0 15:22:40
20.0 48.0 98899.0 15:23:4
20.0 48.0 98903.0 15:23:54
21.0 47.0 98905.0 15:24:22
21.0 47.0 98906.0 15:24:54
21.0 47.0 98908.0 15:25:6
22.0 46.0 98909.0 15:25:30
21.0 46.0 98911.0 15:25:54
21.0 47.0 98912.0 15:26:42
21.0 47.0 98913.0 15:26:54
21.0 46.0 98914.0 15:27:18
21.0 46.0 98914.0 15:27:42
21.0 46.0 98915.0 15:28:8
22.0 46.0 98916.0 15:28:34
22.0 46.0 98917.0 15:28:58
22.0 46.0 98918.0 15:29:18
21.0 46.0 98918.0 15:29:42
21.0 47.0 98919.0 15:30:6
20.0 47.0 98919.0 15:30:38
20.0 48.0 98920.0 15:30:54
19.0 49.0 98920.0 15:31:26
19.0 50.0 98920.0 15:31:50
19.0 50.0 98921.0 15:32:14
19.0 50.0 98921.0 15:32:46
19.0 49.0 98921.0 15:33:6
19.0 50.0 98921.0 15:33:32
19.0 51.0 98921.0 15:33:56
18.0 52.0 98922.0 15:34:44
18.0 52.0 98922.0 15:35:6
19.0 52.0 98921.0 15:35:30
19.0 52.0 98921.0 15:35:54
20.0 51.0 98921.0 15:36:30
20.0 51.0 98920.0 15:36:54
20.0 50.0 98920.0 15:37:18
21.0 50.0 98920.0 15:37:42
21.0 49.0 98920.0 15:38:12
21.0 49.0 98920.0 15:38:30
21.0 49.0 98919.0 15:38:54
21.0 49.0 98919.0 15:39:18
22.0 48.0 98919.0 15:39:50
22.0 49.0 98919.0 15:40:8
22.0 49.0 98919.0 15:40:30
22.0 49.0 98919.0 15:40:50
21.0 49.0 98918.0 15:41:42
20.0 50.0 98918.0 15:41:54
20.0 50.0 98918.0 15:42:18
20.0 50.0 98918.0 15:42:42
20.0 50.0 98918.0 15:43:5
19.0 51.0 98917.0 15:43:37
19.0 52.0 98917.0 15:43:53
19.0 52.0 98917.0 15:44:17
18.0 53.0 98916.0 15:44:41
18.0 53.0 98916.0 15:45:5
19.0 53.0 98915.0 15:45:37
19.0 53.0 98914.0 15:45:49
18.0 53.0 98913.0 15:46:25
18.0 53.0 98913.0 15:46:49
19.0 53.0 98912.0 15:47:13
18.0 53.0 98911.0 15:47:37
19.0 53.0 98910.0 15:48:1
19.0 53.0 98909.0 15:48:27
19.0 53.0 98909.0 15:48:51
19.0 52.0 98908.0 15:49:15
20.0 52.0 98907.0 15:49:43
20.0 52.0 98906.0 15:50:3
20.0 52.0 98906.0 15:50:27
20.0 51.0 98905.0 15:51:27
20.0 51.0 98904.0 15:51:51
21.0 50.0 98903.0 15:52:41
21.0 50.0 98903.0 15:53:7
21.0 50.0 98903.0 15:53:31
21.0 50.0 98902.0 15:53:55
21.0 50.0 98902.0 15:54:19
20.0 51.0 98902.0 15:54:47
20.0 51.0 98902.0 15:55:3
20.0 51.0 98902.0 15:55:27
19.0 52.0 98901.0 15:55:51
19.0 53.0 98901.0 15:56:31
19.0 53.0 98900.0 15:56:55
19.0 53.0 98899.0 15:57:17
19.0 53.0 98899.0 15:57:43
18.0 54.0 98898.0 15:58:7
18.0 54.0 98897.0 15:58:39
18.0 54.0 98897.0 15:58:55
18.0 54.0 98896.0 15:59:19
18.0 55.0 98895.0 15:59:39
18.0 55.0 98894.0 16:0:3
18.0 55.0 98894.0 16:0:27
17.0 56.0 98893.0 16:0:57
17.0 58.0 98893.0 16:1:29
17.0 57.0 98892.0 16:1:53
18.0 56.0 98892.0 16:2:17
18.0 56.0 98891.0 16:2:41
18.0 56.0 98891.0 16:3:5
18.0 55.0 98891.0 16:3:33
19.0 55.0 98890.0 16:4:5
19.0 54.0 98890.0 16:4:17
19.0 54.0 98890.0 16:4:41
19.0 54.0 98889.0 16:5:5
19.0 53.0 98889.0 16:5:29
19.0 54.0 98889.0 16:5:57
19.0 53.0 98889.0 16:6:29
20.0 53.0 98890.0 16:6:53
20.0 52.0 98890.0 16:7:27
20.0 52.0 98890.0 16:7:43
19.0 53.0 98890.0 16:8:7
19.0 53.0 98891.0 16:8:25
19.0 54.0 98891.0 16:8:49
19.0 54.0 98892.0 16:9:21
18.0 54.0 98893.0 16:9:41
17.0 56.0 98894.0 16:10:9
17.0 57.0 98895.0 16:10:29
17.0 59.0 98897.0 16:11:25
17.0 59.0 98898.0 16:11:51
17.0 59.0 98899.0 16:12:19
17.0 59.0 98900.0 16:12:47
16.0 60.0 98901.0 16:13:5
17.0 59.0 98902.0 16:13:29
17.0 59.0 98903.0 16:13:53
17.0 59.0 98904.0 16:14:17
17.0 59.0 98905.0 16:14:45
17.0 60.0 98906.0 16:15:7
17.0 60.0 98907.0 16:15:33
16.0 60.0 98908.0 16:15:49
16.0 61.0 98908.0 16:16:37
16.0 61.0 98909.0 16:16:49
16.0 61.0 98910.0 16:17:15
16.0 61.0 98910.0 16:17:41
16.0 61.0 98911.0 16:18:11
16.0 61.0 98911.0 16:18:35
16.0 61.0 98912.0 16:18:55
16.0 61.0 98912.0 16:19:19
16.0 61.0 98913.0 16:19:43
17.0 60.0 98913.0 16:20:9
17.0 60.0 98915.0 16:20:25
17.0 59.0 98916.0 16:20:49
18.0 59.0 98917.0 16:21:25
18.0 58.0 98919.0 16:22:5
18.0 58.0 98920.0 16:22:17
19.0 57.0 98921.0 16:22:41
19.0 56.0 98922.0 16:23:5
19.0 56.0 98923.0 16:23:29
19.0 55.0 98924.0 16:23:57
19.0 55.0 98925.0 16:24:17
20.0 55.0 98925.0 16:24:41
20.0 55.0 98926.0 16:25:5
20.0 55.0 98927.0 16:25:33
20.0 55.0 98927.0 16:26:3
19.0 55.0 98927.0 16:26:29
19.0 55.0 98926.0 16:26:53
19.0 55.0 98926.0 16:27:17
18.0 55.0 98925.0 16:27:49
18.0 56.0 98925.0 16:28:5
18.0 56.0 98924.0 16:28:29
17.0 57.0 98924.0 16:28:53
17.0 58.0 98924.0 16:29:17
17.0 58.0 98924.0 16:29:49
17.0 59.0 98924.0 16:30:1
17.0 59.0 98924.0 16:30:25
16.0 60.0 98924.0 16:30:51
16.0 60.0 98924.0 16:31:39
17.0 60.0 98923.0 16:31:55
17.0 60.0 98923.0 16:32:19
17.0 60.0 98923.0 16:32:43
17.0 60.0 98922.0 16:33:7
17.0 60.0 98922.0 16:33:33
16.0 60.0 98921.0 16:33:51
16.0 61.0 98921.0 16:34:15
16.0 61.0 98920.0 16:34:41
16.0 62.0 98920.0 16:35:15
16.0 62.0 98920.0 16:35:27
16.0 62.0 98919.0 16:35:55
15.0 63.0 98919.0 16:36:29
15.0 64.0 98920.0 16:36:53
15.0 64.0 98920.0 16:37:25
15.0 65.0 98920.0 16:37:41
15.0 64.0 98921.0 16:38:5
16.0 64.0 98921.0 16:38:29
15.0 64.0 98922.0 16:39:5
15.0 64.0 98923.0 16:39:17
15.0 65.0 98923.0 16:39:41
15.0 65.0 98924.0 16:40:7
16.0 64.0 98926.0 16:40:49
16.0 63.0 98927.0 16:41:25
17.0 62.0 98928.0 16:41:49
17.0 60.0 98929.0 16:42:13
18.0 59.0 98930.0 16:42:37
18.0 59.0 98931.0 16:43:1
18.0 59.0 98932.0 16:43:25
18.0 58.0 98932.0 16:43:49
18.0 58.0 98933.0 16:44:29
18.0 58.0 98934.0 16:44:42
18.0 58.0 98934.0 16:45:5
18.0 58.0 98934.0 16:45:29
18.0 58.0 98935.0 16:45:53
18.0 59.0 98933.0 16:46:55
18.0 59.0 98929.0 16:47:15
19.0 59.0 98922.0 16:47:39
19.0 59.0 98915.0 16:48:3
19.0 59.0 98909.0 16:48:27
20.0 60.0 98904.0 16:48:57
20.0 60.0 98899.0 16:49:13
20.0 60.0 98895.0 16:49:37
21.0 60.0 98891.0 16:50:3
21.0 60.0 98887.0 16:50:27
21.0 60.0 98884.0 16:50:55
21.0 60.0 98880.0 16:51:29
22.0 60.0 98877.0 16:51:53
22.0 60.0 98875.0 16:52:19
22.0 59.0 98872.0 16:52:39
23.0 59.0 98869.0 16:53:3
23.0 59.0 98867.0 16:53:27
23.0 58.0 98864.0 16:53:51
23.0 58.0 98861.0 16:54:17
23.0 57.0 98859.0 16:54:41
