1.0 1.0 1.0 15:7:46
1.0 2.0 2.0 15:8:6
1.0 2.0 2.0 15:8:30
3.0 4.0 5.0 15:8:54
4.0 4.0 5.0 15:9:38
3.0 4.0 4.0 15:10:2
3.0 4.0 4.0 15:10:26
3.0 4.0 4.0 15:10:54
1.0 1.0 2.0 15:11:28
3.0 4.0 5.0 15:11:52
2.0 3.0 3.0 15:12:16
5.0 7.0 8.0 15:12:52
3.0 4.0 4.0 15:13:8
3.0 4.0 4.0 15:13:32
3.0 4.0 4.0 15:13:56
4.0 4.0 4.0 15:14:40
4.0 5.0 6.0 15:15:6
5.0 6.0 7.0 15:15:30
5.0 6.0 7.0 15:15:54
14.0 16.0 18.0 15:16:42
14.0 15.0 15.0 15:16:54
14.0 15.0 15.0 15:17:22
17.0 18.0 18.0 15:17:38
13.0 14.0 14.0 15:18:2
13.0 14.0 14.0 15:18:38
11.0 13.0 14.0 15:18:54
15.0 16.0 16.0 15:19:16
15.0 16.0 16.0 15:19:40
18.0 19.0 19.0 15:20:4
18.0 19.0 19.0 15:20:30
18.0 19.0 19.0 15:20:54
32.0 33.0 33.0 15:21:28
16.0 17.0 17.0 15:21:52
17.0 18.0 18.0 15:22:24
18.0 21.0 24.0 15:22:40
16.0 17.0 17.0 15:23:4
16.0 17.0 17.0 15:23:28
9.0 10.0 10.0 15:23:54
7.0 8.0 8.0 15:24:22
7.0 8.0 8.0 15:24:54
5.0 6.0 6.0 15:25:6
5.0 6.0 6.0 15:25:30
5.0 6.0 6.0 15:25:54
6.0 7.0 7.0 15:26:54
9.0 10.0 10.0 15:27:18
7.0 7.0 7.0 15:27:42
7.0 7.0 7.0 15:28:8
7.0 7.0 7.0 15:28:34
8.0 9.0 10.0 15:28:58
15.0 17.0 18.0 15:29:18
15.0 17.0 18.0 15:29:42
19.0 20.0 20.0 15:30:6
19.0 20.0 20.0 15:30:54
8.0 8.0 8.0 15:31:26
11.0 11.0 11.0 15:31:50
10.0 10.0 10.0 15:32:14
8.0 9.0 10.0 15:32:46
11.0 12.0 12.0 15:33:6
11.0 12.0 12.0 15:33:32
14.0 16.0 17.0 15:33:56
10.0 11.0 12.0 15:34:44
16.0 17.0 17.0 15:35:6
16.0 17.0 17.0 15:35:30
16.0 17.0 17.0 15:35:54
4.0 7.0 10.0 15:36:30
8.0 9.0 9.0 15:36:54
13.0 14.0 14.0 15:37:18
16.0 19.0 20.0 15:37:42
16.0 18.0 19.0 15:38:12
17.0 18.0 19.0 15:38:30
5.0 6.0 6.0 15:38:54
6.0 7.0 8.0 15:39:18
7.0 7.0 8.0 15:39:50
9.0 10.0 10.0 15:40:8
10.0 10.0 10.0 15:40:30
10.0 10.0 10.0 15:40:50
22.0 24.0 24.0 15:41:42
12.0 13.0 13.0 15:41:54
48.0 51.0 51.0 15:42:18
32.0 35.0 36.0 15:42:42
25.0 26.0 26.0 15:43:5
25.0 26.0 26.0 15:43:37
28.0 30.0 30.0 15:43:53
19.0 20.0 20.0 15:44:17
19.0 21.0 21.0 15:44:41
13.0 14.0 14.0 15:45:5
13.0 14.0 14.0 15:45:37
13.0 14.0 14.0 15:45:49
14.0 15.0 15.0 15:46:25
20.0 21.0 21.0 15:46:49
19.0 20.0 20.0 15:47:13
23.0 25.0 26.0 15:47:37
20.0 22.0 23.0 15:48:1
20.0 22.0 23.0 15:48:27
8.0 10.0 11.0 15:48:51
19.0 20.0 20.0 15:49:15
19.0 20.0 20.0 15:49:43
13.0 13.0 13.0 15:50:3
14.0 15.0 15.0 15:50:27
14.0 15.0 15.0 15:51:7
9.0 10.0 10.0 15:51:27
16.0 18.0 18.0 15:51:51
18.0 19.0 19.0 15:52:21
14.0 15.0 16.0 15:52:41
17.0 19.0 19.0 15:53:7
18.0 20.0 20.0 15:53:31
20.0 21.0 21.0 15:53:55
17.0 18.0 18.0 15:54:19
19.0 20.0 20.0 15:54:47
12.0 14.0 15.0 15:55:3
13.0 14.0 15.0 15:55:27
13.0 14.0 15.0 15:55:51
19.0 20.0 20.0 15:56:31
14.0 17.0 19.0 15:56:55
15.0 16.0 16.0 15:57:17
14.0 16.0 16.0 15:57:43
19.0 20.0 20.0 15:58:7
19.0 20.0 20.0 15:58:39
12.0 12.0 12.0 15:58:55
16.0 16.0 16.0 15:59:19
16.0 17.0 17.0 15:59:39
13.0 14.0 14.0 16:0:3
13.0 14.0 14.0 16:0:27
13.0 14.0 14.0 16:0:57
9.0 10.0 10.0 16:1:29
11.0 12.0 12.0 16:1:53
13.0 14.0 14.0 16:2:17
13.0 14.0 15.0 16:2:41
21.0 23.0 23.0 16:3:5
21.0 22.0 23.0 16:3:33
7.0 8.0 8.0 16:4:5
16.0 18.0 18.0 16:4:17
16.0 18.0 18.0 16:4:41
11.0 13.0 14.0 16:5:5
13.0 15.0 16.0 16:5:29
13.0 15.0 16.0 16:5:57
5.0 5.0 5.0 16:6:29
7.0 8.0 8.0 16:6:53
17.0 18.0 18.0 16:7:27
10.0 11.0 11.0 16:7:43
13.0 14.0 14.0 16:8:7
13.0 14.0 14.0 16:8:25
22.0 23.0 24.0 16:9:21
21.0 23.0 24.0 16:9:41
21.0 22.0 22.0 16:10:9
22.0 23.0 23.0 16:10:29
22.0 23.0 23.0 16:10:53
15.0 17.0 17.0 16:11:51
26.0 28.0 28.0 16:12:19
15.0 16.0 16.0 16:12:47
23.0 26.0 27.0 16:13:5
23.0 26.0 27.0 16:13:29
8.0 8.0 8.0 16:13:53
14.0 15.0 15.0 16:14:17
14.0 15.0 15.0 16:14:45
13.0 14.0 14.0 16:15:7
13.0 14.0 14.0 16:15:33
13.0 14.0 14.0 16:15:49
13.0 15.0 16.0 16:16:37
16.0 17.0 17.0 16:16:49
15.0 16.0 16.0 16:17:15
13.0 16.0 19.0 16:17:41
12.0 13.0 14.0 16:18:11
12.0 14.0 14.0 16:18:35
16.0 18.0 19.0 16:18:55
16.0 16.0 16.0 16:19:19
16.0 17.0 17.0 16:19:43
5.0 6.0 6.0 16:20:9
6.0 6.0 6.0 16:20:25
6.0 6.0 6.0 16:20:49
8.0 9.0 9.0 16:21:25
16.0 17.0 18.0 16:22:5
17.0 18.0 18.0 16:22:17
35.0 37.0 37.0 16:22:41
21.0 22.0 22.0 16:23:5
21.0 22.0 22.0 16:23:29
22.0 29.0 36.0 16:23:57
14.0 15.0 15.0 16:24:17
14.0 15.0 15.0 16:24:41
15.0 16.0 16.0 16:25:5
15.0 16.0 16.0 16:25:33
15.0 16.0 16.0 16:26:3
15.0 15.0 15.0 16:26:29
14.0 15.0 16.0 16:26:53
21.0 22.0 23.0 16:27:17
19.0 20.0 20.0 16:27:49
18.0 19.0 19.0 16:28:5
18.0 19.0 19.0 16:28:29
20.0 22.0 23.0 16:28:53
23.0 24.0 24.0 16:29:17
23.0 24.0 24.0 16:29:49
19.0 21.0 21.0 16:30:1
19.0 20.0 20.0 16:30:25
19.0 20.0 20.0 16:30:51
11.0 11.0 11.0 16:31:39
20.0 22.0 22.0 16:31:55
21.0 22.0 22.0 16:32:19
13.0 14.0 15.0 16:32:43
18.0 20.0 20.0 16:33:7
18.0 20.0 20.0 16:33:33
14.0 15.0 15.0 16:33:51
10.0 11.0 12.0 16:34:15
10.0 11.0 12.0 16:34:41
24.0 26.0 26.0 16:35:15
24.0 25.0 25.0 16:35:27
24.0 25.0 25.0 16:35:55
27.0 28.0 28.0 16:36:29
24.0 25.0 25.0 16:36:53
35.0 38.0 39.0 16:37:25
16.0 17.0 17.0 16:37:41
17.0 19.0 19.0 16:38:5
17.0 19.0 19.0 16:38:29
14.0 15.0 15.0 16:39:5
20.0 21.0 21.0 16:39:17
20.0 21.0 21.0 16:39:41
12.0 14.0 15.0 16:40:7
13.0 14.0 15.0 16:40:49
24.0 27.0 30.0 16:41:25
27.0 29.0 29.0 16:41:49
26.0 27.0 27.0 16:42:13
26.0 28.0 28.0 16:42:37
24.0 26.0 26.0 16:43:1
25.0 26.0 26.0 16:43:25
36.0 38.0 38.0 16:43:49
25.0 26.0 26.0 16:44:29
24.0 26.0 26.0 16:44:42
30.0 32.0 32.0 16:45:5
30.0 32.0 32.0 16:45:29
30.0 32.0 32.0 16:45:53
16.0 17.0 18.0 16:46:55
13.0 14.0 14.0 16:47:15
11.0 14.0 18.0 16:47:39
5.0 5.0 5.0 16:48:3
5.0 5.0 5.0 16:48:27
6.0 7.0 7.0 16:48:57
5.0 5.0 5.0 16:49:13
5.0 5.0 5.0 16:49:37
6.0 6.0 6.0 16:50:3
6.0 6.0 6.0 16:50:27
6.0 6.0 6.0 16:50:55
5.0 5.0 5.0 16:51:29
5.0 5.0 5.0 16:51:53
7.0 7.0 7.0 16:52:19
2.0 2.0 2.0 16:52:39
3.0 3.0 3.0 16:53:3
3.0 3.0 3.0 16:53:27
3.0 3.0 3.0 16:54:17
