1233.0 1817.0 0.01 0.0 15:7:34
951.0 1978.0 0.01 0.0 15:7:46
1005.0 1966.0 0.01 0.0 15:8:6
1033.0 2180.0 0.01 0.0 15:8:30
1041.0 2176.0 0.01 0.0 15:8:54
1051.0 2386.0 0.01 0.0 15:9:34
1059.0 2240.0 0.01 0.0 15:9:38
1049.0 2060.0 0.01 0.0 15:10:2
1057.0 2017.0 0.01 0.0 15:10:26
1028.0 1997.0 0.01 0.0 15:10:54
1030.0 1946.0 0.01 0.0 15:11:28
967.0 1902.0 0.01 0.0 15:11:52
991.0 1977.0 0.01 0.0 15:12:16
1005.0 1964.0 0.01 0.0 15:12:52
771.0 1893.0 0.01 0.0 15:13:8
602.0 1932.0 0.01 0.0 15:13:32
548.0 1873.0 0.01 0.0 15:13:56
422.0 1593.0 0.01 0.0 15:14:36
199.0 1239.0 0.01 0.0 15:14:40
111.0 988.0 0.01 0.0 15:15:6
66.0 902.0 0.01 0.0 15:15:30
1.0 814.0 0.01 0.0 15:15:54
0.0 613.0 0.01 0.0 15:16:42
0.0 632.0 0.01 0.0 15:16:54
0.0 549.0 0.01 0.0 15:17:22
0.0 513.0 0.01 0.0 15:17:38
0.0 600.0 0.01 0.0 15:18:2
0.0 564.0 0.01 0.0 15:18:38
0.0 567.0 0.01 0.0 15:18:54
0.0 604.0 0.01 0.0 15:19:16
0.0 613.0 0.01 0.0 15:19:40
0.0 615.0 0.01 0.0 15:20:4
0.0 547.0 0.01 0.0 15:20:30
0.0 592.0 0.01 0.0 15:20:54
0.0 519.0 0.01 0.0 15:21:28
0.0 543.0 0.01 0.0 15:21:52
0.0 566.0 0.01 0.0 15:22:24
4.0 503.0 0.01 0.0 15:22:40
9.0 569.0 0.01 0.0 15:23:4
6.0 601.0 0.01 0.0 15:23:28
58.0 617.0 0.01 0.0 15:23:54
123.0 611.0 0.01 0.0 15:24:22
165.0 698.0 0.01 0.0 15:24:54
174.0 625.0 0.01 0.0 15:25:6
165.0 618.0 0.01 0.0 15:25:30
141.0 584.0 0.01 0.0 15:25:54
103.0 581.0 0.01 0.0 15:26:42
72.0 604.0 0.01 0.0 15:26:54
67.0 556.0 0.01 0.0 15:27:18
91.0 579.0 0.01 0.0 15:27:42
152.0 557.0 0.01 0.0 15:28:8
171.0 593.0 0.01 0.0 15:28:34
163.0 574.0 0.01 0.0 15:28:58
136.0 599.0 0.01 0.0 15:29:18
108.0 622.0 0.01 0.0 15:29:42
71.0 590.0 0.01 0.0 15:30:6
46.0 592.0 0.01 0.0 15:30:38
36.0 651.0 0.01 0.0 15:30:54
31.0 485.0 0.01 0.0 15:31:26
8.0 579.0 0.01 0.0 15:31:50
1.0 549.0 0.01 0.0 15:32:14
8.0 595.0 0.01 0.0 15:32:46
10.0 578.0 0.01 0.0 15:33:6
6.0 540.0 0.01 0.0 15:33:32
3.0 653.0 0.01 0.0 15:33:56
2.0 605.0 0.01 0.0 15:34:44
1.0 599.0 0.01 0.0 15:35:6
10.0 632.0 0.01 0.0 15:35:30
68.0 673.0 0.01 0.0 15:35:54
138.0 651.0 0.01 0.0 15:36:30
182.0 615.0 0.01 0.0 15:36:54
179.0 629.0 0.01 0.0 15:37:18
176.0 635.0 0.01 0.0 15:37:42
204.0 625.0 0.01 0.0 15:38:12
213.0 628.0 0.01 0.0 15:38:30
236.0 641.0 0.01 0.0 15:38:54
258.0 635.0 0.01 0.0 15:39:18
259.0 703.0 0.01 0.0 15:39:50
258.0 672.0 0.01 0.0 15:40:8
286.0 670.0 0.01 0.0 15:40:30
287.0 692.0 0.01 0.0 15:40:50
216.0 593.0 0.01 0.0 15:41:42
157.0 613.0 0.01 0.0 15:41:54
132.0 623.0 0.01 0.0 15:42:18
117.0 649.0 0.01 0.0 15:42:42
103.0 600.0 0.01 0.0 15:43:5
81.0 625.0 0.01 0.0 15:43:37
69.0 602.0 0.01 0.0 15:43:53
51.0 629.0 0.01 0.0 15:44:17
41.0 633.0 0.01 0.0 15:44:41
37.0 620.0 0.01 0.0 15:45:5
47.0 675.0 0.01 0.0 15:45:37
67.0 645.0 0.01 0.0 15:45:49
67.0 626.0 0.01 0.0 15:46:25
62.0 578.0 0.01 0.0 15:46:49
50.0 641.0 0.01 0.0 15:47:13
41.0 651.0 0.01 0.0 15:48:1
42.0 716.0 0.01 0.0 15:48:27
78.0 739.0 0.01 0.0 15:48:51
121.0 726.0 0.01 0.0 15:49:15
123.0 748.0 0.01 0.0 15:49:43
117.0 707.0 0.01 0.0 15:50:3
146.0 707.0 0.01 0.0 15:50:27
152.0 703.0 0.01 0.0 15:51:7
167.0 687.0 0.01 0.0 15:51:27
167.0 652.0 0.01 0.0 15:51:51
158.0 676.0 0.01 0.0 15:52:21
155.0 673.0 0.01 0.0 15:52:41
168.0 686.0 0.01 0.0 15:53:7
177.0 681.0 0.01 0.0 15:53:31
176.0 694.0 0.01 0.0 15:53:55
173.0 681.0 0.01 0.0 15:54:19
147.0 700.0 0.01 0.0 15:54:47
111.0 675.0 0.01 0.0 15:55:3
121.0 698.0 0.01 0.0 15:55:27
102.0 682.0 0.01 0.0 15:55:51
69.0 696.0 0.01 0.0 15:56:31
57.0 697.0 0.01 0.0 15:56:55
48.0 660.0 0.01 0.0 15:57:17
47.0 714.0 0.01 0.0 15:57:43
35.0 692.0 0.01 0.0 15:58:7
28.0 662.0 0.01 0.0 15:58:39
25.0 696.0 0.01 0.0 15:58:55
33.0 705.0 0.01 0.0 15:59:19
36.0 740.0 0.01 0.0 15:59:39
31.0 679.0 0.01 0.0 16:0:3
25.0 712.0 0.01 0.0 16:0:27
19.0 670.0 0.01 0.0 16:0:57
8.0 734.0 0.01 0.0 16:1:29
4.0 658.0 0.01 0.0 16:1:53
11.0 712.0 0.01 0.0 16:2:17
16.0 673.0 0.01 0.0 16:2:41
24.0 686.0 0.01 0.0 16:3:5
31.0 673.0 0.01 0.0 16:3:33
40.0 678.0 0.01 0.0 16:4:5
42.0 708.0 0.01 0.0 16:4:17
48.0 653.0 0.01 0.0 16:4:41
69.0 674.0 0.01 0.0 16:5:5
79.0 688.0 0.01 0.0 16:5:29
83.0 661.0 0.01 0.0 16:5:57
74.0 675.0 0.01 0.0 16:6:29
58.0 659.0 0.01 0.0 16:6:53
63.0 682.0 0.01 0.0 16:7:27
64.0 664.0 0.01 0.0 16:7:43
41.0 666.0 0.01 0.0 16:8:7
28.0 638.0 0.01 0.0 16:8:25
21.0 699.0 0.01 0.0 16:8:49
20.0 740.0 0.01 0.0 16:9:21
35.0 686.0 0.01 0.0 16:9:41
18.0 715.0 0.01 0.0 16:10:9
6.0 722.0 0.01 0.0 16:10:29
3.0 731.0 0.01 0.0 16:10:53
1.0 661.0 0.01 0.0 16:11:25
0.0 706.0 0.01 0.0 16:11:51
1.0 780.0 0.01 0.0 16:12:19
3.0 680.0 0.01 0.0 16:12:47
5.0 660.0 0.01 0.0 16:13:5
11.0 711.0 0.01 0.0 16:13:29
14.0 694.0 0.01 0.0 16:13:53
15.0 638.0 0.01 0.0 16:14:17
17.0 745.0 0.01 0.0 16:14:45
14.0 599.0 0.01 0.0 16:15:7
11.0 728.0 0.01 0.0 16:15:33
5.0 677.0 0.01 0.0 16:15:49
3.0 694.0 0.01 0.0 16:16:37
2.0 680.0 0.01 0.0 16:16:49
4.0 673.0 0.01 0.0 16:17:15
4.0 665.0 0.01 0.0 16:17:41
1.0 673.0 0.01 0.0 16:18:11
1.0 631.0 0.01 0.0 16:18:35
5.0 718.0 0.01 0.0 16:18:55
8.0 663.0 0.01 0.0 16:19:19
5.0 659.0 0.01 0.0 16:19:43
24.0 654.0 0.01 0.0 16:20:9
36.0 670.0 0.01 0.0 16:20:25
55.0 668.0 0.01 0.0 16:20:49
90.0 663.0 0.01 0.0 16:21:25
120.0 665.0 0.01 0.0 16:22:5
137.0 676.0 0.01 0.0 16:22:17
150.0 675.0 0.01 0.0 16:22:41
157.0 703.0 0.01 0.0 16:23:5
167.0 709.0 0.01 0.0 16:23:29
180.0 748.0 0.01 0.0 16:23:57
192.0 721.0 0.01 0.0 16:24:17
206.0 690.0 0.01 0.0 16:24:41
198.0 692.0 0.01 0.0 16:25:5
205.0 754.0 0.01 0.0 16:25:33
190.0 734.0 0.01 0.0 16:26:3
149.0 682.0 0.01 0.0 16:26:29
215.0 673.0 0.01 0.0 16:26:53
186.0 678.0 0.01 0.0 16:27:17
134.0 686.0 0.01 0.0 16:27:49
105.0 660.0 0.01 0.0 16:28:5
84.0 649.0 0.01 0.0 16:28:29
67.0 701.0 0.01 0.0 16:28:53
63.0 742.0 0.01 0.0 16:29:17
74.0 619.0 0.01 0.0 16:29:49
49.0 697.0 0.01 0.0 16:30:1
53.0 673.0 0.01 0.0 16:30:25
59.0 674.0 0.01 0.0 16:30:51
40.0 670.0 0.01 0.0 16:31:39
36.0 655.0 0.01 0.0 16:31:55
39.0 692.0 0.01 0.0 16:32:19
36.0 689.0 0.01 0.0 16:32:43
32.0 685.0 0.01 0.0 16:33:7
25.0 677.0 0.01 0.0 16:33:33
21.0 652.0 0.01 0.0 16:33:51
25.0 697.0 0.01 0.0 16:34:15
25.0 685.0 0.01 0.0 16:34:41
22.0 677.0 0.01 0.0 16:35:15
29.0 652.0 0.01 0.0 16:35:27
22.0 681.0 0.01 0.0 16:35:55
10.0 667.0 0.01 0.0 16:36:29
8.0 610.0 0.01 0.0 16:36:53
1.0 625.0 0.01 0.0 16:37:25
1.0 637.0 0.01 0.0 16:37:41
6.0 667.0 0.01 0.0 16:38:5
14.0 670.0 0.01 0.0 16:38:29
14.0 634.0 0.01 0.0 16:39:5
11.0 627.0 0.01 0.0 16:39:17
4.0 649.0 0.01 0.0 16:39:41
7.0 683.0 0.01 0.0 16:40:7
7.0 632.0 0.01 0.0 16:40:45
17.0 646.0 0.01 0.0 16:40:49
34.0 646.0 0.01 0.0 16:41:25
42.0 676.0 0.01 0.0 16:41:49
52.0 643.0 0.01 0.0 16:42:13
63.0 653.0 0.01 0.0 16:42:37
68.0 627.0 0.01 0.0 16:43:1
63.0 692.0 0.01 0.0 16:43:25
63.0 686.0 0.01 0.0 16:43:49
67.0 680.0 0.01 0.0 16:44:29
61.0 718.0 0.01 0.0 16:44:42
57.0 629.0 0.01 0.0 16:45:5
58.0 690.0 0.01 0.0 16:45:29
62.0 768.0 0.01 0.0 16:45:53
68.0 677.0 0.01 0.0 16:46:51
112.0 806.0 0.01 0.0 16:46:55
144.0 838.0 0.01 0.0 16:47:15
221.0 927.0 0.01 0.0 16:47:39
309.0 1138.0 0.01 0.0 16:48:3
588.0 1509.0 0.01 0.0 16:48:27
872.0 1888.0 0.01 0.0 16:48:57
1017.0 1896.0 0.01 0.0 16:49:13
1094.0 1841.0 0.01 0.0 16:49:37
1133.0 1774.0 0.01 0.0 16:50:3
1166.0 1729.0 0.01 0.0 16:50:27
1196.0 1710.0 0.01 0.0 16:50:55
1228.0 1669.0 0.01 0.0 16:51:29
1226.0 1664.0 0.01 0.0 16:51:53
1249.0 1582.0 0.01 0.0 16:52:19
1285.0 1827.0 0.01 0.0 16:52:39
1318.0 1762.0 0.01 0.0 16:53:3
1358.0 1713.0 0.01 0.0 16:53:27
1340.0 1660.0 0.01 0.0 16:53:51
1325.0 1630.0 0.01 0.0 16:54:17
1350.0 1624.0 0.01 0.0 16:54:41
