460.0 1045.0 0.01 0.0 9:38:19
570.0 1059.0 0.01 0.0 9:38:47
644.0 1089.0 0.01 0.0 9:39:9
683.0 1108.0 0.01 0.0 9:39:25
661.0 1120.0 0.01 0.0 9:40:23
644.0 1124.0 0.01 0.0 9:40:53
600.0 1092.0 0.01 0.0 9:41:17
595.0 1108.0 0.01 0.0 9:41:49
600.0 1163.0 0.01 0.0 9:42:5
592.0 1129.0 0.01 0.0 9:42:27
597.0 1170.0 0.01 0.0 9:43:17
604.0 1158.0 0.01 0.0 9:43:21
604.0 1118.0 0.01 0.0 9:43:41
631.0 1180.0 0.01 0.0 9:44:7
552.0 1161.0 0.01 0.0 9:44:39
371.0 1239.0 0.01 0.0 9:44:51
293.0 1290.0 0.01 0.0 9:45:15
137.0 960.0 0.01 0.0 9:45:59
17.0 851.0 0.01 0.0 9:46:15
0.0 775.0 0.01 0.0 9:46:41
0.0 675.0 0.01 0.0 9:47:5
0.0 669.0 0.01 0.0 9:47:29
2.0 665.0 0.01 0.0 9:47:53
2.0 646.0 0.01 0.0 9:48:17
8.0 608.0 0.01 0.0 9:48:43
9.0 654.0 0.01 0.0 9:49:3
6.0 590.0 0.01 0.0 9:49:29
5.0 640.0 0.01 0.0 9:50:1
11.0 615.0 0.01 0.0 9:50:15
4.0 652.0 0.01 0.0 9:50:51
2.0 625.0 0.01 0.0 9:51:25
72.0 588.0 0.01 0.0 9:52:3
49.0 632.0 0.01 0.0 9:52:39
21.0 699.0 0.01 0.0 9:52:51
1.0 618.0 0.01 0.0 9:53:47
0.0 673.0 0.01 0.0 9:54:13
1.0 657.0 0.01 0.0 9:54:25
5.0 605.0 0.01 0.0 9:54:51
98.0 650.0 0.01 0.0 9:55:27
284.0 664.0 0.01 0.0 9:55:53
252.0 622.0 0.01 0.0 9:56:29
321.0 659.0 0.01 0.0 9:56:39
443.0 666.0 0.01 0.0 9:57:3
536.0 666.0 0.01 0.0 9:57:27
563.0 659.0 0.01 0.0 9:58:17
570.0 635.0 0.01 0.0 9:58:43
583.0 660.0 0.01 0.0 9:59:1
594.0 693.0 0.01 0.0 9:59:27
606.0 663.0 0.01 0.0 9:59:51
616.0 684.0 0.01 0.0 10:0:17
346.0 618.0 0.01 0.0 10:0:51
135.0 645.0 0.01 0.0 10:1:15
102.0 552.0 0.01 0.0 10:1:41
67.0 616.0 0.01 0.0 10:2:5
48.0 668.0 0.01 0.0 10:2:29
34.0 688.0 0.01 0.0 10:3:1
14.0 660.0 0.01 0.0 10:3:21
4.0 671.0 0.01 0.0 10:4:1
2.0 624.0 0.01 0.0 10:4:43
0.0 611.0 0.01 0.0 10:4:55
1.0 638.0 0.01 0.0 10:5:15
0.0 647.0 0.01 0.0 10:5:59
11.0 698.0 0.01 0.0 10:6:13
29.0 649.0 0.01 0.0 10:6:37
117.0 671.0 0.01 0.0 10:7:3
291.0 658.0 0.01 0.0 10:7:27
463.0 666.0 0.01 0.0 10:7:53
524.0 618.0 0.01 0.0 10:8:17
503.0 656.0 0.01 0.0 10:8:41
410.0 648.0 0.01 0.0 10:9:5
481.0 626.0 0.01 0.0 10:9:29
357.0 638.0 0.01 0.0 10:10:5
177.0 641.0 0.01 0.0 10:10:17
175.0 646.0 0.01 0.0 10:10:53
117.0 646.0 0.01 0.0 10:11:27
73.0 637.0 0.01 0.0 10:11:39
59.0 628.0 0.01 0.0 10:12:5
88.0 681.0 0.01 0.0 10:12:37
79.0 691.0 0.01 0.0 10:12:53
45.0 635.0 0.01 0.0 10:13:17
33.0 632.0 0.01 0.0 10:13:57
42.0 658.0 0.01 0.0 10:14:5
29.0 572.0 0.01 0.0 10:14:29
23.0 673.0 0.01 0.0 10:14:55
6.0 632.0 0.01 0.0 10:15:15
0.0 633.0 0.01 0.0 10:15:53
0.0 604.0 0.01 0.0 10:16:19
67.0 639.0 0.01 0.0 10:16:39
194.0 661.0 0.01 0.0 10:17:5
410.0 637.0 0.01 0.0 10:17:49
160.0 658.0 0.01 0.0 10:18:17
52.0 556.0 0.01 0.0 10:19:13
18.0 670.0 0.01 0.0 10:19:35
25.0 674.0 0.01 0.0 10:19:53
7.0 695.0 0.01 0.0 10:20:17
2.0 656.0 0.01 0.0 10:20:59
3.0 638.0 0.01 0.0 10:21:19
3.0 629.0 0.01 0.0 10:21:43
174.0 627.0 0.01 0.0 10:22:23
364.0 605.0 0.01 0.0 10:22:27
482.0 641.0 0.01 0.0 10:22:53
520.0 650.0 0.01 0.0 10:23:29
494.0 624.0 0.01 0.0 10:23:41
518.0 657.0 0.01 0.0 10:24:7
507.0 615.0 0.01 0.0 10:24:25
543.0 664.0 0.01 0.0 10:25:19
539.0 622.0 0.01 0.0 10:25:53
450.0 609.0 0.01 0.0 10:26:25
576.0 603.0 0.01 0.0 10:26:41
522.0 613.0 0.01 0.0 10:27:7
206.0 639.0 0.01 0.0 10:27:39
103.0 642.0 0.01 0.0 10:27:55
84.0 651.0 0.01 0.0 10:28:13
95.0 664.0 0.01 0.0 10:28:45
82.0 663.0 0.01 0.0 10:29:1
101.0 685.0 0.01 0.0 10:29:25
55.0 686.0 0.01 0.0 10:30:1
21.0 674.0 0.01 0.0 10:30:17
2.0 675.0 0.01 0.0 10:31:39
7.0 658.0 0.01 0.0 10:32:7
3.0 713.0 0.01 0.0 10:32:45
16.0 675.0 0.01 0.0 10:32:49
24.0 616.0 0.01 0.0 10:33:13
14.0 626.0 0.01 0.0 10:33:37
5.0 684.0 0.01 0.0 10:34:5
0.0 725.0 0.01 0.0 10:34:53
14.0 692.0 0.01 0.0 10:35:39
2.0 644.0 0.01 0.0 10:36:17
126.0 667.0 0.01 0.0 10:37:57
328.0 640.0 0.01 0.0 10:38:39
329.0 644.0 0.01 0.0 10:39:9
325.0 631.0 0.01 0.0 10:39:37
196.0 652.0 0.01 0.0 10:39:51
119.0 666.0 0.01 0.0 10:40:17
79.0 597.0 0.01 0.0 10:40:51
70.0 625.0 0.01 0.0 10:41:19
62.0 650.0 0.01 0.0 10:41:45
50.0 578.0 0.01 0.0 10:42:3
140.0 610.0 0.01 0.0 10:42:25
151.0 669.0 0.01 0.0 10:42:57
44.0 657.0 0.01 0.0 10:43:17
7.0 677.0 0.01 0.0 10:43:37
0.0 785.0 0.01 0.0 10:44:15
0.0 654.0 0.01 0.0 10:44:29
2.0 757.0 0.01 0.0 10:44:55
14.0 699.0 0.01 0.0 10:45:39
14.0 658.0 0.01 0.0 10:45:51
32.0 744.0 0.01 0.0 10:46:21
15.0 631.0 0.01 0.0 10:46:43
14.0 686.0 0.01 0.0 10:47:3
13.0 640.0 0.01 0.0 10:47:35
290.0 713.0 0.01 0.0 10:48:19
114.0 724.0 0.01 0.0 10:49:7
63.0 681.0 0.01 0.0 10:49:25
49.0 726.0 0.01 0.0 10:49:49
75.0 652.0 0.01 0.0 10:50:33
627.0 604.0 0.01 0.0 10:50:53
151.0 730.0 0.01 0.0 10:51:17
71.0 610.0 0.01 0.0 10:52:3
64.0 702.0 0.01 0.0 10:52:27
55.0 726.0 0.01 0.0 10:52:53
40.0 676.0 0.01 0.0 10:53:23
7.0 663.0 0.01 0.0 10:53:43
19.0 688.0 0.01 0.0 10:54:7
162.0 669.0 0.01 0.0 10:54:33
389.0 808.0 0.01 0.0 10:54:57
540.0 792.0 0.01 0.0 10:55:13
562.0 707.0 0.01 0.0 10:55:55
493.0 704.0 0.01 0.0 10:56:19
518.0 700.0 0.01 0.0 10:56:43
555.0 677.0 0.01 0.0 10:57:7
569.0 714.0 0.01 0.0 10:57:37
600.0 684.0 0.01 0.0 10:57:53
580.0 681.0 0.01 0.0 10:58:49
583.0 684.0 0.01 0.0 10:58:53
620.0 709.0 0.01 0.0 10:59:5
620.0 683.0 0.01 0.0 10:59:29
204.0 609.0 0.01 0.0 11:0:27
142.0 635.0 0.01 0.0 11:0:53
100.0 697.0 0.01 0.0 11:1:21
82.0 627.0 0.01 0.0 11:1:41
66.0 678.0 0.01 0.0 11:2:5
77.0 706.0 0.01 0.0 11:2:51
75.0 808.0 0.01 0.0 11:3:15
94.0 685.0 0.01 0.0 11:3:41
89.0 758.0 0.01 0.0 11:4:4
54.0 732.0 0.01 0.0 11:5:16
37.0 680.0 0.01 0.0 11:5:48
57.0 643.0 0.01 0.0 11:6:16
51.0 744.0 0.01 0.0 11:6:40
42.0 689.0 0.01 0.0 11:7:4
56.0 697.0 0.01 0.0 11:7:26
60.0 716.0 0.01 0.0 11:8:4
30.0 539.0 0.01 0.0 11:8:16
12.0 766.0 0.01 0.0 11:8:42
7.0 715.0 0.01 0.0 11:9:0
11.0 706.0 0.01 0.0 11:10:4
5.0 780.0 0.01 0.0 11:10:18
6.0 778.0 0.01 0.0 11:10:54
10.0 719.0 0.01 0.0 11:11:30
20.0 740.0 0.01 0.0 11:11:36
30.0 785.0 0.01 0.0 11:12:4
32.0 741.0 0.01 0.0 11:12:56
38.0 701.0 0.01 0.0 11:13:16
30.0 722.0 0.01 0.0 11:13:42
89.0 763.0 0.01 0.0 11:14:8
151.0 723.0 0.01 0.0 11:14:24
214.0 743.0 0.01 0.0 11:14:48
323.0 721.0 0.01 0.0 11:15:14
367.0 739.0 0.01 0.0 11:15:56
435.0 724.0 0.01 0.0 11:16:12
409.0 730.0 0.01 0.0 11:16:36
509.0 724.0 0.01 0.0 11:17:30
556.0 700.0 0.01 0.0 11:17:48
583.0 711.0 0.01 0.0 11:18:14
618.0 707.0 0.01 0.0 11:18:42
671.0 680.0 0.01 0.0 11:19:4
339.0 708.0 0.01 0.0 11:19:28
181.0 738.0 0.01 0.0 11:19:52
172.0 730.0 0.01 0.0 11:20:18
194.0 748.0 0.01 0.0 11:20:50
