14.0 15.0 15.0 9:38:19
15.0 16.0 17.0 9:38:47
15.0 16.0 17.0 9:39:9
10.0 13.0 16.0 9:39:25
10.0 12.0 14.0 9:39:49
10.0 12.0 14.0 9:40:23
4.0 5.0 5.0 9:40:53
10.0 11.0 11.0 9:41:17
9.0 10.0 10.0 9:41:49
8.0 9.0 10.0 9:42:5
10.0 11.0 12.0 9:42:27
6.0 7.0 7.0 9:43:21
13.0 14.0 14.0 9:43:41
13.0 13.0 13.0 9:44:7
6.0 7.0 7.0 9:44:39
8.0 9.0 9.0 9:44:51
8.0 9.0 9.0 9:45:15
12.0 13.0 13.0 9:45:59
10.0 10.0 10.0 9:46:15
12.0 12.0 12.0 9:46:41
12.0 12.0 12.0 9:47:5
14.0 15.0 15.0 9:47:29
14.0 15.0 15.0 9:47:53
17.0 18.0 18.0 9:48:17
13.0 14.0 14.0 9:49:3
11.0 11.0 11.0 9:49:29
11.0 11.0 11.0 9:50:1
11.0 11.0 11.0 9:50:15
9.0 9.0 9.0 9:50:51
12.0 13.0 13.0 9:51:25
14.0 15.0 15.0 9:51:43
15.0 16.0 17.0 9:52:3
11.0 11.0 11.0 9:52:39
11.0 11.0 11.0 9:52:51
16.0 17.0 17.0 9:53:21
14.0 15.0 15.0 9:53:47
23.0 25.0 26.0 9:54:25
22.0 25.0 26.0 9:54:51
22.0 25.0 26.0 9:55:27
17.0 18.0 19.0 9:55:53
17.0 19.0 20.0 9:56:39
25.0 26.0 26.0 9:57:3
12.0 12.0 12.0 9:57:27
24.0 25.0 25.0 9:58:17
17.0 18.0 18.0 9:58:43
17.0 18.0 18.0 9:59:1
15.0 16.0 16.0 9:59:27
15.0 16.0 16.0 9:59:51
15.0 16.0 16.0 10:0:17
17.0 18.0 18.0 10:0:51
12.0 13.0 13.0 10:1:15
24.0 25.0 25.0 10:2:5
13.0 14.0 14.0 10:2:29
13.0 14.0 14.0 10:3:1
16.0 17.0 17.0 10:3:21
13.0 14.0 14.0 10:3:49
13.0 14.0 14.0 10:4:1
19.0 20.0 20.0 10:4:43
18.0 20.0 20.0 10:5:15
15.0 16.0 16.0 10:5:59
12.0 13.0 14.0 10:6:13
16.0 17.0 17.0 10:6:37
16.0 17.0 17.0 10:7:3
13.0 14.0 14.0 10:7:27
13.0 14.0 14.0 10:7:53
14.0 15.0 15.0 10:8:17
14.0 15.0 15.0 10:8:41
14.0 15.0 15.0 10:9:5
18.0 21.0 23.0 10:9:29
18.0 20.0 22.0 10:10:5
18.0 20.0 22.0 10:10:17
13.0 13.0 13.0 10:10:53
18.0 19.0 20.0 10:11:27
17.0 18.0 18.0 10:11:39
10.0 11.0 11.0 10:12:5
15.0 16.0 17.0 10:12:53
16.0 18.0 18.0 10:13:17
17.0 18.0 18.0 10:13:57
17.0 18.0 18.0 10:14:5
15.0 16.0 16.0 10:14:29
15.0 17.0 18.0 10:14:55
15.0 17.0 18.0 10:15:15
18.0 20.0 21.0 10:15:53
38.0 40.0 40.0 10:16:19
19.0 21.0 21.0 10:16:39
18.0 19.0 19.0 10:17:5
14.0 15.0 15.0 10:17:37
14.0 15.0 15.0 10:17:49
14.0 15.0 15.0 10:18:17
18.0 19.0 20.0 10:18:37
18.0 19.0 20.0 10:19:13
16.0 17.0 18.0 10:19:35
16.0 17.0 17.0 10:19:53
16.0 17.0 17.0 10:20:17
17.0 18.0 19.0 10:20:59
20.0 21.0 22.0 10:21:19
15.0 16.0 16.0 10:21:43
15.0 16.0 16.0 10:22:27
15.0 16.0 16.0 10:22:53
21.0 22.0 22.0 10:23:29
15.0 16.0 16.0 10:23:41
20.0 21.0 21.0 10:24:25
20.0 21.0 21.0 10:25:5
20.0 21.0 21.0 10:25:19
17.0 18.0 18.0 10:25:53
19.0 20.0 20.0 10:26:25
19.0 20.0 20.0 10:26:41
19.0 20.0 20.0 10:27:39
19.0 20.0 20.0 10:27:55
23.0 25.0 25.0 10:28:13
13.0 14.0 14.0 10:28:45
14.0 15.0 15.0 10:29:1
17.0 18.0 18.0 10:29:25
18.0 19.0 19.0 10:30:1
18.0 19.0 19.0 10:30:17
24.0 25.0 25.0 10:30:59
17.0 18.0 18.0 10:31:23
14.0 15.0 16.0 10:31:39
18.0 20.0 21.0 10:32:7
15.0 16.0 16.0 10:32:49
18.0 19.0 20.0 10:33:13
18.0 19.0 19.0 10:33:37
18.0 19.0 19.0 10:34:5
19.0 21.0 22.0 10:34:31
19.0 21.0 21.0 10:34:53
19.0 21.0 21.0 10:35:39
14.0 14.0 14.0 10:36:17
15.0 16.0 16.0 10:37:41
15.0 16.0 16.0 10:37:57
16.0 17.0 18.0 10:38:17
20.0 21.0 21.0 10:38:39
20.0 21.0 21.0 10:39:9
24.0 25.0 25.0 10:39:37
24.0 25.0 25.0 10:39:51
24.0 25.0 25.0 10:40:17
14.0 15.0 15.0 10:40:51
19.0 20.0 20.0 10:41:19
12.0 12.0 12.0 10:42:3
15.0 16.0 16.0 10:42:25
16.0 16.0 16.0 10:42:57
20.0 21.0 21.0 10:43:17
13.0 15.0 16.0 10:43:37
13.0 15.0 17.0 10:44:15
15.0 16.0 16.0 10:44:29
15.0 16.0 16.0 10:44:55
15.0 16.0 16.0 10:45:39
20.0 21.0 21.0 10:45:51
23.0 26.0 29.0 10:46:21
18.0 19.0 19.0 10:46:43
17.0 17.0 17.0 10:47:3
22.0 25.0 26.0 10:48:3
28.0 29.0 29.0 10:48:19
18.0 20.0 20.0 10:48:37
18.0 20.0 20.0 10:49:7
19.0 20.0 20.0 10:49:25
19.0 20.0 20.0 10:49:49
19.0 20.0 20.0 10:50:33
17.0 19.0 19.0 10:50:53
20.0 21.0 21.0 10:51:17
20.0 22.0 22.0 10:52:3
24.0 26.0 27.0 10:52:27
24.0 26.0 26.0 10:52:53
13.0 14.0 14.0 10:53:23
22.0 23.0 23.0 10:53:43
22.0 23.0 23.0 10:54:7
17.0 18.0 18.0 10:54:33
17.0 18.0 18.0 10:54:57
17.0 18.0 18.0 10:55:13
20.0 22.0 23.0 10:55:55
25.0 26.0 26.0 10:56:19
25.0 26.0 26.0 10:56:43
21.0 23.0 24.0 10:57:37
22.0 23.0 24.0 10:57:53
26.0 28.0 28.0 10:58:53
26.0 28.0 28.0 10:59:5
31.0 34.0 35.0 10:59:29
31.0 34.0 35.0 11:0:27
35.0 37.0 37.0 11:0:53
25.0 27.0 27.0 11:1:21
25.0 26.0 26.0 11:1:41
23.0 24.0 24.0 11:2:5
23.0 24.0 24.0 11:2:33
23.0 25.0 25.0 11:2:51
31.0 32.0 32.0 11:3:41
31.0 33.0 33.0 11:4:4
25.0 26.0 26.0 11:4:56
25.0 26.0 26.0 11:5:16
28.0 30.0 30.0 11:5:48
27.0 29.0 29.0 11:6:16
24.0 26.0 26.0 11:6:40
33.0 35.0 35.0 11:7:26
33.0 35.0 35.0 11:8:4
29.0 30.0 30.0 11:8:16
30.0 32.0 33.0 11:8:42
30.0 32.0 32.0 11:9:0
28.0 29.0 29.0 11:9:26
28.0 29.0 29.0 11:10:4
28.0 29.0 29.0 11:10:18
24.0 25.0 25.0 11:10:54
29.0 31.0 31.0 11:11:36
26.0 27.0 27.0 11:12:4
30.0 32.0 32.0 11:12:28
30.0 32.0 33.0 11:12:56
28.0 31.0 34.0 11:13:16
31.0 33.0 33.0 11:13:42
31.0 33.0 33.0 11:14:8
35.0 37.0 37.0 11:14:24
35.0 37.0 37.0 11:14:48
35.0 37.0 37.0 11:15:14
29.0 33.0 37.0 11:15:56
26.0 27.0 27.0 11:16:12
26.0 28.0 28.0 11:16:36
33.0 35.0 35.0 11:17:2
25.0 27.0 27.0 11:17:30
26.0 27.0 27.0 11:17:48
25.0 27.0 27.0 11:18:14
25.0 27.0 27.0 11:18:42
25.0 27.0 27.0 11:19:4
21.0 22.0 22.0 11:19:28
22.0 23.0 23.0 11:19:52
22.0 23.0 23.0 11:20:18
16.0 18.0 19.0 11:20:50
