27.0 58.0 101515.0 9:38:19
27.0 58.0 101515.0 9:38:47
27.0 58.0 101515.0 9:39:25
27.0 57.0 101515.0 9:39:49
27.0 57.0 101515.0 9:40:23
27.0 57.0 101515.0 9:40:53
27.0 56.0 101516.0 9:41:17
28.0 55.0 101516.0 9:41:49
28.0 55.0 101516.0 9:42:5
28.0 55.0 101517.0 9:42:27
28.0 54.0 101517.0 9:43:21
28.0 54.0 101517.0 9:43:41
28.0 54.0 101518.0 9:44:7
28.0 53.0 101518.0 9:44:39
28.0 53.0 101518.0 9:44:51
28.0 53.0 101518.0 9:45:15
28.0 51.0 101518.0 9:45:59
28.0 49.0 101521.0 9:46:15
27.0 48.0 101527.0 9:46:41
26.0 47.0 101534.0 9:47:5
26.0 47.0 101540.0 9:47:29
25.0 47.0 101546.0 9:47:53
25.0 48.0 101551.0 9:48:17
24.0 48.0 101556.0 9:48:43
24.0 48.0 101561.0 9:49:3
24.0 49.0 101566.0 9:49:29
24.0 49.0 101570.0 9:50:1
24.0 49.0 101574.0 9:50:15
23.0 50.0 101578.0 9:50:51
24.0 49.0 101586.0 9:51:43
24.0 49.0 101589.0 9:52:3
24.0 49.0 101595.0 9:52:51
23.0 50.0 101597.0 9:53:21
23.0 51.0 101600.0 9:53:47
23.0 51.0 101603.0 9:54:13
23.0 51.0 101605.0 9:54:25
23.0 51.0 101608.0 9:54:51
23.0 51.0 101610.0 9:55:27
24.0 51.0 101612.0 9:55:53
25.0 49.0 101616.0 9:56:39
25.0 49.0 101618.0 9:57:3
25.0 49.0 101620.0 9:57:27
26.0 49.0 101623.0 9:58:17
26.0 49.0 101625.0 9:58:43
26.0 49.0 101626.0 9:59:1
26.0 49.0 101628.0 9:59:27
26.0 49.0 101630.0 9:59:51
27.0 49.0 101631.0 10:0:17
26.0 49.0 101632.0 10:0:51
25.0 48.0 101632.0 10:1:15
25.0 48.0 101633.0 10:1:41
25.0 48.0 101633.0 10:2:5
24.0 49.0 101634.0 10:2:29
23.0 51.0 101634.0 10:3:21
23.0 52.0 101635.0 10:3:49
23.0 52.0 101635.0 10:4:1
23.0 52.0 101635.0 10:4:43
23.0 51.0 101635.0 10:4:55
23.0 51.0 101635.0 10:5:15
22.0 52.0 101635.0 10:5:59
22.0 53.0 101636.0 10:6:13
23.0 52.0 101635.0 10:6:37
23.0 52.0 101635.0 10:7:3
24.0 52.0 101634.0 10:7:27
24.0 51.0 101633.0 10:7:53
24.0 51.0 101633.0 10:8:17
25.0 51.0 101632.0 10:8:41
25.0 50.0 101632.0 10:9:5
25.0 50.0 101631.0 10:9:29
25.0 50.0 101631.0 10:10:5
25.0 49.0 101630.0 10:10:17
25.0 49.0 101630.0 10:10:53
25.0 48.0 101630.0 10:11:27
26.0 47.0 101629.0 10:11:39
26.0 47.0 101629.0 10:12:5
25.0 47.0 101628.0 10:12:37
25.0 48.0 101628.0 10:12:53
24.0 48.0 101628.0 10:13:17
24.0 49.0 101627.0 10:14:5
24.0 49.0 101628.0 10:14:29
24.0 49.0 101627.0 10:14:55
23.0 50.0 101627.0 10:15:15
23.0 50.0 101626.0 10:15:53
23.0 50.0 101625.0 10:16:19
24.0 50.0 101625.0 10:16:39
24.0 49.0 101624.0 10:17:5
25.0 49.0 101623.0 10:17:37
25.0 49.0 101623.0 10:17:49
24.0 49.0 101622.0 10:18:17
24.0 49.0 101621.0 10:18:37
24.0 49.0 101621.0 10:19:13
24.0 49.0 101620.0 10:19:35
23.0 49.0 101620.0 10:19:53
23.0 50.0 101619.0 10:20:17
23.0 50.0 101618.0 10:20:59
23.0 50.0 101617.0 10:21:19
23.0 51.0 101617.0 10:21:43
24.0 50.0 101615.0 10:22:27
25.0 49.0 101615.0 10:22:53
25.0 49.0 101614.0 10:23:29
25.0 49.0 101613.0 10:23:41
25.0 49.0 101613.0 10:24:7
25.0 48.0 101613.0 10:24:25
26.0 48.0 101613.0 10:25:5
26.0 48.0 101613.0 10:25:19
26.0 48.0 101613.0 10:25:53
26.0 47.0 101613.0 10:26:25
26.0 47.0 101613.0 10:26:41
26.0 46.0 101613.0 10:27:7
25.0 47.0 101613.0 10:27:55
25.0 47.0 101613.0 10:28:13
24.0 48.0 101613.0 10:28:45
24.0 48.0 101612.0 10:29:1
24.0 49.0 101612.0 10:29:25
23.0 50.0 101611.0 10:30:17
23.0 50.0 101610.0 10:30:59
23.0 50.0 101609.0 10:31:23
23.0 50.0 101608.0 10:31:39
23.0 50.0 101607.0 10:32:7
23.0 51.0 101605.0 10:32:49
22.0 51.0 101605.0 10:33:13
22.0 51.0 101604.0 10:33:37
23.0 51.0 101603.0 10:34:5
22.0 51.0 101602.0 10:34:31
22.0 51.0 101602.0 10:34:53
23.0 51.0 101601.0 10:35:39
23.0 50.0 101600.0 10:35:57
24.0 49.0 101599.0 10:36:17
25.0 48.0 101597.0 10:37:41
25.0 47.0 101597.0 10:37:57
25.0 47.0 101596.0 10:38:17
25.0 47.0 101596.0 10:38:39
26.0 47.0 101596.0 10:39:9
26.0 47.0 101596.0 10:39:37
26.0 46.0 101596.0 10:39:51
26.0 46.0 101596.0 10:40:17
25.0 47.0 101596.0 10:41:19
24.0 48.0 101596.0 10:41:45
24.0 48.0 101596.0 10:42:3
24.0 48.0 101596.0 10:42:25
24.0 48.0 101596.0 10:42:57
23.0 49.0 101596.0 10:43:17
23.0 49.0 101596.0 10:43:37
22.0 51.0 101596.0 10:44:55
22.0 51.0 101597.0 10:45:39
22.0 51.0 101597.0 10:45:51
22.0 52.0 101597.0 10:46:21
22.0 51.0 101598.0 10:46:43
22.0 51.0 101598.0 10:47:3
23.0 51.0 101599.0 10:47:35
23.0 51.0 101600.0 10:48:3
24.0 51.0 101600.0 10:48:19
24.0 50.0 101600.0 10:48:37
24.0 50.0 101601.0 10:49:7
24.0 50.0 101601.0 10:49:25
24.0 50.0 101602.0 10:49:49
24.0 50.0 101603.0 10:50:53
24.0 50.0 101604.0 10:51:17
24.0 50.0 101605.0 10:52:27
24.0 50.0 101605.0 10:52:53
24.0 51.0 101606.0 10:53:23
24.0 51.0 101606.0 10:53:43
24.0 51.0 101607.0 10:54:7
24.0 50.0 101608.0 10:54:33
24.0 50.0 101609.0 10:54:57
25.0 50.0 101610.0 10:55:13
25.0 50.0 101611.0 10:55:55
25.0 50.0 101612.0 10:56:19
26.0 49.0 101613.0 10:56:43
26.0 49.0 101614.0 10:57:7
26.0 49.0 101615.0 10:57:37
26.0 48.0 101616.0 10:57:53
27.0 48.0 101618.0 10:58:53
27.0 48.0 101619.0 10:59:5
27.0 48.0 101620.0 10:59:29
26.0 47.0 101620.0 11:0:27
25.0 48.0 101620.0 11:0:53
25.0 48.0 101619.0 11:1:21
25.0 48.0 101619.0 11:1:41
25.0 48.0 101619.0 11:2:5
25.0 48.0 101618.0 11:2:33
24.0 49.0 101618.0 11:2:51
24.0 50.0 101618.0 11:3:15
24.0 50.0 101618.0 11:3:41
24.0 50.0 101618.0 11:4:4
24.0 51.0 101617.0 11:4:28
23.0 51.0 101617.0 11:4:56
23.0 51.0 101617.0 11:5:16
23.0 52.0 101616.0 11:5:48
23.0 52.0 101616.0 11:6:16
23.0 52.0 101615.0 11:6:40
23.0 52.0 101615.0 11:7:4
23.0 52.0 101614.0 11:7:26
23.0 52.0 101614.0 11:8:4
23.0 52.0 101613.0 11:8:16
23.0 53.0 101613.0 11:8:42
23.0 53.0 101613.0 11:9:0
22.0 54.0 101613.0 11:9:26
22.0 54.0 101613.0 11:10:4
22.0 54.0 101613.0 11:10:18
22.0 55.0 101613.0 11:10:54
22.0 55.0 101613.0 11:11:36
22.0 54.0 101614.0 11:12:4
23.0 54.0 101614.0 11:12:28
23.0 54.0 101614.0 11:12:56
23.0 54.0 101614.0 11:13:16
23.0 54.0 101615.0 11:13:42
23.0 54.0 101615.0 11:14:8
24.0 53.0 101616.0 11:14:24
24.0 53.0 101616.0 11:14:48
24.0 52.0 101617.0 11:15:14
24.0 52.0 101617.0 11:15:56
25.0 51.0 101618.0 11:16:12
25.0 51.0 101618.0 11:16:36
25.0 51.0 101619.0 11:17:2
25.0 50.0 101619.0 11:17:30
26.0 50.0 101620.0 11:17:48
26.0 50.0 101620.0 11:18:14
26.0 50.0 101620.0 11:18:42
26.0 50.0 101620.0 11:19:4
26.0 50.0 101620.0 11:19:28
25.0 50.0 101620.0 11:19:52
25.0 50.0 101616.0 11:20:18
25.0 51.0 101609.0 11:20:50
