22.0 59.0 98969.0 10:2:6
22.0 59.0 98970.0 10:2:30
23.0 59.0 98970.0 10:3:0
23.0 58.0 98971.0 10:3:18
23.0 58.0 98972.0 10:3:40
23.0 58.0 98972.0 10:4:4
23.0 58.0 98973.0 10:4:28
23.0 57.0 98973.0 10:4:52
23.0 57.0 98974.0 10:5:18
23.0 57.0 98974.0 10:5:54
23.0 56.0 98974.0 10:6:18
24.0 56.0 98974.0 10:6:38
24.0 55.0 98974.0 10:7:2
24.0 55.0 98974.0 10:7:26
24.0 54.0 98974.0 10:8:2
24.0 54.0 98974.0 10:8:14
24.0 52.0 98974.0 10:8:38
24.0 50.0 98976.0 10:9:2
24.0 49.0 98982.0 10:9:40
23.0 48.0 98988.0 10:9:54
23.0 48.0 98994.0 10:10:22
21.0 48.0 99000.0 10:10:48
21.0 48.0 99005.0 10:11:16
21.0 49.0 99011.0 10:11:40
20.0 49.0 99016.0 10:12:2
20.0 49.0 99020.0 10:12:30
20.0 50.0 99024.0 10:12:50
20.0 50.0 99029.0 10:13:18
19.0 51.0 99032.0 10:13:38
19.0 51.0 99036.0 10:14:6
18.0 52.0 99040.0 10:14:24
18.0 53.0 99043.0 10:15:0
18.0 53.0 99045.0 10:15:14
18.0 54.0 99048.0 10:15:58
18.0 54.0 99051.0 10:16:34
18.0 54.0 99053.0 10:16:46
18.0 54.0 99056.0 10:17:2
18.0 54.0 99058.0 10:17:26
18.0 54.0 99062.0 10:18:12
18.0 54.0 99064.0 10:18:40
18.0 54.0 99065.0 10:19:0
19.0 54.0 99067.0 10:19:28
19.0 53.0 99068.0 10:19:52
19.0 54.0 99070.0 10:20:14
19.0 54.0 99072.0 10:20:58
20.0 53.0 99073.0 10:21:16
20.0 52.0 99073.0 10:21:48
20.0 52.0 99074.0 10:22:4
20.0 52.0 99075.0 10:22:28
21.0 52.0 99076.0 10:23:4
21.0 52.0 99076.0 10:23:16
20.0 52.0 99077.0 10:23:40
20.0 51.0 99078.0 10:24:2
20.0 52.0 99078.0 10:24:26
19.0 52.0 99079.0 10:24:58
19.0 53.0 99079.0 10:25:20
18.0 54.0 99080.0 10:25:48
18.0 55.0 99080.0 10:26:18
18.0 55.0 99080.0 10:26:36
18.0 55.0 99081.0 10:27:4
18.0 55.0 99080.0 10:27:52
17.0 56.0 99080.0 10:28:20
17.0 57.0 99080.0 10:28:48
17.0 57.0 99080.0 10:29:0
17.0 57.0 99079.0 10:29:26
17.0 57.0 99079.0 10:29:58
17.0 56.0 99078.0 10:30:14
18.0 56.0 99077.0 10:30:58
18.0 55.0 99077.0 10:31:18
18.0 54.0 99076.0 10:31:38
19.0 54.0 99076.0 10:32:2
19.0 54.0 99076.0 10:32:28
19.0 53.0 99075.0 10:33:0
19.0 53.0 99075.0 10:33:18
19.0 53.0 99075.0 10:33:40
19.0 53.0 99074.0 10:34:24
20.0 53.0 99074.0 10:34:48
19.0 53.0 99074.0 10:35:12
18.0 54.0 99074.0 10:35:50
18.0 54.0 99074.0 10:36:16
18.0 54.0 99075.0 10:36:40
18.0 54.0 99075.0 10:37:14
18.0 54.0 99076.0 10:37:26
18.0 55.0 99075.0 10:37:56
18.0 55.0 99075.0 10:38:26
18.0 55.0 99075.0 10:38:38
18.0 55.0 99075.0 10:39:2
18.0 56.0 99074.0 10:39:26
18.0 56.0 99074.0 10:39:50
18.0 56.0 99074.0 10:40:14
17.0 56.0 99073.0 10:40:52
18.0 56.0 99073.0 10:41:28
18.0 56.0 99073.0 10:41:42
18.0 56.0 99072.0 10:42:8
18.0 56.0 99072.0 10:42:28
18.0 56.0 99072.0 10:42:52
18.0 55.0 99071.0 10:43:16
18.0 55.0 99071.0 10:43:40
18.0 55.0 99071.0 10:44:14
19.0 54.0 99070.0 10:44:52
19.0 54.0 99070.0 10:45:16
19.0 54.0 99069.0 10:46:4
19.0 54.0 99069.0 10:46:16
19.0 53.0 99069.0 10:46:40
19.0 53.0 99069.0 10:47:4
19.0 52.0 99068.0 10:47:52
19.0 52.0 99067.0 10:48:20
19.0 53.0 99067.0 10:48:42
19.0 53.0 99067.0 10:49:12
18.0 54.0 99067.0 10:49:30
18.0 54.0 99066.0 10:49:54
17.0 55.0 99066.0 10:50:18
17.0 56.0 99065.0 10:50:56
17.0 56.0 99064.0 10:51:36
17.0 57.0 99063.0 10:52:26
17.0 57.0 99062.0 10:52:52
17.0 57.0 99062.0 10:53:12
17.0 58.0 99061.0 10:53:36
17.0 58.0 99060.0 10:54:2
16.0 59.0 99059.0 10:54:36
16.0 59.0 99058.0 10:54:54
16.0 60.0 99058.0 10:55:14
16.0 60.0 99057.0 10:55:54
16.0 59.0 99056.0 10:56:16
17.0 58.0 99056.0 10:56:40
17.0 57.0 99055.0 10:57:4
17.0 57.0 99055.0 10:57:32
18.0 56.0 99054.0 10:57:52
18.0 56.0 99054.0 10:58:16
18.0 56.0 99054.0 10:58:48
18.0 55.0 99053.0 10:59:2
18.0 55.0 99053.0 10:59:26
18.0 55.0 99053.0 10:59:52
18.0 55.0 99052.0 11:0:18
18.0 55.0 99052.0 11:0:50
18.0 55.0 99052.0 11:1:24
18.0 54.0 99051.0 11:1:38
18.0 54.0 99051.0 11:2:2
18.0 55.0 99051.0 11:2:26
18.0 55.0 99051.0 11:2:56
18.0 55.0 99051.0 11:3:18
17.0 56.0 99051.0 11:3:36
17.0 57.0 99050.0 11:4:40
17.0 57.0 99050.0 11:4:54
16.0 58.0 99050.0 11:5:14
16.0 59.0 99050.0 11:5:56
16.0 59.0 99049.0 11:6:42
16.0 58.0 99049.0 11:7:4
16.0 59.0 99049.0 11:7:28
16.0 59.0 99049.0 11:8:12
16.0 59.0 99049.0 11:8:42
16.0 59.0 99049.0 11:9:8
16.0 59.0 99050.0 11:9:42
16.0 60.0 99050.0 11:10:12
15.0 62.0 99051.0 11:10:58
15.0 62.0 99052.0 11:11:12
15.0 62.0 99053.0 11:11:38
15.0 62.0 99054.0 11:12:28
15.0 62.0 99054.0 11:12:52
15.0 62.0 99054.0 11:13:16
16.0 62.0 99054.0 11:13:44
16.0 61.0 99054.0 11:14:10
16.0 62.0 99054.0 11:14:30
16.0 61.0 99055.0 11:15:14
17.0 61.0 99055.0 11:15:52
18.0 59.0 99056.0 11:16:40
18.0 59.0 99057.0 11:17:4
19.0 58.0 99058.0 11:17:30
19.0 58.0 99059.0 11:17:52
19.0 57.0 99060.0 11:18:16
19.0 57.0 99060.0 11:18:40
19.0 56.0 99061.0 11:19:2
19.0 56.0 99062.0 11:19:26
19.0 55.0 99063.0 11:19:52
19.0 55.0 99063.0 11:20:16
18.0 56.0 99063.0 11:20:52
18.0 56.0 99062.0 11:21:14
18.0 55.0 99062.0 11:21:38
18.0 55.0 99062.0 11:22:8
18.0 55.0 99062.0 11:22:28
18.0 55.0 99061.0 11:22:50
18.0 55.0 99061.0 11:23:30
18.0 56.0 99061.0 11:23:42
18.0 56.0 99060.0 11:24:0
17.0 56.0 99060.0 11:24:30
17.0 56.0 99059.0 11:24:52
17.0 56.0 99059.0 11:25:18
17.0 57.0 99058.0 11:25:50
17.0 57.0 99057.0 11:26:14
17.0 57.0 99057.0 11:26:38
17.0 58.0 99056.0 11:27:2
17.0 58.0 99055.0 11:27:28
17.0 58.0 99053.0 11:28:16
17.0 58.0 99052.0 11:28:38
17.0 58.0 99051.0 11:29:6
17.0 58.0 99050.0 11:29:30
17.0 58.0 99050.0 11:30:4
17.0 59.0 99049.0 11:30:18
16.0 59.0 99048.0 11:30:54
16.0 59.0 99048.0 11:31:18
16.0 59.0 99047.0 11:31:50
16.0 58.0 99047.0 11:32:2
17.0 58.0 99046.0 11:32:26
17.0 58.0 99046.0 11:32:50
17.0 59.0 99046.0 11:33:22
16.0 59.0 99046.0 11:33:42
16.0 59.0 99046.0 11:34:2
16.0 59.0 99046.0 11:34:34
16.0 59.0 99046.0 11:34:52
17.0 58.0 99046.0 11:35:16
17.0 57.0 99047.0 11:36:24
18.0 56.0 99046.0 11:36:40
18.0 56.0 99047.0 11:37:4
18.0 56.0 99047.0 11:37:36
19.0 56.0 99047.0 11:37:52
19.0 56.0 99046.0 11:38:16
19.0 56.0 99046.0 11:38:52
19.0 55.0 99046.0 11:39:8
19.0 55.0 99045.0 11:39:24
20.0 54.0 99044.0 11:39:48
19.0 54.0 99043.0 11:40:18
19.0 54.0 99041.0 11:41:2
19.0 54.0 99034.0 11:41:14
20.0 55.0 99026.0 11:41:38
20.0 54.0 99018.0 11:42:14
21.0 54.0 99012.0 11:42:26
21.0 54.0 99005.0 11:42:52
21.0 55.0 98999.0 11:43:16
21.0 55.0 98994.0 11:43:40
22.0 55.0 98988.0 11:44:4
22.0 55.0 98984.0 11:44:28
22.0 55.0 98979.0 11:44:52
22.0 55.0 98975.0 11:45:16
22.0 55.0 98971.0 11:45:50
23.0 55.0 98967.0 11:46:14
23.0 54.0 98963.0 11:46:48
23.0 53.0 98960.0 11:47:4
24.0 54.0 98957.0 11:47:26
24.0 53.0 98954.0 11:47:56
24.0 54.0 98951.0 11:48:16
