513.0 1145.0 0.01 0.0 10:2:6
561.0 1151.0 0.01 0.0 10:2:30
568.0 1188.0 0.01 0.0 10:3:0
564.0 1197.0 0.01 0.0 10:3:18
549.0 1175.0 0.01 0.0 10:3:40
551.0 1204.0 0.01 0.0 10:4:4
557.0 1217.0 0.01 0.0 10:4:28
537.0 1250.0 0.01 0.0 10:4:52
525.0 1233.0 0.01 0.0 10:5:18
499.0 1196.0 0.01 0.0 10:5:54
498.0 1170.0 0.01 0.0 10:6:18
494.0 1189.0 0.01 0.0 10:6:38
526.0 1188.0 0.01 0.0 10:7:2
498.0 1221.0 0.01 0.0 10:7:26
422.0 1648.0 0.01 0.0 10:8:2
306.0 1262.0 0.01 0.0 10:8:14
150.0 1035.0 0.01 0.0 10:8:38
79.0 891.0 0.01 0.0 10:9:2
23.0 793.0 0.01 0.0 10:9:40
3.0 861.0 0.01 0.0 10:9:54
6.0 852.0 0.01 0.0 10:10:22
0.0 771.0 0.01 0.0 10:10:48
4.0 784.0 0.01 0.0 10:11:16
137.0 734.0 0.01 0.0 10:11:40
75.0 794.0 0.01 0.0 10:12:2
9.0 659.0 0.01 0.0 10:12:30
4.0 674.0 0.01 0.0 10:12:50
3.0 750.0 0.01 0.0 10:13:18
5.0 1001.0 0.01 0.0 10:13:38
5.0 771.0 0.01 0.0 10:14:6
16.0 747.0 0.01 0.0 10:15:14
8.0 715.0 0.01 0.0 10:15:58
3.0 824.0 0.01 0.0 10:16:46
2.0 712.0 0.01 0.0 10:17:2
3.0 742.0 0.01 0.0 10:17:26
2.0 763.0 0.01 0.0 10:18:4
25.0 749.0 0.01 0.0 10:18:12
132.0 749.0 0.01 0.0 10:18:40
207.0 768.0 0.01 0.0 10:19:0
229.0 764.0 0.01 0.0 10:19:28
235.0 779.0 0.01 0.0 10:19:52
291.0 750.0 0.01 0.0 10:20:14
270.0 720.0 0.01 0.0 10:20:58
194.0 735.0 0.01 0.0 10:21:16
132.0 728.0 0.01 0.0 10:21:48
174.0 736.0 0.01 0.0 10:22:4
238.0 735.0 0.01 0.0 10:22:28
263.0 759.0 0.01 0.0 10:23:4
235.0 740.0 0.01 0.0 10:23:16
131.0 726.0 0.01 0.0 10:23:40
66.0 705.0 0.01 0.0 10:24:2
28.0 704.0 0.01 0.0 10:24:26
22.0 749.0 0.01 0.0 10:24:58
3.0 873.0 0.01 0.0 10:25:20
0.0 787.0 0.01 0.0 10:25:48
0.0 798.0 0.01 0.0 10:26:18
1.0 833.0 0.01 0.0 10:26:36
6.0 796.0 0.01 0.0 10:27:40
5.0 814.0 0.01 0.0 10:27:52
2.0 853.0 0.01 0.0 10:28:20
1.0 753.0 0.01 0.0 10:28:48
2.0 752.0 0.01 0.0 10:29:0
5.0 751.0 0.01 0.0 10:29:26
44.0 745.0 0.01 0.0 10:29:58
57.0 719.0 0.01 0.0 10:30:14
96.0 748.0 0.01 0.0 10:31:18
124.0 711.0 0.01 0.0 10:31:38
162.0 736.0 0.01 0.0 10:32:2
179.0 718.0 0.01 0.0 10:32:28
212.0 740.0 0.01 0.0 10:33:0
165.0 736.0 0.01 0.0 10:33:18
201.0 725.0 0.01 0.0 10:33:40
211.0 747.0 0.01 0.0 10:34:20
252.0 735.0 0.01 0.0 10:34:24
277.0 721.0 0.01 0.0 10:34:48
153.0 708.0 0.01 0.0 10:35:12
72.0 752.0 0.01 0.0 10:35:50
41.0 637.0 0.01 0.0 10:36:16
30.0 708.0 0.01 0.0 10:36:40
19.0 695.0 0.01 0.0 10:37:14
30.0 775.0 0.01 0.0 10:37:26
33.0 722.0 0.01 0.0 10:37:56
11.0 712.0 0.01 0.0 10:38:26
2.0 736.0 0.01 0.0 10:38:38
5.0 789.0 0.01 0.0 10:39:2
5.0 775.0 0.01 0.0 10:39:26
6.0 655.0 0.01 0.0 10:39:50
10.0 707.0 0.01 0.0 10:40:14
9.0 679.0 0.01 0.0 10:40:52
13.0 728.0 0.01 0.0 10:41:28
23.0 646.0 0.01 0.0 10:41:42
21.0 764.0 0.01 0.0 10:42:8
9.0 751.0 0.01 0.0 10:42:52
68.0 762.0 0.01 0.0 10:43:16
98.0 782.0 0.01 0.0 10:43:40
134.0 749.0 0.01 0.0 10:44:14
173.0 755.0 0.01 0.0 10:44:34
227.0 745.0 0.01 0.0 10:44:52
188.0 765.0 0.01 0.0 10:45:16
162.0 764.0 0.01 0.0 10:46:4
157.0 734.0 0.01 0.0 10:46:16
147.0 740.0 0.01 0.0 10:46:40
140.0 726.0 0.01 0.0 10:47:4
163.0 741.0 0.01 0.0 10:47:30
156.0 726.0 0.01 0.0 10:47:52
138.0 671.0 0.01 0.0 10:48:20
66.0 607.0 0.01 0.0 10:48:42
23.0 775.0 0.01 0.0 10:49:12
14.0 740.0 0.01 0.0 10:49:30
0.0 632.0 0.01 0.0 10:49:54
0.0 733.0 0.01 0.0 10:50:18
0.0 706.0 0.01 0.0 10:50:56
1.0 744.0 0.01 0.0 10:51:16
1.0 730.0 0.01 0.0 10:51:36
5.0 588.0 0.01 0.0 10:52:2
4.0 633.0 0.01 0.0 10:52:26
3.0 730.0 0.01 0.0 10:52:52
7.0 746.0 0.01 0.0 10:53:12
9.0 727.0 0.01 0.0 10:53:36
18.0 764.0 0.01 0.0 10:54:2
18.0 734.0 0.01 0.0 10:54:36
20.0 722.0 0.01 0.0 10:54:54
5.0 791.0 0.01 0.0 10:55:14
12.0 735.0 0.01 0.0 10:55:54
85.0 668.0 0.01 0.0 10:56:16
119.0 733.0 0.01 0.0 10:56:40
119.0 728.0 0.01 0.0 10:57:4
138.0 742.0 0.01 0.0 10:57:32
180.0 752.0 0.01 0.0 10:57:52
194.0 744.0 0.01 0.0 10:58:16
167.0 737.0 0.01 0.0 10:58:48
139.0 717.0 0.01 0.0 10:59:2
142.0 693.0 0.01 0.0 10:59:26
149.0 744.0 0.01 0.0 10:59:52
134.0 729.0 0.01 0.0 11:0:18
168.0 700.0 0.01 0.0 11:0:50
133.0 824.0 0.01 0.0 11:1:24
85.0 695.0 0.01 0.0 11:1:38
67.0 697.0 0.01 0.0 11:2:2
50.0 693.0 0.01 0.0 11:2:26
40.0 730.0 0.01 0.0 11:2:56
34.0 594.0 0.01 0.0 11:3:18
14.0 735.0 0.01 0.0 11:3:36
7.0 700.0 0.01 0.0 11:4:8
7.0 701.0 0.01 0.0 11:4:40
10.0 748.0 0.01 0.0 11:4:54
6.0 747.0 0.01 0.0 11:5:14
6.0 671.0 0.01 0.0 11:5:56
9.0 736.0 0.01 0.0 11:6:42
12.0 638.0 0.01 0.0 11:7:4
4.0 802.0 0.01 0.0 11:7:28
8.0 704.0 0.01 0.0 11:8:4
12.0 650.0 0.01 0.0 11:8:12
9.0 715.0 0.01 0.0 11:8:42
6.0 733.0 0.01 0.0 11:9:8
12.0 791.0 0.01 0.0 11:9:56
24.0 661.0 0.01 0.0 11:10:12
0.0 682.0 0.01 0.0 11:11:12
0.0 655.0 0.01 0.0 11:11:38
2.0 769.0 0.01 0.0 11:12:20
5.0 707.0 0.01 0.0 11:12:28
9.0 586.0 0.01 0.0 11:12:52
11.0 661.0 0.01 0.0 11:13:16
11.0 789.0 0.01 0.0 11:13:44
14.0 763.0 0.01 0.0 11:14:10
18.0 694.0 0.01 0.0 11:14:30
120.0 786.0 0.01 0.0 11:14:54
234.0 767.0 0.01 0.0 11:15:14
301.0 742.0 0.01 0.0 11:15:52
352.0 763.0 0.01 0.0 11:16:28
354.0 784.0 0.01 0.0 11:16:40
367.0 753.0 0.01 0.0 11:17:4
365.0 745.0 0.01 0.0 11:17:30
352.0 734.0 0.01 0.0 11:17:52
385.0 741.0 0.01 0.0 11:18:16
364.0 730.0 0.01 0.0 11:18:40
311.0 732.0 0.01 0.0 11:19:2
248.0 730.0 0.01 0.0 11:19:26
210.0 676.0 0.01 0.0 11:19:52
162.0 785.0 0.01 0.0 11:20:16
117.0 699.0 0.01 0.0 11:20:52
93.0 630.0 0.01 0.0 11:21:14
88.0 740.0 0.01 0.0 11:21:38
90.0 731.0 0.01 0.0 11:22:8
84.0 752.0 0.01 0.0 11:22:28
94.0 732.0 0.01 0.0 11:22:50
94.0 760.0 0.01 0.0 11:23:30
90.0 726.0 0.01 0.0 11:23:42
77.0 690.0 0.01 0.0 11:24:0
76.0 704.0 0.01 0.0 11:24:52
81.0 767.0 0.01 0.0 11:25:18
69.0 677.0 0.01 0.0 11:25:50
49.0 752.0 0.01 0.0 11:26:14
35.0 672.0 0.01 0.0 11:26:38
35.0 791.0 0.01 0.0 11:27:2
40.0 713.0 0.01 0.0 11:27:28
29.0 727.0 0.01 0.0 11:28:4
40.0 740.0 0.01 0.0 11:28:16
50.0 707.0 0.01 0.0 11:28:38
51.0 699.0 0.01 0.0 11:29:6
51.0 691.0 0.01 0.0 11:29:30
58.0 757.0 0.01 0.0 11:30:4
50.0 704.0 0.01 0.0 11:30:18
45.0 752.0 0.01 0.0 11:30:54
36.0 655.0 0.01 0.0 11:31:18
34.0 770.0 0.01 0.0 11:31:50
32.0 772.0 0.01 0.0 11:32:2
36.0 701.0 0.01 0.0 11:32:26
39.0 747.0 0.01 0.0 11:32:50
40.0 692.0 0.01 0.0 11:33:22
44.0 719.0 0.01 0.0 11:33:42
33.0 761.0 0.01 0.0 11:34:2
23.0 768.0 0.01 0.0 11:34:34
50.0 734.0 0.01 0.0 11:34:52
64.0 732.0 0.01 0.0 11:35:16
81.0 707.0 0.01 0.0 11:36:0
110.0 700.0 0.01 0.0 11:36:24
124.0 762.0 0.01 0.0 11:36:40
199.0 732.0 0.01 0.0 11:37:4
285.0 788.0 0.01 0.0 11:37:36
294.0 749.0 0.01 0.0 11:37:52
414.0 761.0 0.01 0.0 11:38:16
360.0 774.0 0.01 0.0 11:39:8
369.0 713.0 0.01 0.0 11:39:24
361.0 885.0 0.01 0.0 11:39:48
228.0 722.0 0.01 0.0 11:40:18
338.0 807.0 0.01 0.0 11:41:2
279.0 871.0 0.01 0.0 11:41:14
306.0 874.0 0.01 0.0 11:41:38
252.0 920.0 0.01 0.0 11:42:14
379.0 920.0 0.01 0.0 11:42:26
456.0 954.0 0.01 0.0 11:42:52
628.0 943.0 0.01 0.0 11:43:16
669.0 925.0 0.01 0.0 11:43:40
698.0 934.0 0.01 0.0 11:44:4
836.0 922.0 0.01 0.0 11:44:28
886.0 924.0 0.01 0.0 11:44:52
974.0 922.0 0.01 0.0 11:45:16
1035.0 935.0 0.01 0.0 11:45:50
990.0 916.0 0.01 0.0 11:46:14
992.0 938.0 0.01 0.0 11:46:48
1057.0 934.0 0.01 0.0 11:47:4
1082.0 926.0 0.01 0.0 11:47:26
1121.0 975.0 0.01 0.0 11:47:56
1134.0 981.0 0.01 0.0 11:48:16
