9.0 9.0 9.0 10:2:6
4.0 4.0 4.0 10:3:0
3.0 3.0 4.0 10:3:18
5.0 6.0 6.0 10:3:40
5.0 6.0 6.0 10:4:4
3.0 4.0 4.0 10:4:28
4.0 4.0 4.0 10:4:52
4.0 4.0 4.0 10:5:18
4.0 4.0 4.0 10:5:54
6.0 8.0 10.0 10:6:18
6.0 6.0 6.0 10:6:38
8.0 9.0 9.0 10:7:2
6.0 7.0 7.0 10:7:26
4.0 5.0 6.0 10:8:14
9.0 10.0 10.0 10:8:38
9.0 10.0 10.0 10:9:2
25.0 27.0 27.0 10:9:40
25.0 27.0 27.0 10:9:54
25.0 27.0 27.0 10:10:22
20.0 21.0 21.0 10:10:48
19.0 20.0 20.0 10:11:16
24.0 25.0 25.0 10:11:40
16.0 17.0 17.0 10:12:2
28.0 30.0 30.0 10:12:30
28.0 30.0 30.0 10:12:50
14.0 16.0 16.0 10:13:18
24.0 26.0 26.0 10:13:38
24.0 26.0 26.0 10:14:6
18.0 19.0 19.0 10:14:24
18.0 19.0 19.0 10:15:0
18.0 19.0 19.0 10:15:14
20.0 21.0 21.0 10:15:58
21.0 23.0 23.0 10:16:34
22.0 23.0 23.0 10:16:46
22.0 23.0 23.0 10:17:2
21.0 23.0 23.0 10:17:26
33.0 36.0 38.0 10:18:12
13.0 13.0 13.0 10:18:40
13.0 13.0 13.0 10:19:0
9.0 10.0 10.0 10:19:28
10.0 10.0 10.0 10:19:52
10.0 10.0 10.0 10:20:14
18.0 19.0 19.0 10:20:58
17.0 18.0 19.0 10:21:16
16.0 17.0 17.0 10:22:4
16.0 17.0 17.0 10:22:28
16.0 17.0 17.0 10:23:4
17.0 18.0 18.0 10:23:16
21.0 22.0 22.0 10:23:40
21.0 22.0 22.0 10:24:2
25.0 29.0 32.0 10:24:26
25.0 28.0 30.0 10:24:58
25.0 28.0 30.0 10:25:20
24.0 25.0 25.0 10:25:48
21.0 23.0 23.0 10:26:18
24.0 25.0 25.0 10:26:36
25.0 27.0 27.0 10:27:4
26.0 27.0 27.0 10:27:40
26.0 27.0 27.0 10:27:52
32.0 35.0 38.0 10:28:20
25.0 28.0 30.0 10:28:48
25.0 28.0 30.0 10:29:0
24.0 25.0 25.0 10:29:26
24.0 26.0 27.0 10:29:58
24.0 26.0 27.0 10:30:14
17.0 19.0 20.0 10:30:58
23.0 25.0 26.0 10:31:18
27.0 29.0 30.0 10:31:38
17.0 18.0 18.0 10:32:2
24.0 25.0 25.0 10:32:28
24.0 25.0 25.0 10:33:0
21.0 22.0 22.0 10:33:18
21.0 22.0 22.0 10:33:40
22.0 24.0 24.0 10:34:24
22.0 24.0 24.0 10:34:48
10.0 11.0 11.0 10:35:50
25.0 27.0 27.0 10:36:16
24.0 28.0 31.0 10:36:40
25.0 28.0 28.0 10:37:14
21.0 22.0 22.0 10:37:26
21.0 22.0 22.0 10:37:56
26.0 29.0 29.0 10:38:26
25.0 26.0 26.0 10:38:38
25.0 26.0 26.0 10:39:2
15.0 16.0 16.0 10:39:26
15.0 16.0 16.0 10:39:50
15.0 16.0 16.0 10:40:14
20.0 22.0 23.0 10:40:52
19.0 21.0 22.0 10:41:28
26.0 27.0 27.0 10:41:42
19.0 20.0 20.0 10:42:8
21.0 22.0 22.0 10:42:28
21.0 22.0 22.0 10:42:52
23.0 24.0 24.0 10:43:16
21.0 23.0 23.0 10:43:40
21.0 23.0 23.0 10:44:14
28.0 30.0 31.0 10:44:34
28.0 30.0 31.0 10:44:52
28.0 30.0 31.0 10:45:16
16.0 17.0 17.0 10:46:4
18.0 19.0 19.0 10:46:16
21.0 22.0 22.0 10:46:40
26.0 27.0 27.0 10:47:4
15.0 16.0 16.0 10:47:30
16.0 17.0 17.0 10:47:52
27.0 29.0 29.0 10:48:20
25.0 26.0 26.0 10:48:42
25.0 26.0 26.0 10:49:12
18.0 20.0 21.0 10:49:30
19.0 20.0 21.0 10:49:54
23.0 26.0 29.0 10:50:56
21.0 22.0 22.0 10:51:16
21.0 22.0 22.0 10:51:36
22.0 23.0 23.0 10:52:26
22.0 23.0 23.0 10:52:52
24.0 25.0 25.0 10:53:12
22.0 23.0 23.0 10:53:36
22.0 23.0 23.0 10:54:2
22.0 23.0 24.0 10:54:36
22.0 24.0 24.0 10:54:54
22.0 24.0 24.0 10:55:14
19.0 20.0 20.0 10:55:54
13.0 14.0 14.0 10:56:16
18.0 19.0 19.0 10:56:40
19.0 20.0 20.0 10:57:4
17.0 19.0 19.0 10:57:32
17.0 19.0 19.0 10:57:52
21.0 22.0 22.0 10:58:16
17.0 18.0 18.0 10:58:48
17.0 18.0 18.0 10:59:2
12.0 14.0 15.0 10:59:26
12.0 14.0 15.0 10:59:52
12.0 14.0 15.0 11:0:18
10.0 10.0 10.0 11:0:50
21.0 22.0 22.0 11:1:24
23.0 24.0 24.0 11:1:38
15.0 17.0 18.0 11:2:2
23.0 24.0 24.0 11:2:26
23.0 24.0 24.0 11:2:56
18.0 19.0 19.0 11:3:18
23.0 24.0 24.0 11:4:8
23.0 25.0 25.0 11:4:54
23.0 25.0 25.0 11:5:14
17.0 18.0 19.0 11:5:56
26.0 28.0 28.0 11:6:20
26.0 28.0 28.0 11:6:42
18.0 19.0 19.0 11:7:4
26.0 27.0 27.0 11:7:28
20.0 22.0 22.0 11:8:12
25.0 27.0 27.0 11:8:42
24.0 26.0 27.0 11:9:8
18.0 19.0 19.0 11:9:42
18.0 19.0 19.0 11:9:56
18.0 19.0 19.0 11:10:12
16.0 17.0 17.0 11:10:58
20.0 21.0 21.0 11:11:12
23.0 24.0 24.0 11:11:38
18.0 19.0 19.0 11:12:28
18.0 19.0 19.0 11:12:52
20.0 22.0 23.0 11:13:16
20.0 22.0 23.0 11:13:44
20.0 22.0 23.0 11:14:10
16.0 17.0 17.0 11:14:30
17.0 18.0 18.0 11:14:54
17.0 18.0 18.0 11:15:14
29.0 32.0 33.0 11:15:52
24.0 26.0 26.0 11:16:28
23.0 25.0 25.0 11:16:40
20.0 23.0 25.0 11:17:4
25.0 27.0 27.0 11:17:30
25.0 27.0 27.0 11:17:52
22.0 24.0 26.0 11:18:16
21.0 23.0 23.0 11:18:40
22.0 24.0 25.0 11:19:2
21.0 23.0 24.0 11:19:26
21.0 23.0 24.0 11:19:52
21.0 23.0 24.0 11:20:16
25.0 27.0 28.0 11:20:52
22.0 23.0 23.0 11:21:14
23.0 25.0 25.0 11:21:38
18.0 19.0 19.0 11:22:8
18.0 19.0 19.0 11:22:28
18.0 19.0 19.0 11:22:50
21.0 23.0 23.0 11:23:30
28.0 29.0 29.0 11:23:42
28.0 29.0 29.0 11:24:0
24.0 25.0 25.0 11:24:30
24.0 25.0 25.0 11:24:52
24.0 25.0 25.0 11:25:18
25.0 26.0 26.0 11:25:50
23.0 25.0 25.0 11:26:14
23.0 25.0 26.0 11:26:38
22.0 24.0 24.0 11:27:2
26.0 27.0 27.0 11:27:28
21.0 23.0 25.0 11:28:16
19.0 21.0 22.0 11:28:38
19.0 21.0 22.0 11:29:6
22.0 23.0 23.0 11:29:30
22.0 24.0 24.0 11:30:4
22.0 24.0 24.0 11:30:18
20.0 21.0 21.0 11:30:54
28.0 30.0 30.0 11:31:18
24.0 26.0 28.0 11:31:50
17.0 18.0 18.0 11:32:2
23.0 25.0 25.0 11:32:26
24.0 25.0 25.0 11:32:50
14.0 15.0 15.0 11:33:22
30.0 31.0 32.0 11:33:42
29.0 31.0 31.0 11:34:2
18.0 19.0 19.0 11:34:34
18.0 19.0 19.0 11:34:52
18.0 19.0 19.0 11:35:16
25.0 26.0 26.0 11:36:0
20.0 22.0 22.0 11:36:24
23.0 25.0 25.0 11:36:40
16.0 18.0 18.0 11:37:4
23.0 25.0 25.0 11:37:36
23.0 25.0 25.0 11:37:52
30.0 34.0 37.0 11:38:16
24.0 26.0 26.0 11:38:52
24.0 26.0 26.0 11:39:8
15.0 16.0 16.0 11:39:24
16.0 17.0 17.0 11:39:48
16.0 17.0 17.0 11:40:18
7.0 7.0 7.0 11:41:2
8.0 8.0 8.0 11:41:14
10.0 12.0 12.0 11:41:38
5.0 5.0 5.0 11:42:14
13.0 13.0 13.0 11:42:26
7.0 8.0 9.0 11:43:16
6.0 7.0 7.0 11:43:40
6.0 7.0 7.0 11:44:4
11.0 11.0 11.0 11:44:28
11.0 11.0 11.0 11:44:52
11.0 11.0 11.0 11:45:16
13.0 16.0 18.0 11:45:50
7.0 7.0 7.0 11:46:14
10.0 11.0 11.0 11:46:48
10.0 11.0 11.0 11:47:4
11.0 12.0 12.0 11:47:26
11.0 12.0 12.0 11:47:56
15.0 16.0 16.0 11:48:16
