26;60;100880;544;936;0.01;0;5;6;7;12
26;59;100880;506;889;0.01;0;6;7;8;36
27;59;100880;608;897;0.01;0;6;7;8;60
27;59;100880;658;911;0.01;0;3;3;3;84
27;59;100881;668;894;0.01;0;6;6;7;112
27;58;100881;660;903;0.01;0;6;6;6;128
27;58;100881;655;906;0.01;0;3;5;7;152
27;58;100881;646;913;0.01;0;3;5;6;180
27;58;100882;644;901;0.01;0;3;5;6;212
27;57;100882;628;896;0.01;0;4;4;4;238
27;57;100881;612;897;0.01;0;6;7;7;262
28;56;100881;595;875;0.01;0;5;6;6;286
28;56;100881;592;883;0.01;0;6;6;6;310
28;55;100881;597;869;0.01;0;6;6;6;338
28;55;100881;591;880;0.01;0;6;6;6;358
28;54;100881;440;900;0.01;0;6;6;6;382
28;53;100880;316;904;0.01;0;7;7;7;408
28;52;100880;217;819;0.01;0;7;7;7;452
0;0;0;161;747;0.01;0;0;0;0;460
27;51;100889;29;717;0.01;0;6;6;6;474
27;50;100896;1;613;0.01;0;6;6;6;512
26;51;100902;0;590;0.01;0;7;8;9;536
26;51;100908;1;633;0.01;0;8;9;10;562
26;51;100913;1;635;0.01;0;9;10;10;592
25;51;100918;5;620;0.01;0;9;11;13;606
25;51;100923;5;530;0.01;0;7;8;9;630
25;52;100928;3;662;0.01;0;7;8;9;654
24;52;100932;5;697;0.01;0;4;4;4;688
24;53;100937;10;575;0.01;0;10;11;12;704
24;53;100941;5;688;0.01;0;10;11;12;730
24;53;100945;3;616;0.01;0;11;12;12;766
24;54;100948;5;598;0.01;0;11;12;12;790
23;54;100951;8;688;0.01;0;11;12;12;838
23;55;100957;4;635;0.01;0;14;15;16;864
23;55;100960;14;587;0.01;0;11;12;12;892
23;55;100963;16;614;0.01;0;0;0;0;908
24;55;100965;25;591;0.01;0;9;11;11;946
24;55;100967;20;664;0.01;0;9;11;11;958
23;55;100969;9;627;0.01;0;5;5;5;982
24;54;100971;62;600;0.01;0;5;6;6;1006
24;54;100973;109;622;0.01;0;5;6;6;1038
24;54;100974;147;608;0.01;0;4;4;4;1054
25;54;100976;186;647;0.01;0;4;4;4;1076
25;53;100977;212;643;0.01;0;4;4;4;1114
25;53;100978;215;632;0.01;0;4;5;5;1156
0;0;0;1993;607;0.01;0;0;0;0;1160
25;53;100981;1530;614;0.01;0;7;8;8;1186
26;52;100982;423;654;0.01;0;5;5;5;1210
26;52;100983;507;627;0.01;0;10;11;12;1234
26;52;100984;377;629;0.01;0;10;11;12;1266
26;52;100985;265;627;0.01;0;13;13;13;1282
26;52;100986;325;626;0.01;0;6;7;7;1310
26;51;100987;334;661;0.01;0;6;7;7;1328
26;51;100988;242;659;0.01;0;10;13;15;1366
0;0;0;157;609;0.01;0;0;0;0;1378
26;51;100989;111;655;0.01;0;10;12;14;1414
25;52;100990;100;627;0.01;0;7;7;7;1438
25;52;100990;113;609;0.01;0;7;8;8;1462
25;52;100990;87;586;0.01;0;10;11;11;1494
25;52;100991;53;635;0.01;0;9;9;9;1516
0;0;0;43;641;0.01;0;7;7;7;1534
25;52;100991;58;652;0.01;0;7;7;7;1556
25;52;100991;42;617;0.01;0;8;8;8;1582
25;52;100991;20;587;0.01;0;8;9;9;1606
25;52;100991;8;645;0.01;0;8;9;9;1630
24;53;100991;2;618;0.01;0;7;9;11;1656
24;53;100991;0;633;0.01;0;7;9;10;1680
24;54;100991;0;639;0.01;0;7;9;10;1722
23;55;100990;0;0;0;0;5;6;7;1742
0;0;0;41;641;0.01;0;0;0;0;1760
24;54;100989;120;605;0.01;0;9;10;11;1790
24;53;100988;185;643;0.01;0;3;3;4;1820
0;0;0;227;631;0.01;0;7;7;7;1836
25;53;100987;231;661;0.01;0;7;7;7;1868
25;53;100987;218;612;0.01;0;5;6;8;1880
25;52;100986;183;626;0.01;0;8;9;9;1906
25;52;100986;152;623;0.01;0;8;9;9;1930
25;52;100986;123;626;0.01;0;6;6;6;1954
25;52;100986;78;622;0.01;0;6;6;6;1990
25;52;100985;62;609;0.01;0;6;6;6;2014
25;53;100985;72;617;0.01;0;12;17;21;2038
25;52;100985;87;579;0.01;0;8;9;10;2062
25;52;100984;68;585;0.01;0;8;9;9;2088
25;52;100984;42;537;0.01;0;0;0;0;2114
24;53;100985;22;553;0.01;0;11;11;11;2136
24;53;100985;29;557;0.01;0;11;11;11;2160
24;54;100985;9;646;0.01;0;11;12;12;2184
24;54;100986;0;669;0.01;0;10;10;10;2210
0;0;0;4;656;0.01;0;0;0;0;2230
24;54;100986;5;572;0.01;0;4;4;4;2262
24;54;100986;0;0;0;0;4;4;4;2274
24;54;100986;6;702;0.01;0;4;4;4;2310
24;54;100986;12;692;0.01;0;10;10;10;2334
24;54;100985;25;665;0.01;0;12;14;16;2370
24;54;100985;0;0;0;0;10;11;11;2388
24;54;100985;22;649;0.01;0;17;20;22;2412
24;54;100984;20;651;0.01;0;11;12;12;2436
24;54;100984;17;647;0.01;0;11;12;12;2486
24;54;100983;0;0;0;0;11;11;11;2508
24;54;100983;14;650;0.01;0;11;11;11;2532
0;0;0;38;624;0.01;0;9;10;10;2542
0;0;0;84;631;0.01;0;9;10;10;2550
24;54;100981;86;633;0.01;0;5;5;5;2576
24;53;100981;126;639;0.01;0;8;9;10;2608
25;53;100980;177;599;0.01;0;10;11;11;2632
0;0;0;192;598;0.01;0;10;10;10;2648
25;52;100980;188;590;0.01;0;9;10;12;2672
25;52;100980;180;626;0.01;0;9;10;12;2696
26;52;100980;611;651;0.01;0;8;9;9;2724
26;52;100980;645;613;0.01;0;8;9;9;2752
26;51;100980;245;630;0.01;0;0;0;0;2772
0;0;0;230;615;0.01;0;13;15;17;2794
0;0;0;201;614;0.01;0;13;15;16;2826
26;51;100980;173;605;0.01;0;13;15;16;2850
25;51;100980;77;574;0.01;0;12;13;13;2874
25;51;100979;59;654;0.01;0;7;8;8;2898
25;52;100979;55;618;0.01;0;9;9;9;2924
24;52;100978;7;650;0.01;0;14;14;14;2962
24;52;100978;0;532;0.01;0;0;0;0;2976
24;53;100977;0;762;0.01;0;0;0;0;2998
24;53;100976;16;631;0.01;0;8;9;10;3022
24;53;100975;43;629;0.01;0;21;22;22;3046
23;54;100975;15;661;0.01;0;21;22;22;3080
23;54;100974;0;574;0.01;0;13;14;14;3100
23;55;100973;0;643;0.01;0;13;14;14;3122
23;55;100973;3;650;0.01;0;13;14;14;3160
23;55;100972;13;699;0.01;0;8;9;9;3184
23;55;100972;23;645;0.01;0;13;14;14;3204
23;55;100971;31;626;0.01;0;11;12;12;3226
23;55;100970;21;637;0.01;0;11;12;13;3254
23;56;100970;7;651;0.01;0;15;17;18;3302
23;56;100968;8;627;0.01;0;5;5;5;3318
23;55;100967;68;631;0.01;0;7;8;9;3342
24;55;100966;112;649;0.01;0;7;8;9;3368
24;55;100966;86;614;0.01;0;10;13;15;3406
24;54;100965;82;634;0.01;0;10;13;15;3420
24;54;100964;145;614;0.01;0;10;13;15;3452
24;54;100964;97;638;0.01;0;9;10;10;3476
24;54;100963;63;597;0.01;0;11;12;12;3510
24;53;100963;0;0;0;0;9;10;10;3526
25;53;100963;136;614;0.01;0;11;12;12;3546
25;53;100963;191;596;0.01;0;7;8;8;3574
25;53;100963;237;641;0.01;0;7;8;8;3594
25;53;100962;225;635;0.01;0;10;10;10;3636
0;0;0;167;543;0.01;0;12;13;13;3644
25;52;100962;104;602;0.01;0;12;13;13;3670
25;52;100962;85;587;0.01;0;11;12;12;3694
25;53;100963;99;628;0.01;0;11;12;12;3720
24;53;100963;100;587;0.01;0;11;12;12;3758
24;54;100963;96;618;0.01;0;0;0;0;3774
24;54;100963;92;650;0.01;0;18;21;23;3798
24;54;100964;65;773;0.01;0;10;11;11;3822
24;54;100964;21;652;0.01;0;11;12;13;3862
23;54;100964;7;630;0.01;0;14;15;16;3878
0;0;0;3;675;0.01;0;14;15;16;3898
23;55;100965;3;659;0.01;0;8;8;8;3922
23;55;100966;0;0;0;0;13;14;14;3952
23;55;100966;18;617;0.01;0;13;14;14;3968
23;56;100967;9;654;0.01;0;13;14;15;3992
23;56;100968;6;566;0.01;0;13;14;14;4018
22;57;100969;6;664;0.01;0;13;14;14;4054
22;57;100970;0;0;0;0;21;24;25;4078
23;57;100971;37;661;0.01;0;16;19;20;4098
23;56;100973;77;650;0.01;0;15;16;16;4122
23;56;100974;45;623;0.01;0;14;15;15;4150
23;56;100975;32;698;0.01;0;15;16;16;4170
23;56;100976;0;0;0;0;15;16;16;4200
23;57;100977;11;614;0.01;0;9;10;10;4224
23;57;100978;2;641;0.01;0;14;15;15;4248
23;57;100979;8;688;0.01;0;14;15;15;4270
0;0;0;0;0;0;0;15;16;16;4292
23;57;100981;0;0;0;0;15;16;16;4316
22;58;100982;2;696;0.01;0;15;16;16;4354
22;58;100983;1;656;0.01;0;12;14;16;4378
22;58;100983;5;691;0.01;0;16;17;17;4402
23;58;100984;13;634;0.01;0;18;19;19;4426
22;58;100984;11;633;0.01;0;14;15;15;4448
23;58;100986;42;650;0.01;0;18;19;19;4472
23;57;100987;96;670;0.01;0;18;19;19;4496
23;57;100988;130;649;0.01;0;13;14;15;4522
23;57;100989;106;613;0.01;0;24;25;25;4550
23;56;100990;78;669;0.01;0;24;25;25;4570
23;57;100991;41;636;0.01;0;17;18;18;4594
23;57;100992;27;632;0.01;0;17;18;18;4618
23;57;100993;34;652;0.01;0;17;18;18;4654
23;56;100994;70;661;0.01;0;11;13;14;4678
24;56;100995;207;657;0.01;0;16;17;17;4702
25;55;100996;309;651;0.01;0;16;17;17;4742
25;55;100996;0;0;0;0;24;25;25;4750
25;55;100997;290;637;0.01;0;16;17;19;4776
25;54;100998;243;662;0.01;0;16;18;19;4794
25;54;100998;175;637;0.01;0;11;14;16;4818
25;54;100998;148;758;0.01;0;12;14;15;4850
25;54;100998;131;646;0.01;0;13;14;15;4872
25;54;100997;106;620;0.01;0;16;16;16;4892
24;54;100997;85;634;0.01;0;16;16;16;4916
24;54;100996;84;639;0.01;0;16;16;16;4918
24;55;100996;87;585;0.01;0;12;12;12;4942
24;55;100997;81;630;0.01;0;14;15;15;4968
24;55;100997;59;658;0.01;0;13;17;21;4990
24;55;100997;68;641;0.01;0;13;14;14;5022
24;55;100997;112;652;0.01;0;13;14;14;5038
24;55;100998;93;670;0.01;0;17;20;23;5062
24;55;100998;58;776;0.01;0;17;19;19;5090
24;56;100998;38;729;0.01;0;17;19;19;5110
23;56;100999;31;667;0.01;0;13;14;14;5138
23;56;101000;42;683;0.01;0;0;0;0;5158
24;56;101000;109;713;0.01;0;13;14;14;5194
24;56;101000;118;656;0.01;0;24;26;26;5234
0;0;0;96;622;0.01;0;0;0;0;5246
24;56;101002;95;604;0.01;0;19;20;20;5268
24;56;101002;73;721;0.01;0;12;14;15;5288
24;56;101003;49;607;0.01;0;0;0;0;5316
23;56;101004;34;660;0.01;0;15;17;17;5334
23;56;101004;22;677;0.01;0;17;18;18;5358
23;56;101005;19;661;0.01;0;19;20;20;5382
23;57;101005;50;806;0.01;0;19;20;20;5408
23;57;101006;23;635;0.01;0;18;22;26;5452
0;0;0;0;701;0.01;0;0;0;0;5456
23;58;101006;6;726;0.01;0;18;21;24;5492
22;58;101005;8;689;0.01;0;16;17;17;5516
22;58;101005;2;738;0.01;0;19;20;20;5552
23;58;101005;0;581;0.01;0;20;21;21;5566
23;58;101005;10;682;0.01;0;18;19;19;5590
23;58;101005;8;554;0.01;0;15;16;16;5614
23;58;101006;3;741;0.01;0;15;16;16;5638
23;58;101006;8;643;0.01;0;15;16;16;5684
23;57;101007;30;657;0.01;0;17;19;19;5708
23;57;101007;50;639;0.01;0;16;17;17;5732
23;57;101008;75;664;0.01;0;17;18;18;5756
24;56;101008;119;638;0.01;0;17;18;18;5796
24;56;101009;182;634;0.01;0;15;16;16;5816
24;56;101009;192;616;0.01;0;15;16;16;5840
25;55;101010;189;644;0.01;0;16;17;18;5864
25;54;101010;191;605;0.01;0;17;19;21;5894
25;54;101011;181;639;0.01;0;15;16;17;5914
25;53;101011;192;607;0.01;0;15;16;17;5942
25;53;101012;208;619;0.01;0;17;19;20;5964
26;53;101012;277;628;0.01;0;0;0;0;5988
26;53;101013;294;666;0.01;0;15;15;15;6012
26;53;101013;298;625;0.01;0;12;14;15;6030
26;53;101013;243;641;0.01;0;12;14;15;6054
26;53;101012;283;692;0.01;0;12;14;15;6094