0.00 25.97 58.20 99198.67 545.33 886.00 0.00 0.01 7.68 6.70 7.68
1.00 26.55 57.90 99199.25 651.93 886.95 0.00 0.01 5.17 4.70 5.17
2.00 26.55 57.03 99199.65 640.93 893.48 0.00 0.01 6.30 5.07 6.30
3.00 26.55 56.62 99200.60 626.67 884.30 0.00 0.01 5.07 4.50 5.07
4.00 27.12 55.48 99199.67 591.93 870.90 0.00 0.01 6.27 6.27 6.27
5.00 27.53 54.32 99199.65 584.18 860.90 0.00 0.01 5.90 5.90 5.90
6.00 27.53 52.52 99199.12 364.18 877.63 0.00 0.01 6.43 6.43 6.43
7.00 27.21 50.75 98942.25 165.18 773.65 0.00 0.01 6.62 6.62 6.62
8.00 26.22 49.52 99216.28 1.68 596.85 0.00 0.01 6.90 6.57 6.90
9.00 25.57 50.15 99228.22 0.98 620.55 0.00 0.01 9.77 9.27 9.77
10.00 24.60 50.48 99241.28 4.18 587.92 0.00 0.01 9.80 8.60 9.80
11.00 23.67 51.48 99251.62 6.12 649.77 0.00 0.01 7.07 6.65 7.07
12.00 23.60 52.15 99261.28 3.72 630.33 0.00 0.01 11.80 11.45 11.80
13.00 22.98 53.10 99267.38 6.77 643.53 0.00 0.01 11.80 11.80 11.80
14.00 22.62 53.90 99274.38 8.33 616.53 0.00 0.01 13.53 13.10 13.53
15.00 23.23 54.08 99281.22 21.08 586.88 0.00 0.01 10.89 10.89 10.89
16.00 23.20 53.72 99286.45 30.75 613.45 0.00 0.01 6.58 6.58 6.58
17.00 23.75 53.10 99290.77 127.30 610.92 0.00 0.01 5.07 5.07 5.07
18.00 24.58 52.33 99293.97 203.23 631.68 0.00 0.01 4.07 4.07 4.07
19.00 24.55 52.05 99175.95 790.20 613.50 0.00 0.01 6.04 6.04 6.04
20.00 25.48 51.22 99299.48 537.20 626.47 0.00 0.01 8.67 8.17 8.67
21.00 25.57 51.13 99301.77 326.12 617.13 0.00 0.01 10.65 10.22 10.65
22.00 25.57 50.33 99304.20 280.78 642.57 0.00 0.01 10.88 9.88 10.88
23.00 25.40 50.00 98884.96 135.27 634.02 0.00 0.01 13.44 11.60 13.44
24.00 24.58 51.13 99306.83 100.50 599.78 0.00 0.01 8.22 8.22 8.22
25.00 24.40 50.76 98586.02 59.40 611.80 0.00 0.01 8.82 8.82 8.82
26.00 24.58 51.13 99307.82 42.50 612.97 0.00 0.01 7.72 7.72 7.72
27.00 24.20 51.52 99307.82 7.97 612.30 0.00 0.01 9.62 8.85 9.62
28.00 23.60 52.65 99307.82 1.50 624.90 0.00 0.01 9.88 8.85 9.88
29.00 22.95 53.19 98585.45 68.60 614.58 0.00 0.01 8.60 7.62 8.60
30.00 23.52 52.32 98968.62 168.33 618.25 0.00 0.01 6.65 5.83 6.65
31.00 24.54 51.85 99116.70 216.95 631.93 0.00 0.01 7.38 6.98 7.38
32.00 24.58 51.13 99302.90 149.55 614.37 0.00 0.01 7.95 7.95 7.95
33.00 24.58 51.13 99302.62 76.67 608.35 0.00 0.01 5.90 5.90 5.90
34.00 24.58 51.53 99301.85 75.37 588.45 0.00 0.01 13.70 11.70 13.70
35.00 24.40 51.32 99301.12 47.17 548.58 0.00 0.01 9.38 9.38 9.38
36.00 23.60 52.52 99301.92 19.23 582.58 0.00 0.01 11.22 11.22 11.22
37.00 23.40 52.65 98461.35 4.26 632.50 0.00 0.01 7.80 7.80 7.80
38.00 23.60 53.10 99302.90 5.48 635.92 0.00 0.01 3.93 3.93 3.93
39.00 23.60 53.10 99302.45 16.85 669.65 0.00 0.01 11.73 10.83 11.73
40.00 23.60 53.10 99301.78 21.74 637.36 0.00 0.01 16.10 15.00 16.10
41.00 23.60 53.10 99300.93 17.52 637.28 0.00 0.01 11.80 11.80 11.80
42.00 23.56 53.00 99113.07 17.97 628.24 0.00 0.01 10.83 10.83 10.83
43.00 23.50 52.44 98877.23 95.10 623.68 0.00 0.01 7.67 7.32 7.67
44.00 24.18 51.61 98685.25 170.17 594.88 0.00 0.01 10.50 10.05 10.50
45.00 24.90 51.13 99297.00 315.62 613.88 0.00 0.01 10.85 9.52 10.85
46.00 25.55 50.76 99238.97 481.98 614.22 0.00 0.01 9.18 9.07 9.18
47.00 22.75 44.62 88357.50 204.05 603.05 0.00 0.01 16.07 14.75 16.07
48.00 24.87 50.15 99296.70 97.52 597.22 0.00 0.01 12.13 11.85 12.13
49.00 24.13 51.03 99295.57 32.88 625.70 0.00 0.01 11.00 11.00 11.00
50.00 23.60 51.70 99294.27 11.21 648.90 0.00 0.01 11.42 10.92 11.42
51.00 23.22 52.50 99292.28 26.15 631.18 0.00 0.01 19.23 19.03 19.23
52.00 22.62 53.57 99290.82 10.17 613.28 0.00 0.01 15.23 15.23 15.23
53.00 22.62 54.08 99289.67 7.95 658.52 0.00 0.01 11.77 11.77 11.77
54.00 22.62 54.08 99288.10 24.88 624.62 0.00 0.01 12.70 12.37 12.70
55.00 22.62 54.93 99287.07 8.80 637.08 0.00 0.01 16.38 15.45 16.38
56.00 22.98 54.30 99284.07 70.00 626.22 0.00 0.01 7.98 7.22 7.98
57.00 23.60 53.80 99282.90 88.32 610.77 0.00 0.01 14.35 12.45 14.35
58.00 23.60 53.10 99281.17 115.18 611.67 0.00 0.01 12.45 11.48 12.45
59.00 23.85 52.58 99280.28 86.45 589.23 0.00 0.01 11.27 11.27 11.27
60.00 24.58 52.12 99280.18 201.97 606.47 0.00 0.01 8.40 8.40 8.40
61.00 24.52 51.69 99020.42 183.27 603.90 0.00 0.01 10.98 10.98 10.98
62.00 24.58 51.53 99279.70 92.67 596.37 0.00 0.01 11.98 11.98 11.98
63.00 23.63 52.43 99280.28 96.83 590.00 0.00 0.01 12.48 12.34 12.48
64.00 23.60 53.10 99280.92 63.10 688.83 0.00 0.01 15.48 14.55 15.48
65.00 23.07 52.74 98616.00 11.82 641.78 0.00 0.01 14.43 13.45 14.43
66.00 22.60 54.04 99194.25 3.90 635.83 0.00 0.01 11.47 11.42 11.47
67.00 22.62 54.83 99284.33 9.90 603.67 0.00 0.01 14.17 13.77 14.17
68.00 21.72 55.97 99286.40 5.86 636.52 0.00 0.01 17.07 16.77 17.07
69.00 22.52 55.50 99289.30 55.43 637.54 0.00 0.01 17.82 17.38 17.82
70.00 22.62 55.07 99292.10 37.38 644.92 0.00 0.01 15.42 15.42 15.42
71.00 22.62 55.88 99294.32 6.40 616.16 0.00 0.01 12.92 12.92 12.92
72.00 22.39 55.50 98322.50 7.64 656.73 0.00 0.01 15.38 15.38 15.38
73.00 21.77 56.90 99299.05 1.71 672.62 0.00 0.01 15.73 15.30 15.73
74.00 22.03 57.03 99300.35 7.38 650.27 0.00 0.01 17.33 16.97 17.33
75.00 22.25 56.82 99302.38 41.63 637.27 0.00 0.01 17.22 17.22 17.22
76.00 22.62 56.05 99305.05 112.80 628.83 0.00 0.01 19.15 18.72 19.15
77.00 22.62 55.72 99307.43 57.05 633.50 0.00 0.01 20.73 20.73 20.73
78.00 22.62 55.92 99309.67 36.48 637.33 0.00 0.01 17.17 17.03 17.17
79.00 23.65 54.75 99311.80 199.32 645.22 0.00 0.01 15.92 15.65 15.92
80.00 24.58 54.02 99313.30 288.48 632.33 0.00 0.01 18.78 17.85 18.78
81.00 24.58 53.10 99314.70 178.50 674.57 0.00 0.01 16.08 14.70 16.08
82.00 24.48 53.10 99314.27 119.00 645.90 0.00 0.01 15.18 14.63 15.18
83.00 23.60 53.75 99313.28 83.35 603.00 0.00 0.01 13.88 13.88 13.88
84.00 23.60 54.08 99313.72 65.95 634.53 0.00 0.01 16.52 15.05 16.52
85.00 23.60 54.08 99314.33 86.43 674.10 0.00 0.01 18.45 17.25 18.45
86.00 23.20 54.82 99315.10 39.57 703.80 0.00 0.01 16.68 16.68 16.68
87.00 23.20 55.07 99316.60 79.65 688.05 0.00 0.01 13.65 13.65 13.65
88.00 23.50 54.83 98896.08 109.18 634.02 0.00 0.01 24.46 24.46 24.46
89.00 23.60 55.07 99319.02 68.45 634.08 0.00 0.01 16.76 16.22 16.76
90.00 22.70 55.07 99320.72 26.88 651.58 0.00 0.01 17.78 17.78 17.78
91.00 22.62 55.85 99321.93 33.52 703.72 0.00 0.01 21.77 20.37 21.77
92.00 22.59 56.55 99202.32 12.88 677.35 0.00 0.01 24.39 21.04 24.39
93.00 21.70 57.03 99321.65 4.63 705.30 0.00 0.01 18.73 18.53 18.73
94.00 22.53 57.03 99321.58 8.22 617.60 0.00 0.01 18.43 18.43 18.43
95.00 22.62 57.03 99322.43 5.87 659.62 0.00 0.01 15.73 15.73 15.73
96.00 22.62 56.37 99323.23 27.87 636.82 0.00 0.01 17.20 17.20 17.20
97.00 23.07 55.60 99324.40 90.22 637.90 0.00 0.01 17.57 17.57 17.57
98.00 23.63 55.03 99325.33 169.55 617.43 0.00 0.01 16.23 16.20 16.23
99.00 24.58 53.47 99326.62 185.92 613.18 0.00 0.01 19.08 17.60 19.08
100.00 24.58 52.33 99327.78 191.22 607.42 0.00 0.01 17.62 16.63 17.62
101.00 25.50 52.12 99328.98 277.03 631.78 0.00 0.01 15.14 14.83 15.14
102.00 25.57 52.12 99329.05 265.03 647.78 0.00 0.01 14.75 13.77 14.75
103.00 0.07 0.14 265.25 0.74 1.82 0.00 0.00 0.04 0.04 0.04
