0.00 545.33 886.00 0.00 0.01 7.68 6.70 7.68
1.00 651.93 886.95 0.00 0.01 5.17 4.70 5.17
2.00 640.93 893.48 0.00 0.01 6.30 5.07 6.30
3.00 626.67 884.30 0.00 0.01 5.07 4.50 5.07
4.00 591.93 870.90 0.00 0.01 6.27 6.27 6.27
5.00 584.18 860.90 0.00 0.01 5.90 5.90 5.90
6.00 364.18 877.63 0.00 0.01 6.43 6.43 6.43
7.00 165.18 773.65 0.00 0.01 6.62 6.62 6.62
8.00 1.68 596.85 0.00 0.01 6.90 6.57 6.90
9.00 0.98 620.55 0.00 0.01 9.77 9.27 9.77
10.00 4.18 587.92 0.00 0.01 9.80 8.60 9.80
11.00 6.12 649.77 0.00 0.01 7.07 6.65 7.07
12.00 3.72 630.33 0.00 0.01 11.80 11.45 11.80
13.00 6.77 643.53 0.00 0.01 11.80 11.80 11.80
14.00 8.33 616.53 0.00 0.01 13.53 13.10 13.53
15.00 21.08 586.88 0.00 0.01 10.89 10.89 10.89
16.00 30.75 613.45 0.00 0.01 6.58 6.58 6.58
17.00 127.30 610.92 0.00 0.01 5.07 5.07 5.07
18.00 203.23 631.68 0.00 0.01 4.07 4.07 4.07
19.00 790.20 613.50 0.00 0.01 6.04 6.04 6.04
20.00 537.20 626.47 0.00 0.01 8.67 8.17 8.67
21.00 326.12 617.13 0.00 0.01 10.65 10.22 10.65
22.00 280.78 642.57 0.00 0.01 10.88 9.88 10.88
23.00 135.27 634.02 0.00 0.01 13.44 11.60 13.44
24.00 100.50 599.78 0.00 0.01 8.22 8.22 8.22
25.00 59.40 611.80 0.00 0.01 8.82 8.82 8.82
26.00 42.50 612.97 0.00 0.01 7.72 7.72 7.72
27.00 7.97 612.30 0.00 0.01 9.62 8.85 9.62
28.00 1.50 624.90 0.00 0.01 9.88 8.85 9.88
29.00 68.60 614.58 0.00 0.01 8.60 7.62 8.60
30.00 168.33 618.25 0.00 0.01 6.65 5.83 6.65
31.00 216.95 631.93 0.00 0.01 7.38 6.98 7.38
32.00 149.55 614.37 0.00 0.01 7.95 7.95 7.95
33.00 76.67 608.35 0.00 0.01 5.90 5.90 5.90
34.00 75.37 588.45 0.00 0.01 13.70 11.70 13.70
35.00 47.17 548.58 0.00 0.01 9.38 9.38 9.38
36.00 19.23 582.58 0.00 0.01 11.22 11.22 11.22
37.00 4.26 632.50 0.00 0.01 7.80 7.80 7.80
38.00 5.48 635.92 0.00 0.01 3.93 3.93 3.93
39.00 16.85 669.65 0.00 0.01 11.73 10.83 11.73
40.00 21.74 637.36 0.00 0.01 16.10 15.00 16.10
41.00 17.52 637.28 0.00 0.01 11.80 11.80 11.80
42.00 17.97 628.24 0.00 0.01 10.83 10.83 10.83
43.00 95.10 623.68 0.00 0.01 7.67 7.32 7.67
44.00 170.17 594.88 0.00 0.01 10.50 10.05 10.50
45.00 315.62 613.88 0.00 0.01 10.85 9.52 10.85
46.00 481.98 614.22 0.00 0.01 9.18 9.07 9.18
47.00 204.05 603.05 0.00 0.01 16.07 14.75 16.07
48.00 97.52 597.22 0.00 0.01 12.13 11.85 12.13
49.00 32.88 625.70 0.00 0.01 11.00 11.00 11.00
50.00 11.21 648.90 0.00 0.01 11.42 10.92 11.42
51.00 26.15 631.18 0.00 0.01 19.23 19.03 19.23
52.00 10.17 613.28 0.00 0.01 15.23 15.23 15.23
53.00 7.95 658.52 0.00 0.01 11.77 11.77 11.77
54.00 24.88 624.62 0.00 0.01 12.70 12.37 12.70
55.00 8.80 637.08 0.00 0.01 16.38 15.45 16.38
56.00 70.00 626.22 0.00 0.01 7.98 7.22 7.98
57.00 88.32 610.77 0.00 0.01 14.35 12.45 14.35
58.00 115.18 611.67 0.00 0.01 12.45 11.48 12.45
59.00 86.45 589.23 0.00 0.01 11.27 11.27 11.27
60.00 201.97 606.47 0.00 0.01 8.40 8.40 8.40
61.00 183.27 603.90 0.00 0.01 10.98 10.98 10.98
62.00 92.67 596.37 0.00 0.01 11.98 11.98 11.98
63.00 96.83 590.00 0.00 0.01 12.48 12.34 12.48
64.00 63.10 688.83 0.00 0.01 15.48 14.55 15.48
65.00 11.82 641.78 0.00 0.01 14.43 13.45 14.43
66.00 3.90 635.83 0.00 0.01 11.47 11.42 11.47
67.00 9.90 603.67 0.00 0.01 14.17 13.77 14.17
68.00 5.86 636.52 0.00 0.01 17.07 16.77 17.07
69.00 55.43 637.54 0.00 0.01 17.82 17.38 17.82
70.00 37.38 644.92 0.00 0.01 15.42 15.42 15.42
71.00 6.40 616.16 0.00 0.01 12.92 12.92 12.92
72.00 7.64 656.73 0.00 0.01 15.38 15.38 15.38
73.00 1.71 672.62 0.00 0.01 15.73 15.30 15.73
74.00 7.38 650.27 0.00 0.01 17.33 16.97 17.33
75.00 41.63 637.27 0.00 0.01 17.22 17.22 17.22
76.00 112.80 628.83 0.00 0.01 19.15 18.72 19.15
77.00 57.05 633.50 0.00 0.01 20.73 20.73 20.73
78.00 36.48 637.33 0.00 0.01 17.17 17.03 17.17
79.00 199.32 645.22 0.00 0.01 15.92 15.65 15.92
80.00 288.48 632.33 0.00 0.01 18.78 17.85 18.78
81.00 178.50 674.57 0.00 0.01 16.08 14.70 16.08
82.00 119.00 645.90 0.00 0.01 15.18 14.63 15.18
83.00 83.35 603.00 0.00 0.01 13.88 13.88 13.88
84.00 65.95 634.53 0.00 0.01 16.52 15.05 16.52
85.00 86.43 674.10 0.00 0.01 18.45 17.25 18.45
86.00 39.57 703.80 0.00 0.01 16.68 16.68 16.68
87.00 79.65 688.05 0.00 0.01 13.65 13.65 13.65
88.00 109.18 634.02 0.00 0.01 24.46 24.46 24.46
89.00 68.45 634.08 0.00 0.01 16.76 16.22 16.76
90.00 26.88 651.58 0.00 0.01 17.78 17.78 17.78
91.00 33.52 703.72 0.00 0.01 21.77 20.37 21.77
92.00 12.88 677.35 0.00 0.01 24.39 21.04 24.39
93.00 4.63 705.30 0.00 0.01 18.73 18.53 18.73
94.00 8.22 617.60 0.00 0.01 18.43 18.43 18.43
95.00 5.87 659.62 0.00 0.01 15.73 15.73 15.73
96.00 27.87 636.82 0.00 0.01 17.20 17.20 17.20
97.00 90.22 637.90 0.00 0.01 17.57 17.57 17.57
98.00 169.55 617.43 0.00 0.01 16.23 16.20 16.23
99.00 185.92 613.18 0.00 0.01 19.08 17.60 19.08
100.00 191.22 607.42 0.00 0.01 17.62 16.63 17.62
101.00 277.03 631.78 0.00 0.01 15.14 14.83 15.14
102.00 265.03 647.78 0.00 0.01 14.75 13.77 14.75
103.00 0.74 1.82 0.00 0.00 0.04 0.04 0.04
