0.0 116.7
1.0 87.9
2.0 85.2
3.0 76.1
4.0 70.9
5.0 74.3
6.0 87.8
7.0 104.0
8.0 95.0
9.0 94.2
10.0 96.5
11.0 100.1
12.0 103.5
13.0 108.7
14.0 108.4
15.0 105.5
16.0 94.2
17.0 92.5
18.0 95.2
19.0 93.9
20.0 88.5
21.0 84.3
22.0 86.9
23.0 101.0
24.0 99.9
25.0 96.1
26.0 97.3
27.0 102.2
28.0 95.2
29.0 92.6
30.0 89.7
31.0 95.3
32.0 94.1
33.0 88.8
34.0 87.0
35.0 94.7
36.0 108.9
37.0 99.7
38.0 95.9
39.0 103.6
40.0 91.9
41.0 90.8
42.0 92.4
43.0 92.2
44.0 87.5
45.0 89.9
46.0 92.5
47.0 100.4
48.0 100.7
49.0 99.0
50.0 102.2
51.0 101.7
52.0 97.0
53.0 101.1
54.0 101.1
55.0 100.0
56.0 104.1
57.0 104.1
58.0 96.3
59.0 84.0
60.0 86.1
61.0 86.4
62.0 85.5
63.0 98.1
64.0 103.2
65.0 99.4
66.0 96.8
67.0 102.0
68.0 104.5
69.0 97.7
70.0 92.2
71.0 92.5
72.0 99.8
73.0 101.0
74.0 95.7
75.0 98.2
76.0 94.8
77.0 83.5
78.0 82.8
79.0 80.0
80.0 79.5
81.0 85.6
82.0 96.0
83.0 98.4
84.0 94.8
85.0 92.3
86.0 98.2
87.0 97.8
88.0 104.4
89.0 108.0
90.0 109.0
91.0 101.2
92.0 93.5
93.0 93.0
94.0 94.6
95.0 93.0
96.0 99.1
97.0 96.2
98.0 92.6
99.0 84.5
100.0 86.0
101.0 82.5
102.0 0.2
