6 16 26,0 60,0 100880 544 936 0,01 0,0 5,0 6,0 7,0 1 1 1,0 1,0 26/10/2022 9 59 18 45,4721396 9,2271447
6 17 26,0 59,0 100880 506 889 0,01 0,0 6,0 7,0 8,0 1 2 2,0 2,0 26/10/2022 9 59 30 45,4720849 9,2271504
6 18 27,0 59,0 100880 608 897 0,01 0,0 6,0 7,0 8,0 1 2 2,0 2,0 26/10/2022 9 59 54 45,4720173 9,2272585
6 19 27,0 59,0 100880 658 911 0,01 0,0 3,0 3,0 3,0 1 2 2,0 2,0 26/10/2022 10 0 18 45,4720382 9,2272164
6 20 27,0 59,0 100881 668 894 0,01 0,0 6,0 6,0 7,0 1 1 1,0 1,0 26/10/2022 10 0 42 45,4719339 9,2274123
6 21 27,0 58,0 100881 660 903 0,01 0,0 6,0 6,0 6,0 1 1 2,0 1,0 26/10/2022 10 1 10 45,4719036 9,2274615
6 22 27,0 58,0 100881 655 906 0,01 0,0 3,0 5,0 7,0 1 2 2,0 2,0 26/10/2022 10 1 26 45,4718099 9,2274673
6 23 27,0 58,0 100881 646 913 0,01 0,0 3,0 5,0 6,0 1 2 2,0 2,0 26/10/2022 10 1 50 45,4719447 9,2275158
6 24 27,0 58,0 100882 644 901 0,01 0,0 3,0 5,0 6,0 1 1 2,0 2,0 26/10/2022 10 2 18 45,4719557 9,2273695
6 25 27,0 57,0 100882 628 896 0,01 0,0 4,0 4,0 4,0 1 2 2,0 2,0 26/10/2022 10 2 50 45,4718461 9,227446
6 26 27,0 57,0 100881 612 897 0,01 0,0 6,0 7,0 7,0 1 2 2,0 2,0 26/10/2022 10 3 16 45,4718993 9,2274903
6 27 28,0 56,0 100881 595 875 0,01 0,0 5,0 6,0 6,0 1 2 2,0 2,0 26/10/2022 10 3 40 45,471895 9,2274779
6 28 28,0 56,0 100881 592 883 0,01 0,0 6,0 6,0 6,0 1 2 2,0 2,0 26/10/2022 10 4 4 45,4719316 9,2274012
6 29 28,0 55,0 100881 597 869 0,01 0,0 6,0 6,0 6,0 1 1 1,0 1,0 26/10/2022 10 4 28 45,4719308 9,2273569
6 30 28,0 55,0 100881 591 880 0,01 0,0 6,0 6,0 6,0 1 2 1,0 2,0 26/10/2022 10 4 56 45,4719648 9,2274078
6 31 28,0 54,0 100881 440 900 0,01 0,0 6,0 6,0 6,0 1 2 2,0 2,0 26/10/2022 10 5 16 45,4720674 9,2272407
6 32 28,0 53,0 100880 316 904 0,01 0,0 7,0 7,0 7,0 1 2 2,0 2,0 26/10/2022 10 5 40 45,4722776 9,2269831
6 33 28,0 52,0 100880 217 819 0,01 0,0 7,0 7,0 7,0 1 2 2,0 2,0 26/10/2022 10 6 6 45,4722574 9,2270825
6 35 0 0 0 161 747 0,01 0,0 0,0 0,0 0,0 0 0 1,0 0,0 26/10/2022 10 6 50 45,4722582 9,2270834
6 35 27,0 51,0 100889 29 717 0,01 0,0 6,0 6,0 6,0 1 1 1,0 1,0 26/10/2022 10 6 58 45,4723722 9,2271925
6 36 27,0 50,0 100896 1 613 0,01 0,0 6,0 6,0 6,0 1 3 3,0 3,0 26/10/2022 10 7 12 45,4725473 9,2275648
6 37 26,0 51,0 100902 0 590 0,01 0,0 7,0 8,0 9,0 1 2 1,0 2,0 26/10/2022 10 7 50 45,4724888 9,228037
6 38 26,0 51,0 100908 1 633 0,01 0,0 8,0 9,0 10,0 1 2 2,0 2,0 26/10/2022 10 8 14 45,4727828 9,2284373
6 39 26,0 51,0 100913 1 635 0,01 0,0 9,0 10,0 10,0 1 1 1,0 1,0 26/10/2022 10 8 40 45,4727493 9,2288993
6 40 25,0 51,0 100918 5 620 0,01 0,0 9,0 11,0 13,0 1 1 1,0 1,0 26/10/2022 10 9 10 45,472686 9,2291414
6 41 25,0 51,0 100923 5 530 0,01 0,0 7,0 8,0 9,0 1 2 2,0 2,0 26/10/2022 10 9 24 45,4727134 9,2296399
6 42 25,0 52,0 100928 3 662 0,01 0,0 7,0 8,0 9,0 1 2 1,0 2,0 26/10/2022 10 9 48 45,4724395 9,2299287
6 43 24,0 52,0 100932 5 697 0,01 0,0 4,0 4,0 4,0 1 1 1,0 1,0 26/10/2022 10 10 12 45,4724725 9,2304341
6 44 24,0 53,0 100937 10 575 0,01 0,0 10,0 11,0 12,0 1 1 1,0 1,0 26/10/2022 10 10 46 45,4727619 9,2305563
6 45 24,0 53,0 100941 5 688 0,01 0,0 10,0 11,0 12,0 1 2 1,0 1,0 26/10/2022 10 11 2 45,472837 9,2310573
6 46 24,0 53,0 100945 3 616 0,01 0,0 11,0 12,0 12,0 1 2 1,0 2,0 26/10/2022 10 11 28 45,4728502 9,2317312
6 47 24,0 54,0 100948 5 598 0,01 0,0 11,0 12,0 12,0 1 1 1,0 1,0 26/10/2022 10 12 4 45,4728431 9,2321152
6 48 23,0 54,0 100951 8 688 0,01 0,0 11,0 12,0 12,0 1 1 2,0 1,0 26/10/2022 10 12 28 45,4727297 9,2329496
6 50 23,0 55,0 100957 4 635 0,01 0,0 14,0 15,0 16,0 1 1 2,0 2,0 26/10/2022 10 13 16 45,4727716 9,2333193
6 51 23,0 55,0 100960 14 587 0,01 0,0 11,0 12,0 12,0 1 1 1,0 2,0 26/10/2022 10 13 42 45,4727752 9,233818
6 53 23,0 55,0 100963 16 614 0,01 0,0 0,0 0,0 0,0 0 1 1,0 0,0 26/10/2022 10 14 10 45,4728116 9,2340748
6 53 24,0 55,0 100965 25 591 0,01 0,0 9,0 11,0 11,0 1 2 1,0 2,0 26/10/2022 10 14 26 45,4728257 9,2344878
6 54 24,0 55,0 100967 20 664 0,01 0,0 9,0 11,0 11,0 1 1 1,0 1,0 26/10/2022 10 15 4 45,4728333 9,2344859
6 55 23,0 55,0 100969 9 627 0,01 0,0 5,0 5,0 5,0 1 2 2,0 2,0 26/10/2022 10 15 16 45,4728333 9,234485
6 56 24,0 54,0 100971 62 600 0,01 0,0 5,0 6,0 6,0 1 2 2,0 2,0 26/10/2022 10 15 40 45,4728333 9,234485
6 57 24,0 54,0 100973 109 622 0,01 0,0 5,0 6,0 6,0 1 2 1,0 2,0 26/10/2022 10 16 4 45,4728333 9,234485
6 58 24,0 54,0 100974 147 608 0,01 0,0 4,0 4,0 4,0 1 1 2,0 1,0 26/10/2022 10 16 36 45,4728333 9,234485
6 59 25,0 54,0 100976 186 647 0,01 0,0 4,0 4,0 4,0 1 1 1,0 2,0 26/10/2022 10 16 52 45,47277 9,23464
6 60 25,0 53,0 100977 212 643 0,01 0,0 4,0 4,0 4,0 1 3 2,0 2,0 26/10/2022 10 17 14 45,47277 9,23464
6 61 25,0 53,0 100978 215 632 0,01 0,0 4,0 5,0 5,0 1 1 2,0 2,0 26/10/2022 10 17 52 45,47286 9,2345217
6 63 0 0 0 1993 607 0,01 0,0 0,0 0,0 0,0 0 0 1,0 0,0 26/10/2022 10 18 34 45,47286 9,2345217
6 63 25,0 53,0 100981 1530 614 0,01 0,0 7,0 8,0 8,0 1 2 2,0 2,0 26/10/2022 10 18 38 45,4728205 9,2345203
6 1 26,0 52,0 100982 423 654 0,01 0,0 5,0 5,0 5,0 1 2 2,0 2,0 26/10/2022 10 19 4 45,47282 9,23452
6 2 26,0 52,0 100983 507 627 0,01 0,0 10,0 11,0 12,0 1 2 2,0 2,0 26/10/2022 10 19 28 45,4727264 9,234762
6 3 26,0 52,0 100984 377 629 0,01 0,0 10,0 11,0 12,0 1 2 2,0 2,0 26/10/2022 10 19 52 45,4728 9,2346183
6 4 26,0 52,0 100985 265 627 0,01 0,0 13,0 13,0 13,0 1 1 1,0 1,0 26/10/2022 10 20 24 45,4728 9,2346183
6 5 26,0 52,0 100986 325 626 0,01 0,0 6,0 7,0 7,0 1 2 2,0 2,0 26/10/2022 10 20 40 45,4728416 9,2345287
6 6 26,0 51,0 100987 334 661 0,01 0,0 6,0 7,0 7,0 1 1 1,0 2,0 26/10/2022 10 21 8 45,4730157 9,2345897
6 7 26,0 51,0 100988 242 659 0,01 0,0 10,0 13,0 15,0 1 1 1,0 1,0 26/10/2022 10 21 26 45,4733906 9,2344929
6 9 0 0 0 157 609 0,01 0,0 0,0 0,0 0,0 0 0 1,0 0,0 26/10/2022 10 22 4 45,4735096 9,2344384
6 9 26,0 51,0 100989 111 655 0,01 0,0 10,0 12,0 14,0 1 3 1,0 2,0 26/10/2022 10 22 16 45,4738433 9,2343599
6 10 25,0 52,0 100990 100 627 0,01 0,0 7,0 7,0 7,0 1 2 2,0 1,0 26/10/2022 10 22 52 45,4740707 9,2343826
6 11 25,0 52,0 100990 113 609 0,01 0,0 7,0 8,0 8,0 1 2 2,0 2,0 26/10/2022 10 23 16 45,4743999 9,2344475
6 12 25,0 52,0 100990 87 586 0,01 0,0 10,0 11,0 11,0 1 2 2,0 2,0 26/10/2022 10 23 40 45,4747199 9,2344015
6 13 25,0 52,0 100991 53 635 0,01 0,0 9,0 9,0 9,0 1 1 1,0 1,0 26/10/2022 10 24 12 45,475008 9,2344015
6 15 0 0 0 43 641 0,01 0,0 7,0 7,0 7,0 1 0 2,0 1,0 26/10/2022 10 24 34 45,4752068 9,2343733
6 15 25,0 52,0 100991 58 652 0,01 0,0 7,0 7,0 7,0 1 2 1,0 2,0 26/10/2022 10 24 52 45,475422 9,2343777
6 16 25,0 52,0 100991 42 617 0,01 0,0 8,0 8,0 8,0 1 2 2,0 2,0 26/10/2022 10 25 14 45,47573 9,2343683
6 17 25,0 52,0 100991 20 587 0,01 0,0 8,0 9,0 9,0 1 1 2,0 2,0 26/10/2022 10 25 40 45,4759655 9,2345545
6 18 25,0 52,0 100991 8 645 0,01 0,0 8,0 9,0 9,0 1 1 2,0 1,0 26/10/2022 10 26 4 45,476012 9,2349649
6 19 24,0 53,0 100991 2 618 0,01 0,0 7,0 9,0 11,0 1 2 1,0 2,0 26/10/2022 10 26 28 45,475994 9,2353187
6 20 24,0 53,0 100991 0 633 0,01 0,0 7,0 9,0 10,0 1 2 2,0 2,0 26/10/2022 10 26 54 45,4759599 9,2356663
6 21 24,0 54,0 100991 0 639 0,01 0,0 7,0 9,0 10,0 1 3 3,0 1,0 26/10/2022 10 27 18 45,4756647 9,2359934
6 23 23,0 55,0 100990 0 0 0 0,0 5,0 6,0 7,0 1 1 0,0 1,0 26/10/2022 10 28 0 45,4756667 9,2359933
6 24 0 0 0 41 641 0,01 0,0 0,0 0,0 0,0 0 0 2,0 0,0 26/10/2022 10 28 20 45,4756667 9,2359933
6 24 24,0 54,0 100989 120 605 0,01 0,0 9,0 10,0 11,0 1 2 2,0 1,0 26/10/2022 10 28 38 45,4756667 9,2359933
6 25 24,0 53,0 100988 185 643 0,01 0,0 3,0 3,0 4,0 1 2 1,0 2,0 26/10/2022 10 29 8 45,4756667 9,2359933
6 27 0 0 0 227 631 0,01 0,0 7,0 7,0 7,0 1 0 1,0 2,0 26/10/2022 10 29 38 45,4756667 9,2359933
6 27 25,0 53,0 100987 231 661 0,01 0,0 7,0 7,0 7,0 1 1 2,0 1,0 26/10/2022 10 29 54 45,4756667 9,2359933
6 28 25,0 53,0 100987 218 612 0,01 0,0 5,0 6,0 8,0 1 1 1,0 1,0 26/10/2022 10 30 26 45,4756667 9,2359933
6 29 25,0 52,0 100986 183 626 0,01 0,0 8,0 9,0 9,0 1 2 1,0 1,0 26/10/2022 10 30 38 45,4756667 9,2359933
6 30 25,0 52,0 100986 152 623 0,01 0,0 8,0 9,0 9,0 1 2 2,0 2,0 26/10/2022 10 31 4 45,4756667 9,2359933
6 31 25,0 52,0 100986 123 626 0,01 0,0 6,0 6,0 6,0 1 2 2,0 1,0 26/10/2022 10 31 28 45,4756667 9,2359933
6 32 25,0 52,0 100986 78 622 0,01 0,0 6,0 6,0 6,0 1 1 2,0 1,0 26/10/2022 10 31 52 45,4756667 9,2359933
6 33 25,0 52,0 100985 62 609 0,01 0,0 6,0 6,0 6,0 1 1 2,0 2,0 26/10/2022 10 32 28 45,4756667 9,2359933
6 34 25,0 53,0 100985 72 617 0,01 0,0 12,0 17,0 21,0 1 2 2,0 2,0 26/10/2022 10 32 52 45,4756924 9,2358456
6 35 25,0 52,0 100985 87 579 0,01 0,0 8,0 9,0 10,0 2 2 2,0 2,0 26/10/2022 10 33 16 45,475869 9,2355874
6 36 25,0 52,0 100984 68 585 0,01 0,0 8,0 9,0 9,0 1 1 2,0 2,0 26/10/2022 10 33 40 45,475981 9,2352741
6 38 25,0 52,0 100984 42 537 0,01 0,0 0,0 0,0 0,0 0 1 1,0 0,0 26/10/2022 10 34 6 45,4759499 9,2348597
6 38 24,0 53,0 100985 22 553 0,01 0,0 11,0 11,0 11,0 1 2 1,0 2,0 26/10/2022 10 34 32 45,4758934 9,2345661
6 39 24,0 53,0 100985 29 557 0,01 0,0 11,0 11,0 11,0 1 1 2,0 2,0 26/10/2022 10 34 54 45,4761499 9,2344896
6 40 24,0 54,0 100985 9 646 0,01 0,0 11,0 12,0 12,0 1 2 2,0 2,0 26/10/2022 10 35 18 45,4764603 9,2344228
6 41 24,0 54,0 100986 0 669 0,01 0,0 10,0 10,0 10,0 1 2 2,0 2,0 26/10/2022 10 35 42 45,4768364 9,2344087
6 43 0 0 0 4 656 0,01 0,0 0,0 0,0 0,0 0 0 2,0 0,0 26/10/2022 10 36 8 45,4770912 9,2344154
6 43 24,0 54,0 100986 5 572 0,01 0,0 4,0 4,0 4,0 1 1 1,0 1,0 26/10/2022 10 36 28 45,4773992 9,2344468
6 45 24,0 54,0 100986 0 0 0 0,0 4,0 4,0 4,0 1 1 0,0 1,0 26/10/2022 10 37 0 45,4775252 9,2344558
6 45 24,0 54,0 100986 6 702 0,01 0,0 4,0 4,0 4,0 1 3 2,0 2,0 26/10/2022 10 37 12 45,4779829 9,2344242
6 46 24,0 54,0 100986 12 692 0,01 0,0 10,0 10,0 10,0 1 2 2,0 1,0 26/10/2022 10 37 48 45,4782396 9,2343793
6 47 24,0 54,0 100985 25 665 0,01 0,0 12,0 14,0 16,0 1 1 2,0 2,0 26/10/2022 10 38 12 45,4786722 9,2343863
6 49 24,0 54,0 100985 0 0 0 0,0 10,0 11,0 11,0 1 1 0,0 1,0 26/10/2022 10 38 48 45,4788807 9,2343417
6 49 24,0 54,0 100985 22 649 0,01 0,0 17,0 20,0 22,0 1 1 2,0 2,0 26/10/2022 10 39 6 45,4791784 9,2343855
6 50 24,0 54,0 100984 20 651 0,01 0,0 11,0 12,0 12,0 1 1 1,0 2,0 26/10/2022 10 39 30 45,4794587 9,2342859
6 51 24,0 54,0 100984 17 647 0,01 0,0 11,0 12,0 12,0 1 1 2,0 2,0 26/10/2022 10 39 54 45,4800594 9,2344219
6 54 24,0 54,0 100983 0 0 0 0,0 11,0 11,0 11,0 1 1 0,0 1,0 26/10/2022 10 40 44 45,4802564 9,2343663
6 54 24,0 54,0 100983 14 650 0,01 0,0 11,0 11,0 11,0 1 2 1,0 2,0 26/10/2022 10 41 6 45,48028 9,2342889
6 56 0 0 0 38 624 0,01 0,0 9,0 10,0 10,0 1 0 2,0 2,0 26/10/2022 10 41 30 45,4803517 9,2343817
6 58 0 0 0 84 631 0,01 0,0 9,0 10,0 10,0 1 0 1,0 1,0 26/10/2022 10 42 40 45,4803517 9,2343817
6 58 24,0 54,0 100981 86 633 0,01 0,0 5,0 5,0 5,0 1 2 2,0 1,0 26/10/2022 10 42 48 45,4803517 9,2343817
6 59 24,0 53,0 100981 126 639 0,01 0,0 8,0 9,0 10,0 1 2 2,0 2,0 26/10/2022 10 43 14 45,4803517 9,2343817
6 60 25,0 53,0 100980 177 599 0,01 0,0 10,0 11,0 11,0 1 1 1,0 1,0 26/10/2022 10 43 46 45,4803517 9,2343817
6 62 0 0 0 192 598 0,01 0,0 10,0 10,0 10,0 1 0 2,0 1,0 26/10/2022 10 44 10 45,4803517 9,2343817
6 62 25,0 52,0 100980 188 590 0,01 0,0 9,0 10,0 12,0 1 2 2,0 2,0 26/10/2022 10 44 26 45,4802596 9,2343812
6 63 25,0 52,0 100980 180 626 0,01 0,0 9,0 10,0 12,0 1 2 2,0 2,0 26/10/2022 10 44 50 45,4802567 9,2343817
6 1 26,0 52,0 100980 611 651 0,01 0,0 8,0 9,0 9,0 1 2 1,0 2,0 26/10/2022 10 45 14 45,4803639 9,2342714
6 2 26,0 52,0 100980 645 613 0,01 0,0 8,0 9,0 9,0 1 2 2,0 2,0 26/10/2022 10 45 42 45,4803567 9,234245
6 4 26,0 51,0 100980 245 630 0,01 0,0 0,0 0,0 0,0 0 1 1,0 0,0 26/10/2022 10 46 10 45,4803772 9,2343347
6 5 0 0 0 230 615 0,01 0,0 13,0 15,0 17,0 1 0 1,0 1,0 26/10/2022 10 46 30 45,4803767 9,234335
6 6 0 0 0 201 614 0,01 0,0 13,0 15,0 16,0 1 0 1,0 1,0 26/10/2022 10 46 52 45,4805744 9,2343506
6 6 26,0 51,0 100980 173 605 0,01 0,0 13,0 15,0 16,0 1 2 1,0 1,0 26/10/2022 10 47 24 45,4807697 9,2343225
6 7 25,0 51,0 100980 77 574 0,01 0,0 12,0 13,0 13,0 1 2 2,0 2,0 26/10/2022 10 47 48 45,4809575 9,234279
6 8 25,0 51,0 100979 59 654 0,01 0,0 7,0 8,0 8,0 1 2 2,0 2,0 26/10/2022 10 48 12 45,481252 9,2342306
6 9 25,0 52,0 100979 55 618 0,01 0,0 9,0 9,0 9,0 1 2 2,0 2,0 26/10/2022 10 48 36 45,4815384 9,2343225
6 10 24,0 52,0 100978 7 650 0,01 0,0 14,0 14,0 14,0 2 1 1,0 1,0 26/10/2022 10 49 2 45,4818834 9,2343975
6 12 24,0 52,0 100978 0 532 0,01 0,0 0,0 0,0 0,0 0 1 1,0 0,0 26/10/2022 10 49 40 45,4820224 9,2343741
6 13 24,0 53,0 100977 0 762 0,01 0,0 0,0 0,0 0,0 0 2 1,0 0,0 26/10/2022 10 49 54 45,4824822 9,2342244
6 13 24,0 53,0 100976 16 631 0,01 0,0 8,0 9,0 10,0 1 2 1,0 1,0 26/10/2022 10 50 16 45,4827424 9,234286
6 14 24,0 53,0 100975 43 629 0,01 0,0 21,0 22,0 22,0 1 1 2,0 2,0 26/10/2022 10 50 40 45,4829522 9,2342822
6 15 23,0 54,0 100975 15 661 0,01 0,0 21,0 22,0 22,0 1 1 2,0 1,0 26/10/2022 10 51 4 45,483359 9,2342583
6 16 23,0 54,0 100974 0 574 0,01 0,0 13,0 14,0 14,0 1 1 1,0 2,0 26/10/2022 10 51 38 45,4836717 9,2342251
6 17 23,0 55,0 100973 0 643 0,01 0,0 13,0 14,0 14,0 1 1 1,0 2,0 26/10/2022 10 51 58 45,4839064 9,2344098
6 18 23,0 55,0 100973 3 650 0,01 0,0 13,0 14,0 14,0 1 2 2,0 2,0 26/10/2022 10 52 20 45,4844221 9,2347585
6 19 23,0 55,0 100972 13 699 0,01 0,0 8,0 9,0 9,0 2 1 1,0 1,0 26/10/2022 10 52 58 45,4846107 9,2350446
6 20 23,0 55,0 100972 23 645 0,01 0,0 13,0 14,0 14,0 1 1 2,0 1,0 26/10/2022 10 53 22 45,4846424 9,2353732
6 21 23,0 55,0 100971 31 626 0,01 0,0 11,0 12,0 12,0 2 2 1,0 2,0 26/10/2022 10 53 42 45,4844892 9,2357639
6 22 23,0 55,0 100970 21 637 0,01 0,0 11,0 12,0 13,0 1 2 2,0 2,0 26/10/2022 10 54 4 45,4845851 9,2362475
6 23 23,0 56,0 100970 7 651 0,01 0,0 15,0 17,0 18,0 1 2 1,0 2,0 26/10/2022 10 54 32 45,4848533 9,2361153
6 25 23,0 56,0 100968 8 627 0,01 0,0 5,0 5,0 5,0 1 1 2,0 1,0 26/10/2022 10 55 20 45,4848533 9,236115
6 26 23,0 55,0 100967 68 631 0,01 0,0 7,0 8,0 9,0 1 2 2,0 2,0 26/10/2022 10 55 36 45,4848533 9,236115
6 27 24,0 55,0 100966 112 649 0,01 0,0 7,0 8,0 9,0 1 1 2,0 2,0 26/10/2022 10 56 0 45,4848533 9,236115
6 28 24,0 55,0 100966 86 614 0,01 0,0 10,0 13,0 15,0 1 2 1,0 2,0 26/10/2022 10 56 26 45,4848533 9,236115
6 29 24,0 54,0 100965 82 634 0,01 0,0 10,0 13,0 15,0 1 1 1,0 1,0 26/10/2022 10 57 4 45,4848533 9,236115
6 30 24,0 54,0 100964 145 614 0,01 0,0 10,0 13,0 15,0 1 1 3,0 2,0 26/10/2022 10 57 18 45,4848533 9,236115
6 31 24,0 54,0 100964 97 638 0,01 0,0 9,0 10,0 10,0 1 2 1,0 2,0 26/10/2022 10 57 50 45,4848533 9,236115
6 32 24,0 54,0 100963 63 597 0,01 0,0 11,0 12,0 12,0 1 1 1,0 1,0 26/10/2022 10 58 14 45,4848533 9,236115
6 34 24,0 53,0 100963 0 0 0 0,0 9,0 10,0 10,0 1 1 0,0 1,0 26/10/2022 10 58 48 45,4848533 9,236115
6 34 25,0 53,0 100963 136 614 0,01 0,0 11,0 12,0 12,0 1 1 2,0 2,0 26/10/2022 10 59 4 45,4848533 9,236115
6 35 25,0 53,0 100963 191 596 0,01 0,0 7,0 8,0 8,0 1 2 2,0 1,0 26/10/2022 10 59 24 45,4848533 9,236115
6 36 25,0 53,0 100963 237 641 0,01 0,0 7,0 8,0 8,0 1 1 2,0 2,0 26/10/2022 10 59 52 45,4848533 9,236115
6 37 25,0 53,0 100962 225 635 0,01 0,0 10,0 10,0 10,0 1 1 1,0 1,0 26/10/2022 11 0 12 45,4847675 9,2357091
6 39 0 0 0 167 543 0,01 0,0 12,0 13,0 13,0 1 0 1,0 1,0 26/10/2022 11 0 54 45,4847222 9,2357126
6 39 25,0 52,0 100962 104 602 0,01 0,0 12,0 13,0 13,0 1 1 2,0 2,0 26/10/2022 11 1 2 45,4844889 9,2357459
6 40 25,0 52,0 100962 85 587 0,01 0,0 11,0 12,0 12,0 1 2 2,0 2,0 26/10/2022 11 1 28 45,4844494 9,2354411
6 41 25,0 53,0 100963 99 628 0,01 0,0 11,0 12,0 12,0 1 2 2,0 2,0 26/10/2022 11 1 52 45,4844039 9,2350453
6 42 24,0 53,0 100963 100 587 0,01 0,0 11,0 12,0 12,0 1 2 1,0 2,0 26/10/2022 11 2 18 45,4842412 9,2343947
6 44 24,0 54,0 100963 96 618 0,01 0,0 0,0 0,0 0,0 0 1 2,0 0,0 26/10/2022 11 2 56 45,483883 9,2343693
6 44 24,0 54,0 100963 92 650 0,01 0,0 18,0 21,0 23,0 1 2 1,0 1,0 26/10/2022 11 3 12 45,4836872 9,2342815
6 45 24,0 54,0 100964 65 773 0,01 0,0 10,0 11,0 11,0 1 2 2,0 2,0 26/10/2022 11 3 36 45,4833763 9,2343776
6 46 24,0 54,0 100964 21 652 0,01 0,0 11,0 12,0 13,0 1 2 2,0 2,0 26/10/2022 11 4 0 45,4828747 9,2344451
6 47 23,0 54,0 100964 7 630 0,01 0,0 14,0 15,0 16,0 1 1 1,0 1,0 26/10/2022 11 4 40 45,4825525 9,2343819
6 49 0 0 0 3 675 0,01 0,0 14,0 15,0 16,0 1 0 2,0 2,0 26/10/2022 11 4 56 45,4824626 9,2342887
6 49 23,0 55,0 100965 3 659 0,01 0,0 8,0 8,0 8,0 1 2 2,0 2,0 26/10/2022 11 5 16 45,4821261 9,2344003
6 51 23,0 55,0 100966 0 0 0 0,0 13,0 14,0 14,0 1 1 0,0 2,0 26/10/2022 11 5 40 45,4816185 9,2344285
6 51 23,0 55,0 100966 18 617 0,01 0,0 13,0 14,0 14,0 1 1 2,0 1,0 26/10/2022 11 6 10 45,4814321 9,2343098
6 52 23,0 56,0 100967 9 654 0,01 0,0 13,0 14,0 15,0 1 1 2,0 1,0 26/10/2022 11 6 26 45,4811531 9,2343961
6 53 23,0 56,0 100968 6 566 0,01 0,0 13,0 14,0 14,0 1 2 2,0 2,0 26/10/2022 11 6 50 45,4809187 9,2342164
6 54 22,0 57,0 100969 6 664 0,01 0,0 13,0 14,0 14,0 1 2 2,0 1,0 26/10/2022 11 7 16 45,4805076 9,2341728
6 56 22,0 57,0 100970 0 0 0 0,0 21,0 24,0 25,0 2 1 0,0 1,0 26/10/2022 11 7 52 45,4805497 9,2340979
6 56 23,0 57,0 100971 37 661 0,01 0,0 16,0 19,0 20,0 1 1 1,0 1,0 26/10/2022 11 8 16 45,4803414 9,2341027
6 57 23,0 56,0 100973 77 650 0,01 0,0 15,0 16,0 16,0 1 2 2,0 2,0 26/10/2022 11 8 36 45,4800536 9,234184
6 58 23,0 56,0 100974 45 623 0,01 0,0 14,0 15,0 15,0 1 2 2,0 2,0 26/10/2022 11 9 0 45,4796984 9,2342069
6 59 23,0 56,0 100975 32 698 0,01 0,0 15,0 16,0 16,0 1 1 1,0 2,0 26/10/2022 11 9 28 45,4794877 9,2341934
6 61 23,0 56,0 100976 0 0 0 0,0 15,0 16,0 16,0 1 2 0,0 2,0 26/10/2022 11 9 48 45,4791142 9,2340861
6 61 23,0 57,0 100977 11 614 0,01 0,0 9,0 10,0 10,0 1 2 2,0 2,0 26/10/2022 11 10 18 45,4788388 9,2341355
6 62 23,0 57,0 100978 2 641 0,01 0,0 14,0 15,0 15,0 1 2 2,0 2,0 26/10/2022 11 10 42 45,4785915 9,2340674
6 63 23,0 57,0 100979 8 688 0,01 0,0 14,0 15,0 15,0 1 1 2,0 1,0 26/10/2022 11 11 6 45,4785571 9,2336594
6 2 0 0 0 0 0 0 0,0 15,0 16,0 16,0 1 0 0,0 2,0 26/10/2022 11 11 28 45,4785615 9,2332964
6 3 23,0 57,0 100981 0 0 0 0,0 15,0 16,0 16,0 1 1 0,0 1,0 26/10/2022 11 11 50 45,4786072 9,2328905
6 3 22,0 58,0 100982 2 696 0,01 0,0 15,0 16,0 16,0 1 3 3,0 2,0 26/10/2022 11 12 14 45,478531 9,2322584
6 4 22,0 58,0 100983 1 656 0,01 0,0 12,0 14,0 16,0 2 2 2,0 2,0 26/10/2022 11 12 52 45,4784985 9,2318228
6 5 22,0 58,0 100983 5 691 0,01 0,0 16,0 17,0 17,0 1 2 2,0 2,0 26/10/2022 11 13 16 45,4783886 9,2315686
6 6 23,0 58,0 100984 13 634 0,01 0,0 18,0 19,0 19,0 1 1 1,0 1,0 26/10/2022 11 13 40 45,4781505 9,2315595
6 7 22,0 58,0 100984 11 633 0,01 0,0 14,0 15,0 15,0 1 2 1,0 2,0 26/10/2022 11 14 4 45,4781491 9,23156
6 8 23,0 58,0 100986 42 650 0,01 0,0 18,0 19,0 19,0 1 2 2,0 2,0 26/10/2022 11 14 26 45,4781499 9,23156
6 9 23,0 57,0 100987 96 670 0,01 0,0 18,0 19,0 19,0 1 2 2,0 2,0 26/10/2022 11 14 50 45,47815 9,23156
6 10 23,0 57,0 100988 130 649 0,01 0,0 13,0 14,0 15,0 1 2 2,0 2,0 26/10/2022 11 15 14 45,47817 9,2315133
6 11 23,0 57,0 100989 106 613 0,01 0,0 24,0 25,0 25,0 1 1 2,0 1,0 26/10/2022 11 15 40 45,47817 9,2315133
6 12 23,0 56,0 100990 78 669 0,01 0,0 24,0 25,0 25,0 1 2 1,0 2,0 26/10/2022 11 16 8 45,47817 9,2315133
6 13 23,0 57,0 100991 41 636 0,01 0,0 17,0 18,0 18,0 1 2 2,0 2,0 26/10/2022 11 16 28 45,47817 9,2315133
6 14 23,0 57,0 100992 27 632 0,01 0,0 17,0 18,0 18,0 1 2 2,0 2,0 26/10/2022 11 16 52 45,47817 9,2315133
6 15 23,0 57,0 100993 34 652 0,01 0,0 17,0 18,0 18,0 1 2 2,0 2,0 26/10/2022 11 17 16 45,47817 9,2315133
6 16 23,0 56,0 100994 70 661 0,01 0,0 11,0 13,0 14,0 1 2 2,0 2,0 26/10/2022 11 17 52 45,47817 9,2315133
6 17 24,0 56,0 100995 207 657 0,01 0,0 16,0 17,0 17,0 1 2 2,0 2,0 26/10/2022 11 18 16 45,47817 9,2315133
6 18 25,0 55,0 100996 309 651 0,01 0,0 16,0 17,0 17,0 1 2 2,0 2,0 26/10/2022 11 18 40 45,47817 9,2315133
6 20 25,0 55,0 100996 0 0 0 0,0 24,0 25,0 25,0 1 1 0,0 1,0 26/10/2022 11 19 20 45,4782075 9,2315075
6 20 25,0 55,0 100997 290 637 0,01 0,0 16,0 17,0 19,0 1 2 2,0 2,0 26/10/2022 11 19 28 45,4783735 9,2315731
6 21 25,0 54,0 100998 243 662 0,01 0,0 16,0 18,0 19,0 1 1 2,0 1,0 26/10/2022 11 19 54 45,4784617 9,2314628
6 22 25,0 54,0 100998 175 637 0,01 0,0 11,0 14,0 16,0 1 2 2,0 2,0 26/10/2022 11 20 12 45,4784912 9,2311039
6 23 25,0 54,0 100998 148 758 0,01 0,0 12,0 14,0 15,0 1 2 1,0 2,0 26/10/2022 11 20 36 45,4785032 9,2306142
6 24 25,0 54,0 100998 131 646 0,01 0,0 13,0 14,0 15,0 1 1 1,0 1,0 26/10/2022 11 21 8 45,4785578 9,2303772
6 25 25,0 54,0 100997 106 620 0,01 0,0 16,0 16,0 16,0 1 2 1,0 2,0 26/10/2022 11 21 30 45,478466 9,2301575
6 26 24,0 54,0 100997 85 634 0,01 0,0 16,0 16,0 16,0 1 2 1,0 2,0 26/10/2022 11 21 50 45,4781992 9,2301725
6 27 24,0 54,0 100996 84 639 0,01 0,0 16,0 16,0 16,0 2 3 3,0 3,0 26/10/2022 11 22 14 45,4775072 9,2301654
6 29 24,0 55,0 100996 87 585 0,01 0,0 12,0 12,0 12,0 1 2 2,0 2,0 26/10/2022 11 23 16 45,4772208 9,2301533
6 30 24,0 55,0 100997 81 630 0,01 0,0 14,0 15,0 15,0 1 2 2,0 1,0 26/10/2022 11 23 40 45,4770457 9,2300429
6 31 24,0 55,0 100997 59 658 0,01 0,0 13,0 17,0 21,0 0 1 2,0 1,0 26/10/2022 11 24 6 45,4769958 9,2298558
6 32 24,0 55,0 100997 68 641 0,01 0,0 13,0 14,0 14,0 1 1 1,0 2,0 26/10/2022 11 24 28 45,4767533 9,2298382
6 33 24,0 55,0 100997 112 652 0,01 0,0 13,0 14,0 14,0 1 1 1,0 1,0 26/10/2022 11 25 0 45,4765661 9,2299065
6 34 24,0 55,0 100998 93 670 0,01 0,0 17,0 20,0 23,0 1 2 2,0 2,0 26/10/2022 11 25 16 45,4762393 9,2298775
6 35 24,0 55,0 100998 58 776 0,01 0,0 17,0 19,0 19,0 1 2 2,0 2,0 26/10/2022 11 25 40 45,4758753 9,2299413
6 36 24,0 56,0 100998 38 729 0,01 0,0 17,0 19,0 19,0 2 1 2,0 2,0 26/10/2022 11 26 8 45,4756233 9,2299159
6 37 23,0 56,0 100999 31 667 0,01 0,0 13,0 14,0 14,0 1 1 1,0 1,0 26/10/2022 11 26 28 45,4756417 9,22989
6 39 23,0 56,0 101000 42 683 0,01 0,0 0,0 0,0 0,0 0 1 1,0 0,0 26/10/2022 11 26 56 45,4756417 9,22989
6 39 24,0 56,0 101000 109 713 0,01 0,0 13,0 14,0 14,0 1 3 3,0 3,0 26/10/2022 11 27 16 45,4755564 9,2298082
6 40 24,0 56,0 101000 118 656 0,01 0,0 24,0 26,0 26,0 1 2 2,0 2,0 26/10/2022 11 27 52 45,4750089 9,2298871
6 42 0 0 0 96 622 0,01 0,0 0,0 0,0 0,0 0 0 1,0 0,0 26/10/2022 11 28 32 45,4748812 9,2298875
6 42 24,0 56,0 101002 95 604 0,01 0,0 19,0 20,0 20,0 1 2 1,0 2,0 26/10/2022 11 28 44 45,474626 9,2298632
6 43 24,0 56,0 101002 73 721 0,01 0,0 12,0 14,0 15,0 1 1 2,0 1,0 26/10/2022 11 29 6 45,4744158 9,2296383
6 45 24,0 56,0 101003 49 607 0,01 0,0 0,0 0,0 0,0 0 1 1,0 0,0 26/10/2022 11 29 26 45,4743657 9,2292255
6 45 23,0 56,0 101004 34 660 0,01 0,0 15,0 17,0 17,0 1 1 1,0 1,0 26/10/2022 11 29 54 45,4743524 9,2288584
6 46 23,0 56,0 101004 22 677 0,01 0,0 17,0 18,0 18,0 2 2 2,0 1,0 26/10/2022 11 30 12 45,474356 9,2284306
6 47 23,0 56,0 101005 19 661 0,01 0,0 19,0 20,0 20,0 1 1 2,0 2,0 26/10/2022 11 30 36 45,4743364 9,2280786
6 48 23,0 57,0 101005 50 806 0,01 0,0 19,0 20,0 20,0 1 2 2,0 2,0 26/10/2022 11 31 0 45,4743421 9,227528
6 49 23,0 57,0 101006 23 635 0,01 0,0 18,0 22,0 26,0 1 2 1,0 2,0 26/10/2022 11 31 26 45,4742957 9,2267956
6 51 0 0 0 0 701 0,01 0,0 0,0 0,0 0,0 0 0 1,0 0,0 26/10/2022 11 32 10 45,4743096 9,2267394
6 51 23,0 58,0 101006 6 726 0,01 0,0 18,0 21,0 24,0 1 3 2,0 3,0 26/10/2022 11 32 14 45,4739051 9,2266226
6 52 22,0 58,0 101005 8 689 0,01 0,0 16,0 17,0 17,0 1 2 1,0 2,0 26/10/2022 11 32 50 45,4736696 9,226794
6 53 22,0 58,0 101005 2 738 0,01 0,0 19,0 20,0 20,0 1 2 2,0 2,0 26/10/2022 11 33 14 45,4734028 9,2270929
6 54 23,0 58,0 101005 0 581 0,01 0,0 20,0 21,0 21,0 1 1 1,0 1,0 26/10/2022 11 33 50 45,473291 9,2272701
6 55 23,0 58,0 101005 10 682 0,01 0,0 18,0 19,0 19,0 1 2 2,0 2,0 26/10/2022 11 34 4 45,4728645 9,2274718
6 56 23,0 58,0 101005 8 554 0,01 0,0 15,0 16,0 16,0 1 2 2,0 2,0 26/10/2022 11 34 28 45,4725561 9,2273935
6 57 23,0 58,0 101006 3 741 0,01 0,0 15,0 16,0 16,0 1 2 2,0 1,0 26/10/2022 11 34 52 45,4723364 9,2272977
6 58 23,0 58,0 101006 8 643 0,01 0,0 15,0 16,0 16,0 1 2 1,0 2,0 26/10/2022 11 35 16 45,4722162 9,2269201
6 60 23,0 57,0 101007 30 657 0,01 0,0 17,0 19,0 19,0 1 2 2,0 2,0 26/10/2022 11 36 2 45,4721772 9,2270848
6 61 23,0 57,0 101007 50 639 0,01 0,0 16,0 17,0 17,0 1 2 2,0 2,0 26/10/2022 11 36 26 45,4721675 9,2270759
6 62 23,0 57,0 101008 75 664 0,01 0,0 17,0 18,0 18,0 1 2 2,0 2,0 26/10/2022 11 36 50 45,472125 9,2270317
6 63 24,0 56,0 101008 119 638 0,01 0,0 17,0 18,0 18,0 1 1 2,0 1,0 26/10/2022 11 37 14 45,472125 9,2270317
6 1 24,0 56,0 101009 182 634 0,01 0,0 15,0 16,0 16,0 1 2 1,0 2,0 26/10/2022 11 37 54 45,4721149 9,2270402
6 2 24,0 56,0 101009 192 616 0,01 0,0 15,0 16,0 16,0 1 2 2,0 2,0 26/10/2022 11 38 14 45,4721117 9,2270467
6 3 25,0 55,0 101010 189 644 0,01 0,0 16,0 17,0 18,0 1 2 2,0 2,0 26/10/2022 11 38 38 45,4720799 9,2270892
6 4 25,0 54,0 101010 191 605 0,01 0,0 17,0 19,0 21,0 1 1 2,0 1,0 26/10/2022 11 39 2 45,4720708 9,2270135
6 5 25,0 54,0 101011 181 639 0,01 0,0 15,0 16,0 17,0 1 2 1,0 2,0 26/10/2022 11 39 32 45,4720666 9,2270243
6 6 25,0 53,0 101011 192 607 0,01 0,0 15,0 16,0 17,0 1 2 2,0 2,0 26/10/2022 11 39 52 45,4720633 9,2270233
6 7 25,0 53,0 101012 208 619 0,01 0,0 17,0 19,0 20,0 1 2 1,0 2,0 26/10/2022 11 40 20 45,472125 9,2270333
6 9 26,0 53,0 101012 277 628 0,01 0,0 0,0 0,0 0,0 0 1 1,0 0,0 26/10/2022 11 40 42 45,4721199 9,2270458
6 9 26,0 53,0 101013 294 666 0,01 0,0 15,0 15,0 15,0 1 2 2,0 1,0 26/10/2022 11 41 6 45,4720335 9,2268227
6 10 26,0 53,0 101013 298 625 0,01 0,0 12,0 14,0 15,0 1 1 2,0 1,0 26/10/2022 11 41 30 45,4720194 9,2266476
6 11 26,0 53,0 101013 243 641 0,01 0,0 12,0 14,0 15,0 1 2 2,0 2,0 26/10/2022 11 41 48 45,4721079 9,2268882
6 12 26,0 53,0 101012 283 692 0,01 0,0 12,0 14,0 15,0 2 2 2,0 2,0 26/10/2022 11 42 12 45,4720568 9,22712
6 13 26,0 53,0 101006 339 717 0,01 0,0 5,0 5,0 5,0 1 2 1,0 2,0 26/10/2022 11 42 52 45,4720626 9,2272635
