27;62;100848;662;1500;0.01;0;4;5;5;36
27;62;100848;780;1398;0.01;0;5;6;6;60
28;61;100847;825;1318;0.01;0;6;6;6;84
28;61;100847;841;1315;0.01;0;5;6;6;108
28;60;100847;881;1327;0.01;0;4;6;9;140
29;60;100847;890;1334;0.01;0;5;5;6;156
29;60;100847;888;1329;0.01;0;5;5;6;180
29;60;100847;917;1317;0.01;0;7;8;8;204
29;60;100846;899;1413;0.01;0;3;4;4;228
29;59;100846;913;1454;0.01;0;3;4;4;254
29;59;100846;940;1435;0.01;0;2;2;2;278
29;59;100846;940;1422;0.01;0;2;2;2;302
29;59;100846;952;1415;0.01;0;2;2;2;340
29;58;100845;821;1418;0.01;0;4;4;5;360
29;56;100845;490;1374;0.01;0;4;4;4;386
29;53;100845;271;1167;0.01;0;16;17;17;416
29;52;100847;136;961;0.01;0;17;18;18;432
29;51;100852;39;861;0.01;0;21;23;23;456
29;50;100858;23;725;0.01;0;21;23;23;482
28;50;100864;19;691;0.01;0;23;25;26;512
28;49;100869;1;643;0.01;0;24;25;25;540
28;49;100874;7;663;0.01;0;24;25;25;552
28;49;100879;5;588;0.01;0;23;24;24;576
28;49;100884;22;561;0.01;0;23;25;25;602
27;49;100888;5;567;0.01;0;23;25;25;642
27;50;100893;11;630;0.01;0;31;33;33;662
27;50;100897;1;542;0.01;0;25;27;27;686
27;50;100901;6;602;0.01;0;25;27;27;710
27;50;100904;11;611;0.01;0;17;18;18;734
27;50;100908;9;597;0.01;0;24;27;28;772
27;50;100911;0;0;0;0;0;0;0;780
26;51;100914;1;569;0.01;0;19;21;22;804
26;51;100917;1;605;0.01;0;23;26;26;828
26;51;100920;1;610;0.01;0;23;26;26;852
26;51;100922;5;576;0.01;0;21;22;22;876
26;51;100924;27;624;0.01;0;21;23;25;908
26;51;100926;6;596;0.01;0;21;23;25;942
26;52;100928;43;603;0.01;0;0;0;0;962
26;51;100930;99;567;0.01;0;20;21;21;982
27;51;100932;147;580;0.01;0;23;24;24;1024
0;0;0;188;575;0.01;0;0;0;0;1030
27;50;100935;229;582;0.01;0;22;24;25;1054
27;50;100936;211;574;0.01;0;23;24;25;1078
27;50;100937;200;577;0.01;0;21;24;26;1108
27;50;100939;177;566;0.01;0;0;0;0;1130
28;49;100940;234;590;0.01;0;20;22;22;1154
28;49;100941;287;610;0.01;0;28;32;34;1178
28;49;100942;314;584;0.01;0;28;31;33;1214
28;49;100943;396;613;0.01;0;28;31;33;1238
28;49;100943;416;578;0.01;0;22;24;25;1268
0;0;0;310;598;0.01;0;26;27;27;1288
28;48;100944;194;517;0.01;0;24;25;26;1332
28;48;100945;173;571;0.01;0;24;26;27;1356
28;48;100946;141;588;0.01;0;24;26;27;1380
28;48;100946;109;593;0.01;0;21;23;24;1404
28;48;100946;0;0;0;0;33;35;35;1446
0;0;0;169;598;0.01;0;0;0;0;1450
28;48;100947;169;579;0.01;0;19;20;20;1476
28;48;100947;129;626;0.01;0;19;21;21;1500
28;48;100946;87;567;0.01;0;19;21;21;1534
28;48;100946;94;599;0.01;0;18;19;19;1558
28;48;100946;101;569;0.01;0;31;33;33;1586
28;48;100946;47;615;0.01;0;20;21;21;1606
27;48;100946;5;633;0.01;0;26;28;28;1630
27;48;100946;1;568;0.01;0;20;21;21;1674
0;0;0;4;593;0.01;0;0;0;0;1678
28;48;100945;111;581;0.01;0;23;25;25;1702
28;47;100944;213;562;0.01;0;26;28;29;1726
28;47;100943;202;580;0.01;0;26;28;29;1754
28;47;100943;177;567;0.01;0;17;19;20;1790
28;48;100942;158;569;0.01;0;17;19;19;1802
28;47;100942;143;588;0.01;0;17;19;19;1836
28;47;100942;168;583;0.01;0;18;20;20;1860
28;47;100941;230;581;0.01;0;20;21;21;1900
0;0;0;192;553;0.01;0;0;0;0;1912
29;46;100941;168;588;0.01;0;14;14;14;1932
29;46;100941;217;628;0.01;0;25;27;27;1956
29;45;100941;247;602;0.01;0;25;27;27;1980
29;45;100941;197;619;0.01;0;18;19;19;2008
28;45;100941;97;572;0.01;0;22;23;23;2028
28;46;100941;25;584;0.01;0;22;23;23;2052
28;46;100941;10;561;0.01;0;29;31;31;2076
28;46;100941;26;573;0.01;0;29;31;31;2102
27;47;100942;28;604;0.01;0;29;31;31;2142
27;48;100942;6;614;0.01;0;16;17;17;2158
27;47;100942;0;590;0.01;0;18;19;20;2184
27;47;100942;6;555;0.01;0;23;24;24;2210
27;47;100942;0;0;0;0;24;27;28;2242
27;47;100942;0;576;0.01;0;20;22;22;2258
28;47;100942;6;597;0.01;0;20;22;22;2282
28;47;100941;7;605;0.01;0;27;28;28;2306
28;47;100941;36;603;0.01;0;21;22;22;2330
28;47;100941;147;649;0.01;0;21;23;23;2364
28;47;100940;137;573;0.01;0;21;22;22;2376
28;47;100939;110;562;0.01;0;21;23;23;2400
28;47;100939;116;546;0.01;0;21;23;23;2438
28;47;100938;94;616;0.01;0;27;29;30;2468
0;0;0;116;597;0.01;0;20;23;24;2496
0;0;0;103;602;0.01;0;24;26;26;2512
29;45;100936;102;590;0.01;0;19;20;20;2538
29;45;100936;134;592;0.01;0;30;31;31;2554
29;45;100935;198;625;0.01;0;30;31;31;2586
29;45;100934;0;0;0;0;23;25;25;2606
29;45;100934;381;583;0.01;0;20;21;21;2630
30;45;100933;409;577;0.01;0;20;21;21;2670
30;45;100932;0;0;0;0;23;25;25;2680
30;44;100932;436;590;0.01;0;23;25;25;2698
30;44;100932;449;612;0.01;0;23;25;25;2734
30;44;100931;386;546;0.01;0;22;23;23;2774
0;0;0;386;626;0.01;0;20;21;21;2782
30;43;100930;437;639;0.01;0;22;24;24;2814
30;43;100930;343;606;0.01;0;20;22;23;2834
30;43;100929;267;624;0.01;0;21;23;24;2874
0;0;0;317;636;0.01;0;0;0;0;2880
30;43;100928;224;733;0.01;0;23;24;24;2908
29;43;100928;113;611;0.01;0;19;20;20;2932
0;0;0;118;651;0.01;0;19;20;20;2950
30;43;100926;0;0;0;0;24;25;25;2986
29;43;100925;113;613;0.01;0;24;25;25;3002
29;44;100924;56;549;0.01;0;24;25;25;3034
29;44;100923;11;608;0.01;0;26;28;30;3060
29;44;100922;30;585;0.01;0;19;20;20;3094
29;44;100921;37;597;0.01;0;0;0;0;3112
28;44;100920;1;597;0.01;0;30;33;35;3132
28;45;100919;49;573;0.01;0;25;26;26;3156
28;45;100918;95;608;0.01;0;25;26;26;3196
27;46;100917;68;579;0.01;0;14;15;15;3210
27;46;100916;88;617;0.01;0;26;28;28;3228
27;47;100914;7;612;0.01;0;26;28;28;3252
27;47;100913;0;583;0.01;0;19;20;20;3292
27;47;100912;0;593;0.01;0;0;0;0;3308
27;47;100912;7;597;0.01;0;19;20;20;3338
28;47;100911;180;574;0.01;0;28;30;30;3364
28;46;100909;217;579;0.01;0;21;23;24;3386
29;45;100909;203;592;0.01;0;0;0;0;3430
30;45;100907;0;0;0;0;25;26;26;3472
30;44;100907;0;0;0;0;25;26;26;3482
30;44;100906;366;576;0.01;0;15;16;16;3510
30;43;100906;0;0;0;0;19;21;21;3538
30;42;100905;222;589;0.01;0;19;21;21;3556
31;42;100905;316;561;0.01;0;16;17;17;3576
31;42;100905;436;582;0.01;0;16;17;17;3604
31;42;100905;388;528;0.01;0;16;17;17;3644
30;42;100905;215;529;0.01;0;15;18;19;3662
30;42;100904;0;0;0;0;20;22;22;3684
29;43;100904;120;612;0.01;0;20;21;21;3712
29;43;100904;182;548;0.01;0;15;16;16;3736
29;43;100904;170;632;0.01;0;21;22;22;3766
29;43;100903;0;0;0;0;21;22;22;3790
0;0;0;20;444;0.01;0;18;19;19;3808
0;0;0;0;567;0.01;0;21;24;25;3826
27;46;100904;0;0;0;0;21;24;25;3856
27;46;100904;0;595;0.01;0;21;22;22;3894
0;0;0;0;641;0.01;0;21;22;22;3904
27;47;100905;0;621;0.01;0;21;22;22;3936
27;47;100905;0;552;0.01;0;13;15;16;3962
27;47;100905;0;607;0.01;0;23;24;24;4000
0;0;0;0;543;0.01;0;20;22;22;4008
27;46;100906;7;603;0.01;0;22;23;23;4036
27;46;100906;5;581;0.01;0;20;21;21;4056
28;46;100907;35;535;0.01;0;20;21;21;4086
27;46;100907;58;575;0.01;0;22;23;24;4116
27;47;100907;1;590;0.01;0;25;27;27;4130
27;47;100908;0;598;0.01;0;25;27;27;4156
27;47;100908;0;542;0.01;0;17;18;18;4176
27;47;100909;28;562;0.01;0;17;18;18;4200
27;47;100909;78;550;0.01;0;17;18;18;4242
27;47;100910;59;456;0.01;0;15;15;15;4260
27;47;100910;8;613;0.01;0;21;24;25;4288
27;47;100911;1;549;0.01;0;20;21;21;4308
27;47;100911;0;496;0.01;0;15;16;16;4342
27;47;100912;0;556;0.01;0;18;19;19;4358
27;47;100912;0;600;0.01;0;18;19;19;4386
27;47;100912;10;541;0.01;0;15;16;17;4406
27;47;100913;38;572;0.01;0;34;40;45;4430
28;47;100914;203;673;0.01;0;34;40;45;4454
28;47;100915;711;654;0.01;0;18;19;19;4482
28;46;100915;718;618;0.01;0;18;19;19;4502
29;46;100916;675;642;0.01;0;18;19;19;4538
29;45;100917;635;574;0.01;0;20;21;21;4562
29;45;100918;814;585;0.01;0;17;18;18;4596
30;44;100918;1166;606;0.01;0;19;20;20;4608
30;44;100919;1054;599;0.01;0;18;20;22;4632
31;43;100919;1089;555;0.01;0;17;19;19;4656
31;42;100920;824;606;0.01;0;17;19;19;4692
31;42;100920;1073;665;0.01;0;21;23;24;4704
32;41;100921;1011;596;0.01;0;19;20;20;4728
32;41;100921;949;568;0.01;0;19;20;20;4752
32;41;100921;870;648;0.01;0;24;25;25;4776
31;41;100921;668;555;0.01;0;0;0;0;4804
30;41;100920;446;606;0.01;0;24;25;25;4842
29;43;100920;259;566;0.01;0;16;17;17;4858
29;43;100919;225;547;0.01;0;17;18;18;4884
29;43;100918;276;590;0.01;0;21;23;23;4916
29;43;100917;0;0;0;0;17;19;19;4932
29;43;100917;409;608;0.01;0;34;37;38;4958
29;43;100916;394;633;0.01;0;34;37;38;4982
29;43;100916;374;624;0.01;0;26;27;27;5006
29;44;100916;342;627;0.01;0;20;21;21;5030
0;0;0;265;613;0.01;0;20;21;21;5054
28;44;100916;312;581;0.01;0;19;23;28;5074
28;45;100915;242;604;0.01;0;19;23;26;5098
28;45;100915;214;584;0.01;0;19;23;26;5136
28;45;100915;207;594;0.01;0;24;25;25;5164
28;45;100915;211;629;0.01;0;20;21;21;5186
28;45;100914;198;615;0.01;0;18;20;20;5222
0;0;0;202;619;0.01;0;15;16;16;5230
28;45;100913;203;571;0.01;0;18;19;19;5254
28;45;100913;242;593;0.01;0;18;19;19;5288
28;45;100913;232;595;0.01;0;21;24;25;5306
28;45;100912;225;634;0.01;0;18;19;19;5330
28;45;100912;209;653;0.01;0;18;19;19;5354
28;45;100912;174;618;0.01;0;20;22;22;5386
0;0;0;113;616;0.01;0;20;22;22;5402
28;45;100912;59;596;0.01;0;20;22;22;5438
27;46;100912;11;554;0.01;0;11;12;13;5460
27;46;100913;0;470;0.01;0;18;19;19;5496
27;46;100913;0;578;0.01;0;24;25;25;5516
27;46;100913;0;605;0.01;0;26;28;28;5532
28;46;100914;33;589;0.01;0;19;20;20;5562
28;46;100914;62;534;0.01;0;19;20;20;5590
28;46;100915;70;543;0.01;0;17;19;22;5602
28;46;100915;67;640;0.01;0;18;19;19;5626
28;45;100916;68;599;0.01;0;18;19;19;5650
28;46;100916;93;551;0.01;0;20;21;21;5674
28;46;100917;189;614;0.01;0;20;21;21;5698
28;46;100917;495;582;0.01;0;20;21;21;5744
28;46;100918;626;604;0.01;0;14;15;15;5760
28;45;100919;815;564;0.01;0;18;19;19;5784
29;45;100919;1030;579;0.01;0;17;18;18;5808
29;45;100920;1355;636;0.01;0;17;18;18;5832
29;45;100920;1606;655;0.01;0;13;14;14;5870
29;45;100921;1270;608;0.01;0;13;14;14;5882
29;45;100922;1063;604;0.01;0;18;19;19;5906
29;44;100922;1004;598;0.01;0;18;20;21;5930
29;44;100923;988;586;0.01;0;18;20;21;5954
29;44;100923;1218;585;0.01;0;0;0;0;5986
29;44;100923;1351;564;0.01;0;16;17;17;6002
29;44;100924;1038;541;0.01;0;16;17;17;6038
29;44;100923;543;596;0.01;0;13;15;18;6062
29;44;100920;686;670;0.01;0;10;10;10;6088