nan
nan
3.59
8.33
9.60
7.79
4.11
5.10
4.48
2.19
2.57
2.83
6.12
6.63
7.23
7.27
7.14
7.69
7.32
6.49
6.12
7.60
7.69
7.69
8.28
7.50
10.17
10.53
10.34
8.00
6.74
6.52
6.90
6.45
6.49
6.82
6.45
2.51
2.51
4.65
3.93
6.38
6.82
6.82
7.79
7.41
7.32
6.06
6.15
6.38
6.25
6.35
6.49
4.41
5.22
6.74
6.67
6.59
7.41
8.16
5.69
2.61
3.84
1.94
3.84
2.17
4.72
6.15
4.84
5.94
6.59
6.82
6.52
6.12
6.82
6.52
6.82
6.67
6.25
6.70
4.35
4.35
9.23
9.52
10.53
10.34
10.08
8.82
7.79
4.72
4.72
5.31
5.36
3.64
2.15
3.60
2.00
3.09
2.00
2.47
2.63
4.69
6.25
2.63
3.66
7.79
7.60
5.80
5.71
9.09
10.91
10.62
10.62
10.91
9.84
6.25
6.12
2.31
2.73
4.14
2.18
4.62
2.00
2.00
3.57
8.39
6.86
6.67
6.86
5.48
6.67
2.00
2.65
2.02
3.45
5.22
5.58
6.38
2.10
2.00
2.88
10.00
9.84
6.63
6.59
8.00
6.52
6.25
4.96
4.96
