0.0 77.7
1.0 75.8
2.0 75.5
3.0 82.0
4.0 81.1
5.0 81.1
6.0 93.0
7.0 97.6
8.0 105.0
9.0 102.9
10.0 105.0
11.0 106.5
12.0 104.9
13.0 99.1
14.0 104.4
15.0 104.7
16.0 102.4
17.0 108.0
18.0 109.8
19.0 111.6
20.0 108.3
21.0 104.0
22.0 94.3
23.0 104.5
24.0 103.6
25.0 113.4
26.0 106.8
27.0 98.5
28.0 102.5
29.0 99.9
30.0 87.0
31.0 82.0
32.0 84.5
33.0 98.9
34.0 98.5
35.0 98.2
36.0 100.8
37.0 98.9
38.0 101.8
39.0 99.0
40.0 97.6
41.0 96.2
42.0 98.6
43.0 97.5
44.0 91.5
45.0 88.5
46.0 90.8
47.0 104.5
48.0 108.6
49.0 112.6
50.0 102.9
51.0 98.9
52.0 100.6
53.0 99.8
54.0 100.7
55.0 101.5
56.0 116.7
57.0 113.2
58.0 91.4
59.0 86.0
60.0 85.5
61.0 90.6
62.0 101.2
63.0 106.5
64.0 110.5
65.0 111.3
66.0 106.0
67.0 103.7
68.0 107.0
69.0 104.7
70.0 108.3
71.0 114.4
72.0 106.8
73.0 98.9
74.0 101.0
75.0 91.0
76.0 79.1
77.0 76.2
78.0 73.7
79.0 76.6
80.0 90.7
81.0 105.9
82.0 105.4
83.0 105.8
84.0 99.3
85.0 95.6
86.0 101.5
87.0 103.1
88.0 101.8
89.0 102.0
90.0 98.7
91.0 97.6
92.0 102.8
93.0 107.5
94.0 109.0
95.0 105.3
96.0 108.2
97.0 84.0
98.0 68.5
99.0 70.9
100.0 70.8
101.0 69.9
102.0 76.9
103.0 0.6
