0.00 26.55 60.97 99167.20 698.17 1434.20 0.00 0.01 5.32 5.32 5.32
1.00 27.53 59.80 99166.22 827.92 1296.48 0.00 0.01 6.45 5.90 6.45
2.00 28.17 59.00 99166.22 871.28 1307.48 0.00 0.01 6.95 5.27 6.95
3.00 28.52 58.85 99165.67 892.95 1354.40 0.00 0.01 5.60 5.57 5.60
4.00 28.52 58.02 99165.23 916.68 1412.57 0.00 0.01 2.53 2.53 2.53
5.00 28.52 57.77 99164.98 902.18 1392.87 0.00 0.01 2.72 2.47 2.72
6.00 28.52 53.83 99164.25 407.22 1258.17 0.00 0.01 10.08 10.00 10.08
7.00 28.52 50.20 99171.27 67.42 844.98 0.00 0.01 21.08 21.08 21.08
8.00 27.68 48.83 99183.70 13.28 668.58 0.00 0.01 24.78 24.28 24.78
9.00 27.53 48.18 99196.60 9.03 593.78 0.00 0.01 24.18 24.18 24.18
10.00 26.73 48.32 99206.47 8.83 564.85 0.00 0.01 25.65 25.65 25.65
11.00 26.55 49.17 99216.12 4.90 573.57 0.00 0.01 27.75 27.75 27.75
12.00 26.55 49.17 99224.48 9.60 592.73 0.00 0.01 23.52 22.95 23.52
13.00 25.77 49.95 99232.45 1.60 576.13 0.00 0.01 23.81 23.27 23.81
14.00 25.57 50.15 99239.42 6.92 588.48 0.00 0.01 23.80 23.47 23.80
15.00 25.57 50.20 99243.27 15.45 596.68 0.00 0.01 24.56 22.60 24.56
16.00 25.93 50.43 99248.00 99.08 572.52 0.00 0.01 22.05 22.05 22.05
17.00 26.50 49.44 99064.89 191.05 569.73 0.00 0.01 24.17 23.56 24.17
18.00 26.55 49.17 99254.93 194.05 564.07 0.00 0.01 25.11 23.48 25.11
19.00 27.40 48.32 99258.03 247.70 584.67 0.00 0.01 27.75 26.71 27.75
20.00 27.53 48.18 99260.07 344.97 585.67 0.00 0.01 32.18 30.25 32.18
21.00 27.30 47.50 98419.70 333.03 563.85 0.00 0.01 25.43 24.78 25.43
22.00 27.53 47.20 99262.07 180.60 532.35 0.00 0.01 26.00 25.02 26.00
23.00 27.53 47.20 99263.57 121.66 578.04 0.00 0.01 27.08 26.32 27.08
24.00 27.50 47.14 99143.86 163.55 562.77 0.00 0.01 27.41 27.41 27.41
25.00 27.53 47.20 99263.97 102.47 581.68 0.00 0.01 20.62 20.62 20.62
26.00 27.53 47.20 99263.57 89.43 577.15 0.00 0.01 25.48 25.48 25.48
27.00 26.75 47.20 99263.57 11.78 593.93 0.00 0.01 23.45 23.45 23.45
28.00 27.12 46.96 99142.61 80.52 564.40 0.00 0.01 23.77 23.59 23.77
29.00 27.53 46.22 99260.85 194.12 562.45 0.00 0.01 25.97 24.98 25.97
30.00 27.53 46.42 99259.95 154.38 567.75 0.00 0.01 19.00 18.68 19.00
31.00 27.53 46.22 99259.15 192.67 572.82 0.00 0.01 20.05 20.05 20.05
32.00 28.17 45.27 98838.06 194.43 580.58 0.00 0.01 19.65 19.65 19.65
33.00 28.52 44.38 99258.65 216.38 603.08 0.00 0.01 22.95 22.95 22.95
34.00 27.55 44.88 99258.65 47.95 565.48 0.00 0.01 24.42 24.42 24.42
35.00 27.15 45.62 99259.03 23.67 573.33 0.00 0.01 30.48 30.48 30.48
36.00 26.55 46.48 99259.63 16.82 590.53 0.00 0.01 21.98 21.55 21.98
37.00 26.55 46.22 99259.63 5.78 535.93 0.00 0.01 25.70 25.17 25.70
38.00 27.28 46.22 99259.30 6.31 584.47 0.00 0.01 23.63 23.63 23.63
39.00 27.53 46.22 99258.65 90.82 616.85 0.00 0.01 22.55 22.55 22.55
40.00 27.53 46.22 99256.98 117.42 553.85 0.00 0.01 22.42 22.42 22.42
41.00 27.43 46.04 98878.41 103.07 581.25 0.00 0.01 26.30 25.62 26.30
42.00 27.93 43.33 97197.63 104.53 585.35 0.00 0.01 22.40 22.12 22.40
43.00 28.52 44.25 99252.83 173.06 601.47 0.00 0.01 29.38 29.38 29.38
44.00 28.95 44.25 99251.33 387.80 568.51 0.00 0.01 21.25 21.25 21.25
45.00 29.50 43.67 99250.03 424.14 582.04 0.00 0.01 23.65 23.65 23.65
46.00 29.50 43.27 99249.13 399.52 557.80 0.00 0.01 23.25 23.25 23.25
47.00 29.42 42.17 98989.04 393.15 616.17 0.00 0.01 22.88 22.57 22.88
48.00 29.44 42.20 99059.74 260.22 636.30 0.00 0.01 23.54 22.78 23.54
49.00 28.71 41.98 98524.90 142.71 645.93 0.00 0.01 20.82 20.82 20.82
50.00 29.10 42.42 99243.37 90.24 568.00 0.00 0.01 24.58 24.58 24.58
51.00 28.52 43.27 99241.20 31.67 570.82 0.00 0.01 26.00 25.13 26.00
52.00 28.25 43.27 99239.13 23.87 582.05 0.00 0.01 25.24 24.48 25.24
53.00 27.53 44.18 99236.57 68.75 583.13 0.00 0.01 26.17 26.03 26.17
54.00 26.70 45.38 99234.00 58.62 595.00 0.00 0.01 24.20 24.20 24.20
55.00 26.55 46.22 99231.00 6.00 578.35 0.00 0.01 20.60 20.60 20.60
56.00 26.98 46.22 99229.70 85.79 576.88 0.00 0.01 24.21 24.21 24.21
57.00 28.15 44.62 99227.18 204.75 577.37 0.00 0.01 22.96 22.00 22.96
58.00 29.38 44.08 99225.45 177.62 518.00 0.00 0.01 25.51 25.51 25.51
59.00 29.50 42.70 99224.18 341.06 559.22 0.00 0.01 18.32 18.32 18.32
60.00 30.23 41.30 99223.25 335.23 567.05 0.00 0.01 17.72 17.72 17.72
61.00 30.23 41.30 99223.25 341.48 523.05 0.00 0.01 17.22 16.97 17.22
62.00 28.93 41.87 99222.32 134.13 579.24 0.00 0.01 20.42 20.37 20.42
63.00 28.52 42.28 99222.08 170.94 588.24 0.00 0.01 19.83 19.83 19.83
64.00 26.96 42.46 96699.12 18.95 491.84 0.00 0.01 22.13 21.67 22.13
65.00 26.54 45.22 99193.76 0.00 581.28 0.00 0.01 22.63 22.30 22.63
66.00 26.47 46.08 98926.47 0.00 592.95 0.00 0.01 19.83 19.53 19.83
67.00 26.48 46.00 98964.62 5.83 580.68 0.00 0.01 22.18 22.05 22.18
68.00 26.82 45.23 99224.50 13.68 567.48 0.00 0.01 21.42 21.42 21.42
69.00 26.78 45.48 99225.23 38.03 559.97 0.00 0.01 23.65 23.15 23.65
70.00 26.55 46.22 99226.43 26.13 560.97 0.00 0.01 21.45 21.45 21.45
71.00 26.55 46.22 99227.30 66.15 531.87 0.00 0.01 17.35 17.35 17.35
72.00 26.55 46.22 99228.50 14.88 552.67 0.00 0.01 21.42 20.95 21.42
73.00 26.55 46.22 99229.57 0.00 519.33 0.00 0.01 16.98 16.98 16.98
74.00 26.55 46.22 99230.47 23.41 561.00 0.00 0.01 26.68 24.68 26.68
75.00 27.47 46.17 99232.55 451.43 643.43 0.00 0.01 30.82 28.48 30.82
76.00 28.23 45.13 99233.88 671.93 617.70 0.00 0.01 18.88 18.88 18.88
77.00 28.63 44.13 99235.73 787.80 574.40 0.00 0.01 18.83 18.83 18.83
78.00 30.00 42.67 99237.03 1036.77 572.70 0.00 0.01 19.97 19.17 19.97
79.00 30.77 41.02 99238.28 913.05 604.87 0.00 0.01 19.97 19.77 19.97
80.00 31.40 40.32 99238.98 890.08 592.93 0.00 0.01 21.79 21.79 21.79
81.00 29.90 40.32 99238.40 527.37 575.50 0.00 0.01 24.31 24.31 24.31
82.00 28.57 42.18 99237.10 253.27 555.93 0.00 0.01 18.95 18.95 18.95
83.00 28.52 42.28 99235.35 345.30 586.82 0.00 0.01 27.80 27.38 27.80
84.00 28.52 42.45 99234.08 371.02 617.43 0.00 0.01 30.13 29.72 30.13
85.00 27.61 42.81 98112.75 293.83 595.23 0.00 0.01 23.07 21.35 23.07
86.00 27.53 44.25 99233.08 221.17 581.93 0.00 0.01 25.57 22.62 25.57
87.00 27.53 44.25 99232.97 204.20 599.05 0.00 0.01 22.57 22.47 22.57
88.00 27.46 44.13 98972.92 197.07 589.15 0.00 0.01 18.77 18.77 18.77
89.00 27.53 44.25 99231.03 232.25 586.40 0.00 0.01 20.48 20.18 20.48
90.00 27.53 44.25 99230.13 201.25 626.77 0.00 0.01 19.48 19.48 19.48
91.00 27.36 43.98 98618.55 103.08 597.27 0.00 0.01 21.63 21.63 21.63
92.00 26.70 45.08 99230.60 24.16 511.87 0.00 0.01 16.93 16.57 16.93
93.00 26.80 45.23 99231.37 30.94 563.92 0.00 0.01 23.33 23.33 23.33
94.00 27.53 45.23 99232.37 55.65 547.72 0.00 0.01 20.00 19.40 20.00
95.00 27.53 44.83 99233.73 72.78 590.68 0.00 0.01 19.18 19.18 19.18
96.00 27.53 45.23 99234.90 304.05 580.45 0.00 0.01 20.65 20.65 20.65
97.00 27.53 44.85 99236.08 644.35 571.27 0.00 0.01 18.28 18.28 18.28
98.00 28.50 44.25 99237.58 1235.25 604.57 0.00 0.01 17.05 17.05 17.05
99.00 28.52 44.25 99238.83 1340.08 618.53 0.00 0.01 15.35 15.35 15.35
100.00 28.52 43.35 99240.47 1007.18 582.43 0.00 0.01 20.43 19.54 20.43
101.00 28.52 43.27 99241.23 1182.17 557.18 0.00 0.01 16.50 16.50 16.50
102.00 28.52 43.27 99240.47 728.83 588.38 0.00 0.01 15.25 14.05 15.25
103.00 0.05 0.07 165.80 1.13 1.10 0.00 0.00 0.02 0.02 0.02
