0.00 698.17 1434.20 0.00 0.01 5.32 5.32 5.32
1.00 827.92 1296.48 0.00 0.01 6.45 5.90 6.45
2.00 871.28 1307.48 0.00 0.01 6.95 5.27 6.95
3.00 892.95 1354.40 0.00 0.01 5.60 5.57 5.60
4.00 916.68 1412.57 0.00 0.01 2.53 2.53 2.53
5.00 902.18 1392.87 0.00 0.01 2.72 2.47 2.72
6.00 407.22 1258.17 0.00 0.01 10.08 10.00 10.08
7.00 67.42 844.98 0.00 0.01 21.08 21.08 21.08
8.00 13.28 668.58 0.00 0.01 24.78 24.28 24.78
9.00 9.03 593.78 0.00 0.01 24.18 24.18 24.18
10.00 8.83 564.85 0.00 0.01 25.65 25.65 25.65
11.00 4.90 573.57 0.00 0.01 27.75 27.75 27.75
12.00 9.60 592.73 0.00 0.01 23.52 22.95 23.52
13.00 1.60 576.13 0.00 0.01 23.81 23.27 23.81
14.00 6.92 588.48 0.00 0.01 23.80 23.47 23.80
15.00 15.45 596.68 0.00 0.01 24.56 22.60 24.56
16.00 99.08 572.52 0.00 0.01 22.05 22.05 22.05
17.00 191.05 569.73 0.00 0.01 24.17 23.56 24.17
18.00 194.05 564.07 0.00 0.01 25.11 23.48 25.11
19.00 247.70 584.67 0.00 0.01 27.75 26.71 27.75
20.00 344.97 585.67 0.00 0.01 32.18 30.25 32.18
21.00 333.03 563.85 0.00 0.01 25.43 24.78 25.43
22.00 180.60 532.35 0.00 0.01 26.00 25.02 26.00
23.00 121.66 578.04 0.00 0.01 27.08 26.32 27.08
24.00 163.55 562.77 0.00 0.01 27.41 27.41 27.41
25.00 102.47 581.68 0.00 0.01 20.62 20.62 20.62
26.00 89.43 577.15 0.00 0.01 25.48 25.48 25.48
27.00 11.78 593.93 0.00 0.01 23.45 23.45 23.45
28.00 80.52 564.40 0.00 0.01 23.77 23.59 23.77
29.00 194.12 562.45 0.00 0.01 25.97 24.98 25.97
30.00 154.38 567.75 0.00 0.01 19.00 18.68 19.00
31.00 192.67 572.82 0.00 0.01 20.05 20.05 20.05
32.00 194.43 580.58 0.00 0.01 19.65 19.65 19.65
33.00 216.38 603.08 0.00 0.01 22.95 22.95 22.95
34.00 47.95 565.48 0.00 0.01 24.42 24.42 24.42
35.00 23.67 573.33 0.00 0.01 30.48 30.48 30.48
36.00 16.82 590.53 0.00 0.01 21.98 21.55 21.98
37.00 5.78 535.93 0.00 0.01 25.70 25.17 25.70
38.00 6.31 584.47 0.00 0.01 23.63 23.63 23.63
39.00 90.82 616.85 0.00 0.01 22.55 22.55 22.55
40.00 117.42 553.85 0.00 0.01 22.42 22.42 22.42
41.00 103.07 581.25 0.00 0.01 26.30 25.62 26.30
42.00 104.53 585.35 0.00 0.01 22.40 22.12 22.40
43.00 173.06 601.47 0.00 0.01 29.38 29.38 29.38
44.00 387.80 568.51 0.00 0.01 21.25 21.25 21.25
45.00 424.14 582.04 0.00 0.01 23.65 23.65 23.65
46.00 399.52 557.80 0.00 0.01 23.25 23.25 23.25
47.00 393.15 616.17 0.00 0.01 22.88 22.57 22.88
48.00 260.22 636.30 0.00 0.01 23.54 22.78 23.54
49.00 142.71 645.93 0.00 0.01 20.82 20.82 20.82
50.00 90.24 568.00 0.00 0.01 24.58 24.58 24.58
51.00 31.67 570.82 0.00 0.01 26.00 25.13 26.00
52.00 23.87 582.05 0.00 0.01 25.24 24.48 25.24
53.00 68.75 583.13 0.00 0.01 26.17 26.03 26.17
54.00 58.62 595.00 0.00 0.01 24.20 24.20 24.20
55.00 6.00 578.35 0.00 0.01 20.60 20.60 20.60
56.00 85.79 576.88 0.00 0.01 24.21 24.21 24.21
57.00 204.75 577.37 0.00 0.01 22.96 22.00 22.96
58.00 177.62 518.00 0.00 0.01 25.51 25.51 25.51
59.00 341.06 559.22 0.00 0.01 18.32 18.32 18.32
60.00 335.23 567.05 0.00 0.01 17.72 17.72 17.72
61.00 341.48 523.05 0.00 0.01 17.22 16.97 17.22
62.00 134.13 579.24 0.00 0.01 20.42 20.37 20.42
63.00 170.94 588.24 0.00 0.01 19.83 19.83 19.83
64.00 18.95 491.84 0.00 0.01 22.13 21.67 22.13
65.00 0.00 581.28 0.00 0.01 22.63 22.30 22.63
66.00 0.00 592.95 0.00 0.01 19.83 19.53 19.83
67.00 5.83 580.68 0.00 0.01 22.18 22.05 22.18
68.00 13.68 567.48 0.00 0.01 21.42 21.42 21.42
69.00 38.03 559.97 0.00 0.01 23.65 23.15 23.65
70.00 26.13 560.97 0.00 0.01 21.45 21.45 21.45
71.00 66.15 531.87 0.00 0.01 17.35 17.35 17.35
72.00 14.88 552.67 0.00 0.01 21.42 20.95 21.42
73.00 0.00 519.33 0.00 0.01 16.98 16.98 16.98
74.00 23.41 561.00 0.00 0.01 26.68 24.68 26.68
75.00 451.43 643.43 0.00 0.01 30.82 28.48 30.82
76.00 671.93 617.70 0.00 0.01 18.88 18.88 18.88
77.00 787.80 574.40 0.00 0.01 18.83 18.83 18.83
78.00 1036.77 572.70 0.00 0.01 19.97 19.17 19.97
79.00 913.05 604.87 0.00 0.01 19.97 19.77 19.97
80.00 890.08 592.93 0.00 0.01 21.79 21.79 21.79
81.00 527.37 575.50 0.00 0.01 24.31 24.31 24.31
82.00 253.27 555.93 0.00 0.01 18.95 18.95 18.95
83.00 345.30 586.82 0.00 0.01 27.80 27.38 27.80
84.00 371.02 617.43 0.00 0.01 30.13 29.72 30.13
85.00 293.83 595.23 0.00 0.01 23.07 21.35 23.07
86.00 221.17 581.93 0.00 0.01 25.57 22.62 25.57
87.00 204.20 599.05 0.00 0.01 22.57 22.47 22.57
88.00 197.07 589.15 0.00 0.01 18.77 18.77 18.77
89.00 232.25 586.40 0.00 0.01 20.48 20.18 20.48
90.00 201.25 626.77 0.00 0.01 19.48 19.48 19.48
91.00 103.08 597.27 0.00 0.01 21.63 21.63 21.63
92.00 24.16 511.87 0.00 0.01 16.93 16.57 16.93
93.00 30.94 563.92 0.00 0.01 23.33 23.33 23.33
94.00 55.65 547.72 0.00 0.01 20.00 19.40 20.00
95.00 72.78 590.68 0.00 0.01 19.18 19.18 19.18
96.00 304.05 580.45 0.00 0.01 20.65 20.65 20.65
97.00 644.35 571.27 0.00 0.01 18.28 18.28 18.28
98.00 1235.25 604.57 0.00 0.01 17.05 17.05 17.05
99.00 1340.08 618.53 0.00 0.01 15.35 15.35 15.35
100.00 1007.18 582.43 0.00 0.01 20.43 19.54 20.43
101.00 1182.17 557.18 0.00 0.01 16.50 16.50 16.50
102.00 728.83 588.38 0.00 0.01 15.25 14.05 15.25
103.00 1.13 1.10 0.00 0.00 0.02 0.02 0.02
