2.205882
3.592814
3.750000
0.342466
4.477612
5.714286
6.122449
7.058824
4.724409
5.555556
3.351955
10.169492
15.000000
2.631579
4.137931
2.870813
8.823529
3.208556
1.739130
6.818182
3.157895
2.040816
1.823708
8.450704
1.954397
5.940594
8.333333
10.526316
2.112676
5.217391
6.060606
10.344828
3.174603
6.818182
10.344828
5.263158
1.100917
2.307692
0.400267
3.947368
5.660377
1.993355
3.174603
3.468208
8.450704
6.000000
1.098901
7.792208
1.554404
6.250000
1.452785
5.357143
9.090909
6.976744
4.724409
0.766284
8.333333
5.454545
2.542373
1.812689
1.121495
3.092784
6.666667
9.090909
4.724409
2.714932
7.594937
2.926829
6.060606
8.695652
2.752294
6.976744
8.955224
5.940594
7.058824
4.347826
7.407407
4.316547
13.043478
8.108108
1.898734
3.314917
7.142857
8.571429
10.909091
5.940594
6.451613
10.526316
3.108808
2.013423
6.250000
2.941176
2.000000
2.000000
2.000000
3.092784
5.042017
2.090592
1.202405
4.958678
8.333333
2.714932
2.970297
2.027027
17.142857
5.504587
10.344828
13.333333
2.816901
7.792208
4.166667
7.228916
8.823529
6.521739
6.666667
8.108108
3.409091
13.636364
13.333333
5.357143
17.142857
4.687500
2.479339
8.219178
3.680982
5.607477
9.230769
8.333333
6.060606
4.651163
4.687500
4.838710
4.545455
10.909091
7.142857
9.523810
6.000000
4.347826
0.288600
4.958678
3.846154
4.000000
10.344828
2.409639
5.660377
6.315789
3.296703
9.836066
13.953488
13.043478
10.344828
10.714286
12.000000
7.792208
13.333333
4.958678
4.477612
3.529412
15.789474
6.521739
2.000000
2.000000
6.451613
2.898551
5.042017
4.285714
14.634146
9.523810
13.333333
8.108108
5.405405
4.166667
2.531646
11.538462
7.692308
8.000000
1.869159
4.285714
3.468208
1.167315
8.000000
6.122449
4.285714
3.314917
6.185567
0.267857
6.666667
16.666667
4.166667
2.205882
4.580153
3.550296
3.529412
4.615385
7.594937
2.714932
6.060606
2.985075
5.504587
3.141361
3.061224
5.769231
2.870813
2.054795
2.620087
3.529412
5.714286
4.958678
13.636364
1.522843
3.680982
8.219178
2.654867
1.604278
2.000000
2.000000
3.428571
8.695652
8.823529
9.677419
6.593407
6.593407
13.636364
5.263158
3.174603
3.726708
1.376147
4.137931
7.594937
7.894737
2.542373
1.063830
0.914634
1.595745
1.111111
2.941176
6.593407
5.454545
2.727273
