nan nan nan nan
nan nan nan nan
3.592814 6.000000 6.200000 0.393617
8.333333 3.700000 3.500000 0.560069
9.600614 2.700000 3.050000 0.436672
7.792208 3.100000 4.600000 0.424242
4.109589 6.000000 9.200000 0.330144
5.095949 6.800000 6.000000 0.489476
4.477612 7.100000 6.200000 0.529851
2.192730 9.000000 11.900000 0.379834
2.571020 9.000000 6.300000 0.489090
2.830189 6.500000 6.200000 0.500000
6.122449 5.400000 4.000000 0.578313
6.631656 5.000000 3.850000 0.525342
7.228916 4.300000 3.550000 0.454551
7.272994 3.650000 3.850000 0.440610
7.143870 3.800000 3.550000 0.510417
7.692308 3.600000 3.600000 0.449102
7.317073 3.700000 3.700000 0.500000
6.486676 4.850000 3.700000 0.531423
6.122449 5.400000 3.700000 0.578313
7.596154 3.700000 3.650000 0.510417
7.692308 3.700000 3.600000 0.520833
7.692308 3.700000 3.500000 0.500000
8.276256 3.550000 3.450000 0.500000
7.500000 3.700000 3.700000 0.500000
10.169492 3.000000 3.000000 0.500000
10.526316 2.800000 2.900000 0.500000
10.344828 2.900000 3.000000 0.500000
8.000000 3.600000 3.550000 0.496667
6.741573 4.200000 3.800000 0.529851
6.521739 4.200000 3.800000 0.532995
6.896552 3.700000 3.700000 0.520833
6.451613 4.600000 3.700000 0.578313
6.486676 4.650000 3.700000 0.581291
6.818182 3.900000 3.800000 0.529851
6.451613 4.800000 3.800000 0.573529
2.510460 8.300000 6.400000 0.592875
2.510460 8.300000 6.400000 0.592875
4.652281 6.900000 5.350000 0.586765
3.929795 7.350000 5.550000 0.615774
6.382979 4.800000 3.800000 0.575758
6.818182 4.350000 3.750000 0.534109
6.818182 4.400000 3.700000 0.550000
7.792208 3.700000 3.400000 0.520833
7.407407 3.900000 3.700000 0.500000
7.317073 4.000000 3.700000 0.505906
6.060606 5.100000 3.900000 0.578313
6.154008 4.900000 3.750000 0.577035
6.382979 4.800000 3.700000 0.573529
6.250000 4.700000 3.700000 0.573529
6.349384 4.750000 3.700000 0.571078
6.486676 4.750000 3.650000 0.562092
4.412719 6.700000 5.550000 0.574643
5.217391 6.400000 5.000000 0.575758
6.741573 4.600000 3.500000 0.575758
6.666667 4.600000 3.600000 0.555556
6.594203 4.650000 3.700000 0.552127
7.407407 3.900000 3.500000 0.557895
8.163643 3.600000 3.450000 0.522162
5.687332 5.700000 4.200000 0.574643
2.608696 7.500000 6.200000 0.586667
3.835784 6.900000 5.800000 0.576870
1.937500 13.800000 7.100000 0.631860
3.835784 7.100000 5.350000 0.606250
2.166065 8.700000 6.200000 0.627635
4.724409 6.400000 4.700000 0.577982
6.154008 4.850000 3.600000 0.571078
4.841544 6.100000 4.750000 0.574643
5.940594 5.100000 3.800000 0.573529
6.594203 4.250000 3.550000 0.560820
6.818182 3.750000 3.500000 0.552893
6.521739 4.000000 3.600000 0.544156
6.122449 4.900000 3.800000 0.559140
6.818182 3.850000 3.550000 0.549150
6.521739 4.100000 3.600000 0.532995
6.818182 3.900000 3.500000 0.545455
6.666667 4.100000 3.450000 0.549198
6.250000 4.700000 3.600000 0.560820
6.704120 4.100000 3.600000 0.538095
4.347826 6.500000 5.000000 0.577982
4.347826 6.500000 5.000000 0.577982
9.230769 3.100000 3.150000 0.503165
9.523810 3.100000 3.000000 0.523303
10.526316 2.800000 2.900000 0.493333
10.344828 2.900000 3.000000 0.487492
10.084746 2.900000 3.000000 0.512424
8.823529 3.300000 3.200000 0.500000
7.792208 3.500000 3.500000 0.530435
4.724409 6.400000 4.800000 0.559140
4.724409 6.400000 4.900000 0.552941
5.310150 5.700000 4.600000 0.538095
5.357143 5.800000 4.600000 0.540000
3.636497 7.050000 4.950000 0.564349
2.150538 11.500000 7.000000 0.586667
3.603636 7.200000 5.100000 0.548022
2.000000 16.450000 6.800000 0.670118
3.092784 7.800000 5.100000 0.542857
2.000000 16.450000 5.400000 0.710233
2.469136 10.600000 5.100000 0.609337
2.631579 8.900000 4.900000 0.586667
4.687500 6.500000 4.300000 0.577778
6.250000 5.000000 3.500000 0.568627
2.631579 10.500000 4.850000 0.624275
3.658537 8.000000 4.400000 0.612500
7.792208 3.700000 3.200000 0.557895
7.596154 3.700000 3.200000 0.571078
5.798319 5.700000 3.800000 0.574643
5.714286 5.600000 3.800000 0.562500
9.090909 3.300000 3.100000 0.533333
10.909091 2.800000 2.700000 0.519676
10.620301 2.800000 2.750000 0.519676
10.620301 2.800000 2.700000 0.519676
10.909091 2.700000 2.700000 0.506329
9.836066 3.100000 3.000000 0.526316
6.250000 4.850000 3.400000 0.571078
6.122449 5.100000 3.500000 0.577778
2.307760 13.050000 4.850000 0.711922
2.727273 10.600000 4.800000 0.634091
4.137931 7.000000 4.400000 0.609337
2.182078 12.400000 5.450000 0.657863
4.615385 6.700000 4.200000 0.619048
2.000000 15.900000 4.300000 0.792708
2.000000 23.700000 3.650000 0.879332
3.571555 8.650000 4.200000 0.634092
8.392019 3.550000 3.100000 0.551894
6.857367 4.450000 3.200000 0.578630
6.666667 4.700000 3.200000 0.573529
6.857367 4.400000 3.200000 0.571078
5.479566 5.900000 3.700000 0.589252
6.666667 4.700000 3.200000 0.573529
2.000000 20.300000 3.600000 0.860169
2.654867 11.500000 4.400000 0.640000
2.023891 15.900000 4.600000 0.792708
3.448390 9.450000 4.200000 0.645162
5.217391 6.350000 3.900000 0.600000
5.581516 5.800000 3.700000 0.580764
6.382979 4.800000 3.300000 0.568627
2.099160 14.450000 4.850000 0.742592
2.000000 28.700000 3.000000 0.903953
2.877714 10.500000 4.350000 0.637045
10.000000 3.200000 2.700000 0.552941
9.836066 3.300000 2.800000 0.548166
6.630037 4.500000 3.200000 0.578630
6.593407 4.500000 3.200000 0.578947
8.000000 3.800000 3.100000 0.557895
6.521739 4.700000 3.200000 0.575654
6.250000 4.700000 3.300000 0.568627
4.958678 6.500000 4.100000 0.615499
4.958678 6.500000 4.100000 0.612500
