6 12 0 0 0 0 0 0 0.0 0.0 0.0 0.0 0 0 0.0 0.0 26/10/2022 14 39 19 45.4720878 9.2271941
6 12 27.0 62.0 100848 662 1500 0.01 0.0 4.0 5.0 5.0 1 2 1.0 2.0 26/10/2022 14 39 31 45.4720868 9.227199
6 13 27.0 62.0 100848 780 1398 0.01 0.0 5.0 6.0 6.0 1 2 2.0 2.0 26/10/2022 14 40 7 45.4720839 9.227198
6 14 28.0 61.0 100847 825 1318 0.01 0.0 6.0 6.0 6.0 1 2 2.0 2.0 26/10/2022 14 40 31 45.4719656 9.2273258
6 15 28.0 61.0 100847 841 1315 0.01 0.0 5.0 6.0 6.0 1 2 2.0 2.0 26/10/2022 14 40 55 45.4720729 9.2272346
6 16 28.0 60.0 100847 881 1327 0.01 0.0 4.0 6.0 9.0 1 2 2.0 2.0 26/10/2022 14 41 19 45.4719401 9.2274493
6 17 29.0 60.0 100847 890 1334 0.01 0.0 5.0 5.0 6.0 1 1 2.0 1.0 26/10/2022 14 41 51 45.47193 9.2274598
6 18 29.0 60.0 100847 888 1329 0.01 0.0 5.0 5.0 6.0 1 2 2.0 2.0 26/10/2022 14 42 7 45.4719769 9.2272235
6 19 29.0 60.0 100847 917 1317 0.01 0.0 7.0 8.0 8.0 1 2 2.0 2.0 26/10/2022 14 42 31 45.4719767 9.2272183
6 20 29.0 60.0 100846 899 1413 0.01 0.0 3.0 4.0 4.0 1 2 2.0 2.0 26/10/2022 14 42 55 45.4719481 9.2272877
6 21 29.0 59.0 100846 913 1454 0.01 0.0 3.0 4.0 4.0 1 2 2.0 2.0 26/10/2022 14 43 19 45.4719751 9.2272141
6 22 29.0 59.0 100846 940 1435 0.01 0.0 2.0 2.0 2.0 1 1 1.0 1.0 26/10/2022 14 43 45 45.4719767 9.227155
6 23 29.0 59.0 100846 940 1422 0.01 0.0 2.0 2.0 2.0 1 1 1.0 1.0 26/10/2022 14 44 9 45.4720186 9.2271468
6 24 29.0 59.0 100846 952 1415 0.01 0.0 2.0 2.0 2.0 1 3 3.0 3.0 26/10/2022 14 44 33 45.4720795 9.2272189
6 25 29.0 58.0 100845 821 1418 0.01 0.0 4.0 4.0 5.0 1 2 1.0 2.0 26/10/2022 14 45 11 45.4721094 9.2272971
6 26 29.0 56.0 100845 490 1374 0.01 0.0 4.0 4.0 4.0 1 2 2.0 2.0 26/10/2022 14 45 31 45.4722724 9.227156
6 27 29.0 53.0 100845 271 1167 0.01 0.0 16.0 17.0 17.0 0 1 1.0 1.0 26/10/2022 14 45 57 45.4723895 9.2270662
6 28 29.0 52.0 100847 136 961 0.01 0.0 17.0 18.0 18.0 1 1 2.0 1.0 26/10/2022 14 46 27 45.4723045 9.2272756
6 29 29.0 51.0 100852 39 861 0.01 0.0 21.0 23.0 23.0 1 2 2.0 2.0 26/10/2022 14 46 43 45.4724452 9.227329
6 30 29.0 50.0 100858 23 725 0.01 0.0 21.0 23.0 23.0 1 2 2.0 2.0 26/10/2022 14 47 7 45.4726083 9.2276388
6 31 28.0 50.0 100864 19 691 0.01 0.0 23.0 25.0 26.0 1 2 1.0 2.0 26/10/2022 14 47 33 45.472723 9.2281413
6 32 28.0 49.0 100869 1 643 0.01 0.0 24.0 25.0 25.0 1 1 1.0 1.0 26/10/2022 14 48 3 45.4726581 9.2286124
6 33 28.0 49.0 100874 7 663 0.01 0.0 24.0 25.0 25.0 1 1 1.0 1.0 26/10/2022 14 48 31 45.4728024 9.228726
6 34 28.0 49.0 100879 5 588 0.01 0.0 23.0 24.0 24.0 0 2 2.0 2.0 26/10/2022 14 48 43 45.4727094 9.2291526
6 35 28.0 49.0 100884 22 561 0.01 0.0 23.0 25.0 25.0 1 2 2.0 2.0 26/10/2022 14 49 7 45.4726651 9.2295917
6 36 27.0 49.0 100888 5 567 0.01 0.0 23.0 25.0 25.0 1 2 3.0 1.0 26/10/2022 14 49 33 45.4724242 9.230164
6 37 27.0 50.0 100893 11 630 0.01 0.0 31.0 33.0 33.0 1 1 1.0 1.0 26/10/2022 14 50 13 45.4725665 9.2303705
6 38 27.0 50.0 100897 1 542 0.01 0.0 25.0 27.0 27.0 1 2 2.0 1.0 26/10/2022 14 50 33 45.4727752 9.2308028
6 39 27.0 50.0 100901 6 602 0.01 0.0 25.0 27.0 27.0 2 2 2.0 2.0 26/10/2022 14 50 57 45.4728711 9.2311904
6 40 27.0 50.0 100904 11 611 0.01 0.0 17.0 18.0 18.0 1 2 2.0 2.0 26/10/2022 14 51 21 45.4729144 9.2316243
6 41 27.0 50.0 100908 9 597 0.01 0.0 24.0 27.0 28.0 1 2 2.0 2.0 26/10/2022 14 51 45 45.4727911 9.2322779
6 43 27.0 50.0 100911 0 0 0 0.0 0.0 0.0 0.0 0 1 0.0 0.0 26/10/2022 14 52 23 45.4727105 9.2324172
6 43 26.0 51.0 100914 1 569 0.01 0.0 19.0 21.0 22.0 2 2 2.0 2.0 26/10/2022 14 52 31 45.4727172 9.2328205
6 44 26.0 51.0 100917 1 605 0.01 0.0 23.0 26.0 26.0 1 2 2.0 2.0 26/10/2022 14 52 55 45.4727137 9.2332358
6 45 26.0 51.0 100920 1 610 0.01 0.0 23.0 26.0 26.0 1 2 2.0 2.0 26/10/2022 14 53 19 45.4728073 9.2336595
6 46 26.0 51.0 100922 5 576 0.01 0.0 21.0 22.0 22.0 1 2 2.0 1.0 26/10/2022 14 53 43 45.4728149 9.2340406
6 47 26.0 51.0 100924 27 624 0.01 0.0 21.0 23.0 25.0 1 1 2.0 1.0 26/10/2022 14 54 7 45.4728235 9.2342868
6 48 26.0 51.0 100926 6 596 0.01 0.0 21.0 23.0 25.0 1 3 2.0 3.0 26/10/2022 14 54 39 45.4728783 9.2342867
6 50 26.0 52.0 100928 43 603 0.01 0.0 0.0 0.0 0.0 0 1 2.0 0.0 26/10/2022 14 55 13 45.4728783 9.2342867
6 50 26.0 51.0 100930 99 567 0.01 0.0 20.0 21.0 21.0 1 1 2.0 2.0 26/10/2022 14 55 33 45.4728783 9.2342867
6 51 27.0 51.0 100932 147 580 0.01 0.0 23.0 24.0 24.0 1 2 1.0 2.0 26/10/2022 14 55 53 45.4728783 9.2342867
6 53 0 0 0 188 575 0.01 0.0 0.0 0.0 0.0 0 0 1.0 0.0 26/10/2022 14 56 35 45.4728783 9.2342867
6 53 27.0 50.0 100935 229 582 0.01 0.0 22.0 24.0 25.0 1 2 2.0 2.0 26/10/2022 14 56 41 45.4728783 9.2342867
6 54 27.0 50.0 100936 211 574 0.01 0.0 23.0 24.0 25.0 1 2 2.0 2.0 26/10/2022 14 57 5 45.4728588 9.2343945
6 55 27.0 50.0 100937 200 577 0.01 0.0 21.0 24.0 26.0 1 1 2.0 1.0 26/10/2022 14 57 29 45.47285 9.2344217
6 57 27.0 50.0 100939 177 566 0.01 0.0 0.0 0.0 0.0 0 1 1.0 0.0 26/10/2022 14 57 59 45.47285 9.2344217
6 57 28.0 49.0 100940 234 590 0.01 0.0 20.0 22.0 22.0 1 1 2.0 2.0 26/10/2022 14 58 21 45.47285 9.2344217
6 58 28.0 49.0 100941 287 610 0.01 0.0 28.0 32.0 34.0 1 2 1.0 2.0 26/10/2022 14 58 45 45.4727976 9.2344706
6 59 28.0 49.0 100942 314 584 0.01 0.0 28.0 31.0 33.0 1 2 2.0 2.0 26/10/2022 14 59 9 45.4727933 9.2344783
6 60 28.0 49.0 100943 396 613 0.01 0.0 28.0 31.0 33.0 1 2 1.0 2.0 26/10/2022 14 59 45 45.4727933 9.2344783
6 61 28.0 49.0 100943 416 578 0.01 0.0 22.0 24.0 25.0 1 2 2.0 2.0 26/10/2022 15 0 9 45.4729389 9.2346356
6 63 0 0 0 310 598 0.01 0.0 26.0 27.0 27.0 1 0 1.0 2.0 26/10/2022 15 0 39 45.4731626 9.234751
6 63 28.0 48.0 100944 194 517 0.01 0.0 24.0 25.0 26.0 1 2 2.0 2.0 26/10/2022 15 0 59 45.4736222 9.2345105
6 2 28.0 48.0 100945 173 571 0.01 0.0 24.0 26.0 27.0 1 1 2.0 1.0 26/10/2022 15 1 43 45.4738806 9.2343648
6 3 28.0 48.0 100946 141 588 0.01 0.0 24.0 26.0 27.0 1 2 2.0 1.0 26/10/2022 15 2 7 45.4742177 9.2343741
6 4 28.0 48.0 100946 109 593 0.01 0.0 21.0 23.0 24.0 2 1 2.0 2.0 26/10/2022 15 2 31 45.474507 9.2344206
6 6 28.0 48.0 100946 0 0 0 0.0 33.0 35.0 35.0 1 2 0.0 2.0 26/10/2022 15 2 55 45.474975 9.234393
6 7 0 0 0 169 598 0.01 0.0 0.0 0.0 0.0 0 0 1.0 0.0 26/10/2022 15 3 37 45.4750127 9.2343851
6 7 28.0 48.0 100947 169 579 0.01 0.0 19.0 20.0 20.0 2 2 2.0 2.0 26/10/2022 15 3 41 45.4753285 9.2343795
6 8 28.0 48.0 100947 129 626 0.01 0.0 19.0 21.0 21.0 1 2 2.0 1.0 26/10/2022 15 4 7 45.4755789 9.2343222
6 9 28.0 48.0 100946 87 567 0.01 0.0 19.0 21.0 21.0 1 2 2.0 2.0 26/10/2022 15 4 31 45.4759336 9.2346174
6 10 28.0 48.0 100946 94 599 0.01 0.0 18.0 19.0 19.0 1 2 2.0 2.0 26/10/2022 15 5 5 45.4759414 9.2350188
6 11 28.0 48.0 100946 101 569 0.01 0.0 31.0 33.0 33.0 1 2 2.0 2.0 26/10/2022 15 5 29 45.4759176 9.2354635
6 12 28.0 48.0 100946 47 615 0.01 0.0 20.0 21.0 21.0 1 1 2.0 2.0 26/10/2022 15 5 57 45.4759372 9.2357575
6 13 27.0 48.0 100946 5 633 0.01 0.0 26.0 28.0 28.0 1 2 2.0 2.0 26/10/2022 15 6 17 45.4757292 9.2359717
6 14 27.0 48.0 100946 1 568 0.01 0.0 20.0 21.0 21.0 1 2 1.0 2.0 26/10/2022 15 6 41 45.47571 9.23595
6 16 0 0 0 4 593 0.01 0.0 0.0 0.0 0.0 0 0 1.0 0.0 26/10/2022 15 7 25 45.47571 9.23595
6 16 28.0 48.0 100945 111 581 0.01 0.0 23.0 25.0 25.0 1 2 1.0 2.0 26/10/2022 15 7 29 45.47571 9.23595
6 17 28.0 47.0 100944 213 562 0.01 0.0 26.0 28.0 29.0 1 2 2.0 2.0 26/10/2022 15 7 53 45.47571 9.23595
6 18 28.0 47.0 100943 202 580 0.01 0.0 26.0 28.0 29.0 1 2 2.0 2.0 26/10/2022 15 8 17 45.47571 9.23595
6 19 28.0 47.0 100943 177 567 0.01 0.0 17.0 19.0 20.0 1 1 1.0 1.0 26/10/2022 15 8 45 45.47571 9.23595
6 20 28.0 48.0 100942 158 569 0.01 0.0 17.0 19.0 19.0 1 1 1.0 1.0 26/10/2022 15 9 21 45.47571 9.23595
6 21 28.0 47.0 100942 143 588 0.01 0.0 17.0 19.0 19.0 1 3 2.0 3.0 26/10/2022 15 9 33 45.47571 9.23595
6 22 28.0 47.0 100942 168 583 0.01 0.0 18.0 20.0 20.0 1 2 2.0 2.0 26/10/2022 15 10 7 45.47571 9.23595
6 23 28.0 47.0 100941 230 581 0.01 0.0 20.0 21.0 21.0 1 2 2.0 2.0 26/10/2022 15 10 31 45.47571 9.23595
6 25 0 0 0 192 553 0.01 0.0 0.0 0.0 0.0 0 0 1.0 0.0 26/10/2022 15 11 11 45.47571 9.23595
6 25 29.0 46.0 100941 168 588 0.01 0.0 14.0 14.0 14.0 1 2 1.0 2.0 26/10/2022 15 11 23 45.47571 9.23595
6 26 29.0 46.0 100941 217 628 0.01 0.0 25.0 27.0 27.0 1 2 2.0 2.0 26/10/2022 15 11 43 45.47571 9.23595
6 27 29.0 45.0 100941 247 602 0.01 0.0 25.0 27.0 27.0 1 2 2.0 2.0 26/10/2022 15 12 7 45.4759426 9.2357649
6 28 29.0 45.0 100941 197 619 0.01 0.0 18.0 19.0 19.0 1 2 2.0 2.0 26/10/2022 15 12 31 45.475958 9.2353576
6 29 28.0 45.0 100941 97 572 0.01 0.0 22.0 23.0 23.0 1 1 2.0 1.0 26/10/2022 15 12 59 45.4759956 9.2349647
6 30 28.0 46.0 100941 25 584 0.01 0.0 22.0 23.0 23.0 1 2 2.0 2.0 26/10/2022 15 13 19 45.4759286 9.2345625
6 31 28.0 46.0 100941 10 561 0.01 0.0 29.0 31.0 31.0 1 2 2.0 1.0 26/10/2022 15 13 43 45.4761727 9.2344693
6 32 28.0 46.0 100941 26 573 0.01 0.0 29.0 31.0 31.0 1 2 2.0 2.0 26/10/2022 15 14 7 45.4764938 9.2344508
6 33 27.0 47.0 100942 28 604 0.01 0.0 29.0 31.0 31.0 1 2 1.0 2.0 26/10/2022 15 14 33 45.4770161 9.2344406
6 34 27.0 48.0 100942 6 614 0.01 0.0 16.0 17.0 17.0 1 1 2.0 1.0 26/10/2022 15 15 13 45.4771993 9.2344382
6 35 27.0 47.0 100942 0 590 0.01 0.0 18.0 19.0 20.0 1 2 1.0 2.0 26/10/2022 15 15 29 45.4775056 9.2344021
6 36 27.0 47.0 100942 6 555 0.01 0.0 23.0 24.0 24.0 1 1 2.0 2.0 26/10/2022 15 15 55 45.4778603 9.2343903
6 38 27.0 47.0 100942 0 0 0 0.0 24.0 27.0 28.0 1 2 0.0 2.0 26/10/2022 15 16 21 45.4781992 9.2343937
6 38 27.0 47.0 100942 0 576 0.01 0.0 20.0 22.0 22.0 1 1 1.0 1.0 26/10/2022 15 16 53 45.4784343 9.2344269
6 39 28.0 47.0 100942 6 597 0.01 0.0 20.0 22.0 22.0 1 1 2.0 1.0 26/10/2022 15 17 9 45.4787323 9.2344301
6 40 28.0 47.0 100941 7 605 0.01 0.0 27.0 28.0 28.0 1 2 2.0 2.0 26/10/2022 15 17 33 45.4789673 9.2343926
6 41 28.0 47.0 100941 36 603 0.01 0.0 21.0 22.0 22.0 1 2 2.0 1.0 26/10/2022 15 17 57 45.4792756 9.2343917
6 42 28.0 47.0 100941 147 649 0.01 0.0 21.0 23.0 23.0 1 1 2.0 1.0 26/10/2022 15 18 21 45.4796609 9.2343831
6 43 28.0 47.0 100940 137 573 0.01 0.0 21.0 22.0 22.0 1 1 1.0 1.0 26/10/2022 15 18 55 45.4798248 9.2343769
6 44 28.0 47.0 100939 110 562 0.01 0.0 21.0 23.0 23.0 2 2 2.0 2.0 26/10/2022 15 19 7 45.4801176 9.2344132
6 45 28.0 47.0 100939 116 546 0.01 0.0 21.0 23.0 23.0 1 3 3.0 3.0 26/10/2022 15 19 31 45.4802667 9.23441
6 46 28.0 47.0 100938 94 616 0.01 0.0 27.0 29.0 30.0 1 1 2.0 1.0 26/10/2022 15 20 9 45.4802667 9.23441
6 48 0 0 0 116 597 0.01 0.0 20.0 23.0 24.0 1 0 1.0 1.0 26/10/2022 15 20 39 45.4802667 9.23441
6 49 0 0 0 103 602 0.01 0.0 24.0 26.0 26.0 1 0 1.0 2.0 26/10/2022 15 21 7 45.4802667 9.23441
6 49 29.0 45.0 100936 102 590 0.01 0.0 19.0 20.0 20.0 1 1 2.0 2.0 26/10/2022 15 21 23 45.4802667 9.23441
6 50 29.0 45.0 100936 134 592 0.01 0.0 30.0 31.0 31.0 1 1 2.0 1.0 26/10/2022 15 21 49 45.4802667 9.23441
6 51 29.0 45.0 100935 198 625 0.01 0.0 30.0 31.0 31.0 1 2 2.0 2.0 26/10/2022 15 22 5 45.4802667 9.23441
6 53 29.0 45.0 100934 0 0 0 0.0 23.0 25.0 25.0 1 2 0.0 2.0 26/10/2022 15 22 37 45.4802667 9.23441
6 53 29.0 45.0 100934 381 583 0.01 0.0 20.0 21.0 21.0 1 2 2.0 2.0 26/10/2022 15 22 57 45.4803033 9.2343917
6 54 30.0 45.0 100933 409 577 0.01 0.0 20.0 21.0 21.0 1 2 2.0 2.0 26/10/2022 15 23 21 45.4803033 9.2343917
6 56 30.0 45.0 100932 0 0 0 0.0 23.0 25.0 25.0 1 1 0.0 1.0 26/10/2022 15 24 1 45.4803033 9.2343917
6 56 30.0 44.0 100932 436 590 0.01 0.0 23.0 25.0 25.0 1 1 2.0 1.0 26/10/2022 15 24 11 45.4803033 9.2343917
6 57 30.0 44.0 100932 449 612 0.01 0.0 23.0 25.0 25.0 1 3 3.0 3.0 26/10/2022 15 24 29 45.4803033 9.2343917
6 58 30.0 44.0 100931 386 546 0.01 0.0 22.0 23.0 23.0 1 2 2.0 2.0 26/10/2022 15 25 5 45.4803033 9.2343917
6 60 0 0 0 386 626 0.01 0.0 20.0 21.0 21.0 1 0 1.0 1.0 26/10/2022 15 25 45 45.4804168 9.2344053
6 60 30.0 43.0 100930 437 639 0.01 0.0 22.0 24.0 24.0 1 2 2.0 2.0 26/10/2022 15 25 53 45.4807885 9.2343552
6 61 30.0 43.0 100930 343 606 0.01 0.0 20.0 22.0 23.0 1 1 2.0 2.0 26/10/2022 15 26 25 45.4809551 9.2343656
6 62 30.0 43.0 100929 267 624 0.01 0.0 21.0 23.0 24.0 1 2 1.0 2.0 26/10/2022 15 26 45 45.4812321 9.2343238
6 1 0 0 0 317 636 0.01 0.0 0.0 0.0 0.0 0 0 1.0 0.0 26/10/2022 15 27 25 45.4813153 9.2343436
6 1 30.0 43.0 100928 224 733 0.01 0.0 23.0 24.0 24.0 1 2 1.0 2.0 26/10/2022 15 27 31 45.4816212 9.2343864
6 2 29.0 43.0 100928 113 611 0.01 0.0 19.0 20.0 20.0 1 1 1.0 2.0 26/10/2022 15 27 59 45.4818996 9.2342249
6 4 0 0 0 118 651 0.01 0.0 19.0 20.0 20.0 1 0 2.0 1.0 26/10/2022 15 28 23 45.4821443 9.2342733
6 5 30.0 43.0 100926 0 0 0 0.0 24.0 25.0 25.0 2 1 0.0 1.0 26/10/2022 15 28 41 45.4825611 9.2342254
6 5 29.0 43.0 100925 113 613 0.01 0.0 24.0 25.0 25.0 1 1 1.0 1.0 26/10/2022 15 29 17 45.482823 9.2342877
6 6 29.0 44.0 100924 56 549 0.01 0.0 24.0 25.0 25.0 1 2 3.0 2.0 26/10/2022 15 29 33 45.4831426 9.2341802
6 7 29.0 44.0 100923 11 608 0.01 0.0 26.0 28.0 30.0 1 2 1.0 2.0 26/10/2022 15 30 5 45.4835016 9.234097
6 8 29.0 44.0 100922 30 585 0.01 0.0 19.0 20.0 20.0 1 2 1.0 2.0 26/10/2022 15 30 31 45.4838725 9.2343267
6 10 29.0 44.0 100921 37 597 0.01 0.0 0.0 0.0 0.0 0 1 2.0 0.0 26/10/2022 15 31 5 45.4841518 9.2346648
6 10 28.0 44.0 100920 1 597 0.01 0.0 30.0 33.0 35.0 1 2 1.0 2.0 26/10/2022 15 31 23 45.4843122 9.2349434
6 11 28.0 45.0 100919 49 573 0.01 0.0 25.0 26.0 26.0 1 2 2.0 2.0 26/10/2022 15 31 43 45.4845007 9.2353697
6 12 28.0 45.0 100918 95 608 0.01 0.0 25.0 26.0 26.0 1 2 1.0 2.0 26/10/2022 15 32 7 45.4844807 9.2360553
6 13 27.0 46.0 100917 68 579 0.01 0.0 14.0 15.0 15.0 1 1 1.0 1.0 26/10/2022 15 32 47 45.4844403 9.2362306
6 14 27.0 46.0 100916 88 617 0.01 0.0 26.0 28.0 28.0 1 1 1.0 1.0 26/10/2022 15 33 1 45.484545 9.2362873
6 15 27.0 47.0 100914 7 612 0.01 0.0 26.0 28.0 28.0 1 2 1.0 2.0 26/10/2022 15 33 19 45.4848243 9.2361333
6 16 27.0 47.0 100913 0 583 0.01 0.0 19.0 20.0 20.0 1 2 1.0 2.0 26/10/2022 15 33 43 45.484815 9.23614
6 18 27.0 47.0 100912 0 593 0.01 0.0 0.0 0.0 0.0 0 1 1.0 0.0 26/10/2022 15 34 23 45.484815 9.23614
6 18 27.0 47.0 100912 7 597 0.01 0.0 19.0 20.0 20.0 1 1 2.0 1.0 26/10/2022 15 34 39 45.484815 9.23614
6 19 28.0 47.0 100911 180 574 0.01 0.0 28.0 30.0 30.0 1 2 2.0 1.0 26/10/2022 15 35 9 45.484815 9.23614
6 20 28.0 46.0 100909 217 579 0.01 0.0 21.0 23.0 24.0 1 1 1.0 2.0 26/10/2022 15 35 35 45.484815 9.23614
6 23 29.0 45.0 100909 203 592 0.01 0.0 0.0 0.0 0.0 0 2 2.0 0.0 26/10/2022 15 35 57 45.484815 9.23614
6 24 30.0 45.0 100907 0 0 0 0.0 25.0 26.0 26.0 1 2 0.0 2.0 26/10/2022 15 36 41 45.484815 9.23614
6 25 30.0 44.0 100907 0 0 0 0.0 25.0 26.0 26.0 1 1 0.0 1.0 26/10/2022 15 37 23 45.484815 9.23614
6 25 30.0 44.0 100906 366 576 0.01 0.0 15.0 16.0 16.0 1 2 2.0 2.0 26/10/2022 15 37 33 45.484815 9.23614
6 27 30.0 43.0 100906 0 0 0 0.0 19.0 21.0 21.0 1 1 0.0 1.0 26/10/2022 15 38 1 45.484815 9.23614
6 27 30.0 42.0 100905 222 589 0.01 0.0 19.0 21.0 21.0 1 1 1.0 1.0 26/10/2022 15 38 29 45.484815 9.23614
6 28 31.0 42.0 100905 316 561 0.01 0.0 16.0 17.0 17.0 1 1 2.0 2.0 26/10/2022 15 38 47 45.484815 9.23614
6 29 31.0 42.0 100905 436 582 0.01 0.0 16.0 17.0 17.0 1 2 2.0 2.0 26/10/2022 15 39 7 45.484787 9.2357776
6 30 31.0 42.0 100905 388 528 0.01 0.0 16.0 17.0 17.0 1 3 2.0 3.0 26/10/2022 15 39 35 45.4845438 9.2356598
6 31 30.0 42.0 100905 215 529 0.01 0.0 15.0 18.0 19.0 2 1 2.0 1.0 26/10/2022 15 40 15 45.4843427 9.2352499
6 33 30.0 42.0 100904 0 0 0 0.0 20.0 22.0 22.0 1 2 0.0 1.0 26/10/2022 15 40 33 45.4842592 9.2349385
6 33 29.0 43.0 100904 120 612 0.01 0.0 20.0 21.0 21.0 1 2 2.0 2.0 26/10/2022 15 40 55 45.4841164 9.234481
6 34 29.0 43.0 100904 182 548 0.01 0.0 15.0 16.0 16.0 2 1 2.0 1.0 26/10/2022 15 41 23 45.4838966 9.2343968
6 35 29.0 43.0 100904 170 632 0.01 0.0 21.0 22.0 22.0 1 1 1.0 1.0 26/10/2022 15 41 47 45.4835193 9.2342601
6 37 29.0 43.0 100903 0 0 0 0.0 21.0 22.0 22.0 1 1 0.0 1.0 26/10/2022 15 42 17 45.4832348 9.2341698
6 38 0 0 0 20 444 0.01 0.0 18.0 19.0 19.0 2 0 1.0 2.0 26/10/2022 15 42 41 45.4830138 9.2341548
6 39 0 0 0 0 567 0.01 0.0 21.0 24.0 25.0 1 0 1.0 1.0 26/10/2022 15 42 59 45.4827565 9.2342119
6 40 27.0 46.0 100904 0 0 0 0.0 21.0 24.0 25.0 1 1 0.0 1.0 26/10/2022 15 43 17 45.4824458 9.2343934
6 40 27.0 46.0 100904 0 595 0.01 0.0 21.0 22.0 22.0 1 1 1.0 1.0 26/10/2022 15 43 47 45.4819168 9.2342593
6 42 0 0 0 0 641 0.01 0.0 21.0 22.0 22.0 1 0 1.0 1.0 26/10/2022 15 44 25 45.4818218 9.23429
6 42 27.0 47.0 100905 0 621 0.01 0.0 21.0 22.0 22.0 1 3 2.0 3.0 26/10/2022 15 44 35 45.4815055 9.2343224
6 43 27.0 47.0 100905 0 552 0.01 0.0 13.0 15.0 16.0 1 2 2.0 1.0 26/10/2022 15 45 7 45.4811233 9.234269
6 44 27.0 47.0 100905 0 607 0.01 0.0 23.0 24.0 24.0 1 1 2.0 1.0 26/10/2022 15 45 33 45.480698 9.2343321
6 46 0 0 0 0 543 0.01 0.0 20.0 22.0 22.0 2 0 1.0 1.0 26/10/2022 15 46 11 45.4805872 9.2343786
6 46 27.0 46.0 100906 7 603 0.01 0.0 22.0 23.0 23.0 1 2 1.0 2.0 26/10/2022 15 46 19 45.4804714 9.2341886
6 47 27.0 46.0 100906 5 581 0.01 0.0 20.0 21.0 21.0 1 2 1.0 2.0 26/10/2022 15 46 47 45.480436 9.2341906
6 48 28.0 46.0 100907 35 535 0.01 0.0 20.0 21.0 21.0 1 2 2.0 1.0 26/10/2022 15 47 7 45.4800706 9.2342412
6 49 27.0 46.0 100907 58 575 0.01 0.0 22.0 23.0 24.0 1 1 2.0 1.0 26/10/2022 15 47 37 45.4797265 9.2341988
6 50 27.0 47.0 100907 1 590 0.01 0.0 25.0 27.0 27.0 1 1 1.0 1.0 26/10/2022 15 48 7 45.4795166 9.2342077
6 51 27.0 47.0 100908 0 598 0.01 0.0 25.0 27.0 27.0 1 2 2.0 2.0 26/10/2022 15 48 21 45.4792161 9.2342036
6 52 27.0 47.0 100908 0 542 0.01 0.0 17.0 18.0 18.0 1 2 1.0 2.0 26/10/2022 15 48 47 45.4789443 9.2342284
6 53 27.0 47.0 100909 28 562 0.01 0.0 17.0 18.0 18.0 1 2 1.0 2.0 26/10/2022 15 49 7 45.4786957 9.2342464
6 54 27.0 47.0 100909 78 550 0.01 0.0 17.0 18.0 18.0 1 2 3.0 2.0 26/10/2022 15 49 31 45.4785569 9.2336564
6 55 27.0 47.0 100910 59 456 0.01 0.0 15.0 15.0 15.0 1 1 1.0 1.0 26/10/2022 15 50 13 45.478524 9.2333275
6 56 27.0 47.0 100910 8 613 0.01 0.0 21.0 24.0 25.0 1 2 2.0 2.0 26/10/2022 15 50 31 45.4785677 9.232903
6 57 27.0 47.0 100911 1 549 0.01 0.0 20.0 21.0 21.0 1 2 1.0 2.0 26/10/2022 15 50 59 45.4785528 9.2325517
6 58 27.0 47.0 100911 0 496 0.01 0.0 15.0 16.0 16.0 1 2 2.0 2.0 26/10/2022 15 51 19 45.4785541 9.2319861
6 59 27.0 47.0 100912 0 556 0.01 0.0 18.0 19.0 19.0 2 1 1.0 1.0 26/10/2022 15 51 53 45.4785001 9.2317099
6 60 27.0 47.0 100912 0 600 0.01 0.0 18.0 19.0 19.0 1 2 2.0 2.0 26/10/2022 15 52 9 45.4782475 9.2315596
6 61 27.0 47.0 100912 10 541 0.01 0.0 15.0 16.0 17.0 1 2 1.0 2.0 26/10/2022 15 52 37 45.4782283 9.2315767
6 62 27.0 47.0 100913 38 572 0.01 0.0 34.0 40.0 45.0 1 2 2.0 2.0 26/10/2022 15 52 57 45.4782283 9.2315767
6 63 28.0 47.0 100914 203 673 0.01 0.0 34.0 40.0 45.0 1 1 2.0 1.0 26/10/2022 15 53 21 45.4782283 9.2315767
6 1 28.0 47.0 100915 711 654 0.01 0.0 18.0 19.0 19.0 1 1 1.0 1.0 26/10/2022 15 53 45 45.4783266 9.231565
6 2 28.0 46.0 100915 718 618 0.01 0.0 18.0 19.0 19.0 1 2 1.0 2.0 26/10/2022 15 54 13 45.4783267 9.231565
6 3 29.0 46.0 100916 675 642 0.01 0.0 18.0 19.0 19.0 1 3 3.0 3.0 26/10/2022 15 54 33 45.4783267 9.231565
6 4 29.0 45.0 100917 635 574 0.01 0.0 20.0 21.0 21.0 1 2 2.0 2.0 26/10/2022 15 55 9 45.4783267 9.231565
6 5 29.0 45.0 100918 814 585 0.01 0.0 17.0 18.0 18.0 1 1 2.0 1.0 26/10/2022 15 55 33 45.4783267 9.231565
6 6 30.0 44.0 100918 1166 606 0.01 0.0 19.0 20.0 20.0 1 1 1.0 1.0 26/10/2022 15 56 7 45.4783267 9.231565
6 7 30.0 44.0 100919 1054 599 0.01 0.0 18.0 20.0 22.0 1 2 2.0 2.0 26/10/2022 15 56 19 45.4783267 9.231565
6 8 31.0 43.0 100919 1089 555 0.01 0.0 17.0 19.0 19.0 1 2 1.0 2.0 26/10/2022 15 56 43 45.4783267 9.231565
6 9 31.0 42.0 100920 824 606 0.01 0.0 17.0 19.0 19.0 1 2 1.0 2.0 26/10/2022 15 57 7 45.4783267 9.231565
6 10 31.0 42.0 100920 1073 665 0.01 0.0 21.0 23.0 24.0 1 1 1.0 1.0 26/10/2022 15 57 43 45.4783267 9.231565
6 11 32.0 41.0 100921 1011 596 0.01 0.0 19.0 20.0 20.0 1 2 2.0 2.0 26/10/2022 15 57 55 45.4782497 9.2315374
6 12 32.0 41.0 100921 949 568 0.01 0.0 19.0 20.0 20.0 1 2 1.0 2.0 26/10/2022 15 58 19 45.4784281 9.2315474
6 13 32.0 41.0 100921 870 648 0.01 0.0 24.0 25.0 25.0 1 2 2.0 1.0 26/10/2022 15 58 43 45.4784733 9.231395
6 15 31.0 41.0 100921 668 555 0.01 0.0 0.0 0.0 0.0 0 1 1.0 0.0 26/10/2022 15 59 7 45.4784577 9.2309442
6 15 30.0 41.0 100920 446 606 0.01 0.0 24.0 25.0 25.0 1 2 2.0 3.0 26/10/2022 15 59 35 45.4785007 9.2303086
6 16 29.0 43.0 100920 259 566 0.01 0.0 16.0 17.0 17.0 1 1 2.0 1.0 26/10/2022 16 0 13 45.4784136 9.2301847
6 17 29.0 43.0 100919 225 547 0.01 0.0 17.0 18.0 18.0 1 2 1.0 2.0 26/10/2022 16 0 29 45.4781189 9.2301523
6 18 29.0 43.0 100918 276 590 0.01 0.0 21.0 23.0 23.0 1 2 1.0 2.0 26/10/2022 16 0 55 45.4778784 9.2301951
6 20 29.0 43.0 100917 0 0 0 0.0 17.0 19.0 19.0 1 1 0.0 1.0 26/10/2022 16 1 27 45.4776768 9.2301817
6 20 29.0 43.0 100917 409 608 0.01 0.0 34.0 37.0 38.0 1 1 2.0 2.0 26/10/2022 16 1 43 45.4774009 9.2301598
6 21 29.0 43.0 100916 394 633 0.01 0.0 34.0 37.0 38.0 1 2 1.0 2.0 26/10/2022 16 2 9 45.4771199 9.2301411
6 22 29.0 43.0 100916 374 624 0.01 0.0 26.0 27.0 27.0 1 2 2.0 2.0 26/10/2022 16 2 33 45.476988 9.2299366
6 23 29.0 44.0 100916 342 627 0.01 0.0 20.0 21.0 21.0 1 2 2.0 2.0 26/10/2022 16 2 57 45.4767755 9.2298243
6 25 0 0 0 265 613 0.01 0.0 20.0 21.0 21.0 1 0 2.0 1.0 26/10/2022 16 3 21 45.4768233 9.2294321
6 25 28.0 44.0 100916 312 581 0.01 0.0 19.0 23.0 28.0 1 1 1.0 1.0 26/10/2022 16 3 45 45.4768085 9.2291689
6 26 28.0 45.0 100915 242 604 0.01 0.0 19.0 23.0 26.0 2 2 2.0 1.0 26/10/2022 16 4 5 45.4767715 9.2287638
6 27 28.0 45.0 100915 214 584 0.01 0.0 19.0 23.0 26.0 1 3 3.0 2.0 26/10/2022 16 4 29 45.4768312 9.2281548
6 28 28.0 45.0 100915 207 594 0.01 0.0 24.0 25.0 25.0 1 1 1.0 1.0 26/10/2022 16 5 7 45.4768126 9.2277688
6 29 28.0 45.0 100915 211 629 0.01 0.0 20.0 21.0 21.0 2 2 1.0 2.0 26/10/2022 16 5 35 45.4768274 9.2273908
6 30 28.0 45.0 100914 198 615 0.01 0.0 18.0 20.0 20.0 1 2 2.0 2.0 26/10/2022 16 5 57 45.4767738 9.2268811
6 32 0 0 0 202 619 0.01 0.0 15.0 16.0 16.0 1 0 1.0 1.0 26/10/2022 16 6 33 45.4767416 9.2268392
6 32 28.0 45.0 100913 203 571 0.01 0.0 18.0 19.0 19.0 1 2 2.0 2.0 26/10/2022 16 6 41 45.4764794 9.2266192
6 33 28.0 45.0 100913 242 593 0.01 0.0 18.0 19.0 19.0 1 2 1.0 1.0 26/10/2022 16 7 5 45.4760995 9.2266365
6 34 28.0 45.0 100913 232 595 0.01 0.0 21.0 24.0 25.0 1 1 2.0 1.0 26/10/2022 16 7 39 45.4758393 9.2266318
6 35 28.0 45.0 100912 225 634 0.01 0.0 18.0 19.0 19.0 2 2 2.0 2.0 26/10/2022 16 7 57 45.4755497 9.2266417
6 36 28.0 45.0 100912 209 653 0.01 0.0 18.0 19.0 19.0 1 2 2.0 2.0 26/10/2022 16 8 21 45.4752819 9.2266798
6 37 28.0 45.0 100912 174 618 0.01 0.0 20.0 22.0 22.0 1 2 1.0 2.0 26/10/2022 16 8 45 45.4749573 9.2266155
6 39 0 0 0 113 616 0.01 0.0 20.0 22.0 22.0 1 0 2.0 1.0 26/10/2022 16 9 17 45.4747011 9.2266627
6 39 28.0 45.0 100912 59 596 0.01 0.0 20.0 22.0 22.0 1 3 3.0 3.0 26/10/2022 16 9 33 45.4742451 9.2266733
6 40 27.0 46.0 100912 11 554 0.01 0.0 11.0 12.0 13.0 1 2 1.0 2.0 26/10/2022 16 10 9 45.474006 9.2265947
6 41 27.0 46.0 100913 0 470 0.01 0.0 18.0 19.0 19.0 1 2 2.0 2.0 26/10/2022 16 10 31 45.4736563 9.2269194
6 42 27.0 46.0 100913 0 578 0.01 0.0 24.0 25.0 25.0 1 1 1.0 1.0 26/10/2022 16 11 7 45.4734462 9.2270546
6 43 27.0 46.0 100913 0 605 0.01 0.0 26.0 28.0 28.0 1 1 2.0 1.0 26/10/2022 16 11 27 45.4733746 9.2271548
6 44 28.0 46.0 100914 33 589 0.01 0.0 19.0 20.0 20.0 1 2 2.0 2.0 26/10/2022 16 11 43 45.4730262 9.227453
6 45 28.0 46.0 100914 62 534 0.01 0.0 19.0 20.0 20.0 1 1 2.0 2.0 26/10/2022 16 12 13 45.4726336 9.2274469
6 46 28.0 46.0 100915 70 543 0.01 0.0 17.0 19.0 22.0 1 1 1.0 1.0 26/10/2022 16 12 41 45.4724938 9.2273225
6 47 28.0 46.0 100915 67 640 0.01 0.0 18.0 19.0 19.0 1 2 2.0 2.0 26/10/2022 16 12 53 45.4722673 9.2273104
6 48 28.0 45.0 100916 68 599 0.01 0.0 18.0 19.0 19.0 1 2 2.0 2.0 26/10/2022 16 13 17 45.4721466 9.2270268
6 49 28.0 46.0 100916 93 551 0.01 0.0 20.0 21.0 21.0 1 2 2.0 2.0 26/10/2022 16 13 41 45.4721459 9.227014
6 50 28.0 46.0 100917 189 614 0.01 0.0 20.0 21.0 21.0 1 2 2.0 2.0 26/10/2022 16 14 5 45.4722113 9.2270345
6 51 28.0 46.0 100917 495 582 0.01 0.0 20.0 21.0 21.0 1 2 1.0 2.0 26/10/2022 16 14 29 45.4721922 9.2270557
6 52 28.0 46.0 100918 626 604 0.01 0.0 14.0 15.0 15.0 1 1 2.0 1.0 26/10/2022 16 15 15 45.4722117 9.2270527
6 53 28.0 45.0 100919 815 564 0.01 0.0 18.0 19.0 19.0 1 2 2.0 2.0 26/10/2022 16 15 31 45.4722193 9.2271809
6 54 29.0 45.0 100919 1030 579 0.01 0.0 17.0 18.0 18.0 1 2 2.0 2.0 26/10/2022 16 15 55 45.4722333 9.2271683
6 55 29.0 45.0 100920 1355 636 0.01 0.0 17.0 18.0 18.0 1 2 2.0 2.0 26/10/2022 16 16 19 45.4722286 9.2272641
6 56 29.0 45.0 100920 1606 655 0.01 0.0 13.0 14.0 14.0 1 2 1.0 2.0 26/10/2022 16 16 43 45.4722056 9.2272002
6 57 29.0 45.0 100921 1270 608 0.01 0.0 13.0 14.0 14.0 1 1 1.0 1.0 26/10/2022 16 17 21 45.4721783 9.2272257
6 58 29.0 45.0 100922 1063 604 0.01 0.0 18.0 19.0 19.0 1 2 2.0 2.0 26/10/2022 16 17 33 45.4722994 9.2270191
6 59 29.0 44.0 100922 1004 598 0.01 0.0 18.0 20.0 21.0 1 2 2.0 2.0 26/10/2022 16 17 57 45.4722349 9.2271982
6 60 29.0 44.0 100923 988 586 0.01 0.0 18.0 20.0 21.0 1 2 2.0 2.0 26/10/2022 16 18 21 45.4721565 9.2272438
6 62 29.0 44.0 100923 1218 585 0.01 0.0 0.0 0.0 0.0 0 1 1.0 0.0 26/10/2022 16 18 45 45.4722228 9.2271101
6 62 29.0 44.0 100923 1351 564 0.01 0.0 16.0 17.0 17.0 1 1 2.0 1.0 26/10/2022 16 19 17 45.4719318 9.2270022
6 63 29.0 44.0 100924 1038 541 0.01 0.0 16.0 17.0 17.0 1 3 2.0 3.0 26/10/2022 16 19 33 45.4719902 9.2269147
6 1 29.0 44.0 100923 543 596 0.01 0.0 13.0 15.0 18.0 1 2 2.0 2.0 26/10/2022 16 20 9 45.4720828 9.2269039
6 2 29.0 44.0 100920 686 670 0.01 0.0 10.0 10.0 10.0 1 2 2.0 2.0 26/10/2022 16 20 33 45.4720615 9.2271465
6 3 29.0 45.0 100914 874 765 0.01 0.0 8.0 9.0 9.0 1 1 2.0 1.0 26/10/2022 16 20 59 45.4721669 9.2269091
