6 17 24.0 62.0 100756 0 0 0 0.0 32.0 34.0 34.0 1 1 0.0 1.0 25/10/2022 10 48 29 45.4756724 9.2359018
6 17 24.0 62.0 100756 0 0 0 0.0 32.0 34.0 34.0 1 1 0.0 1.0 25/10/2022 10 48 28 45.4756724 9.2359018
6 17 24.0 62.0 100756 33 905 0.01 0.0 40.0 44.0 45.0 1 1 1.0 1.0 25/10/2022 10 48 48 45.4756733 9.2359017
6 18 25.0 61.0 100756 158 933 0.01 0.0 40.0 44.0 45.0 1 2 1.0 2.0 25/10/2022 10 49 18 45.4756733 9.2359017
6 20 0 0 0 312 1072 0.01 0.0 37.0 39.0 39.0 1 0 2.0 1.0 25/10/2022 10 49 40 45.4756733 9.2359017
6 20 25.0 61.0 100755 363 917 0.01 0.0 36.0 40.0 42.0 1 1 1.0 1.0 25/10/2022 10 50 10 45.4756733 9.2359017
6 22 25.0 61.0 100755 0 0 0 0.0 36.0 40.0 42.0 1 3 0.0 1.0 25/10/2022 10 50 24 45.4756733 9.2359017
6 23 0 0 0 187 724 0.01 0.0 0.0 0.0 0.0 0 0 1.0 0.0 25/10/2022 10 51 6 45.4756733 9.2359017
6 24 0 0 0 0 0 0 0.0 35.0 37.0 37.0 1 0 0.0 1.0 25/10/2022 10 51 46 45.4756733 9.2359017
6 24 26.0 59.0 100755 213 652 0.01 0.0 35.0 37.0 37.0 1 1 1.0 1.0 25/10/2022 10 52 2 45.4756733 9.2359017
6 25 26.0 59.0 100755 219 642 0.01 0.0 34.0 37.0 40.0 1 1 2.0 2.0 25/10/2022 10 52 14 45.4756733 9.2359017
6 26 26.0 58.0 100755 250 652 0.01 0.0 31.0 33.0 33.0 1 2 2.0 2.0 25/10/2022 10 52 40 45.4756733 9.2359017
