4 2 124 98 03 25 10 10 48 30 758
4 2 124 98 03 25 10 10 48 31 556
4 1 124 98 03 25 10 10 48 32 755
4 0 124 98 03 25 10 10 48 33 555
4 0 124 98 03 25 10 10 48 34 654
4 1 125 98 03 25 10 10 48 35 454
4 2 125 98 03 25 10 10 48 36 653
4 2 125 98 03 25 10 10 48 37 453
4 2 126 98 03 25 10 10 48 38 652
4 2 126 98 03 25 10 10 48 39 452
4 2 126 98 03 25 10 10 48 40 551
4 2 127 98 03 25 10 10 48 41 750
4 2 127 98 03 25 10 10 48 42 550
4 1 127 98 03 25 10 10 48 43 749
4 1 127 98 03 25 10 10 48 44 549
4 0 126 98 03 25 10 10 48 45 748
4 0 125 98 03 25 10 10 48 47 747
4 0 125 98 03 25 10 10 48 48 547
4 0 125 98 03 25 10 10 48 49 746
4 0 125 98 03 25 10 10 48 50 545
4 0 125 98 03 25 10 10 48 51 745
4 0 127 98 03 25 10 10 48 52 544
4 0 128 98 03 25 10 10 48 53 744
4 0 128 98 03 25 10 10 48 54 544
4 0 129 98 03 25 10 10 48 55 743
4 0 130 98 03 25 10 10 48 56 542
4 0 131 98 03 25 10 10 48 57 742
4 0 132 98 03 25 10 10 48 58 541
4 0 133 98 03 25 10 10 48 59 741
4 0 134 98 03 25 10 10 49 0 541
4 0 134 98 03 25 10 10 49 1 740
4 0 134 98 03 25 10 10 49 2 540
4 0 134 98 03 25 10 10 49 3 739
4 0 134 98 03 25 10 10 49 4 538
4 0 133 98 03 25 10 10 49 5 738
4 0 132 98 03 25 10 10 49 6 538
4 0 130 98 03 25 10 10 49 8 537
4 0 130 98 03 25 10 10 49 9 736
4 0 129 98 03 25 10 10 49 10 536
4 0 128 98 03 25 10 10 49 11 735
4 1 128 98 03 25 10 10 49 13 734
4 1 128 98 03 25 10 10 49 14 534
4 1 129 98 03 25 10 10 49 15 733
4 1 130 98 03 25 10 10 49 16 533
4 1 130 98 03 25 10 10 49 17 732
4 1 131 98 03 25 10 10 49 19 731
4 1 129 98 03 25 10 10 49 20 530
4 1 127 98 03 25 10 10 49 21 730
4 1 127 98 03 25 10 10 49 22 530
4 0 127 98 03 25 10 10 49 23 729
4 0 127 98 03 25 10 10 49 24 529
4 0 126 98 03 25 10 10 49 25 728
4 0 126 98 03 25 10 10 49 27 728
4 0 126 98 03 25 10 10 49 28 527
4 0 126 98 03 25 10 10 49 29 727
4 0 125 98 03 25 10 10 49 30 526
4 0 125 98 03 25 10 10 49 31 726
4 0 125 98 03 25 10 10 49 33 725
4 0 125 98 03 25 10 10 49 34 425
4 0 124 98 03 25 10 10 49 35 624
4 0 124 98 03 25 10 10 49 36 424
4 0 123 98 03 25 10 10 49 37 623
4 0 123 98 03 25 10 10 49 38 423
4 0 122 98 03 25 10 10 49 39 622
4 0 122 98 03 25 10 10 49 40 722
4 0 121 98 03 25 10 10 49 41 521
4 0 121 98 03 25 10 10 49 42 621
4 0 121 98 03 25 10 10 49 43 421
4 0 121 98 03 25 10 10 49 44 520
4 0 121 98 03 25 10 10 49 45 720
4 0 121 98 03 25 10 10 49 46 419
4 0 121 98 03 25 10 10 49 47 619
4 0 121 98 03 25 10 10 49 48 718
4 0 122 98 03 25 10 10 49 49 518
4 0 122 98 03 25 10 10 49 50 618
4 0 122 98 03 25 10 10 49 51 418
4 0 122 98 03 25 10 10 49 52 517
4 0 122 98 03 25 10 10 49 53 717
4 0 122 98 03 25 10 10 49 54 517
4 0 122 98 03 25 10 10 49 55 716
4 0 122 98 03 25 10 10 49 56 516
4 0 121 98 03 25 10 10 49 58 416
4 0 121 98 03 25 10 10 50 1 615
4 0 120 98 03 25 10 10 50 4 714
4 0 120 98 03 25 10 10 50 5 514
4 0 120 98 03 25 10 10 50 6 713
4 0 118 98 03 25 10 10 50 9 513
4 0 113 98 03 25 10 10 50 15 411
4 0 113 99 03 25 10 10 50 21 409
4 0 114 99 03 25 10 10 50 22 608
4 0 114 99 03 25 10 10 50 23 408
4 0 114 99 03 25 10 10 50 24 608
4 0 113 99 03 25 10 10 50 25 408
4 0 112 99 03 25 10 10 50 32 604
4 0 111 99 03 25 10 10 50 33 403
4 0 111 99 03 25 10 10 50 34 602
4 1 111 99 03 25 10 10 50 35 802
4 1 111 99 03 25 10 10 50 36 602
4 1 111 99 03 25 10 10 50 37 401
4 1 111 99 03 25 10 10 50 38 600
4 1 111 99 03 25 10 10 50 39 800
4 0 110 99 03 25 10 10 50 40 599
4 0 110 99 03 25 10 10 50 42 598
4 0 110 99 03 25 10 10 50 45 397
4 0 109 99 03 25 10 10 50 48 596
4 0 109 99 03 25 10 10 50 49 396
4 0 108 99 03 25 10 10 50 50 595
4 0 108 99 03 25 10 10 50 51 395
4 0 107 99 03 25 10 10 50 52 595
4 0 107 99 03 25 10 10 50 53 395
4 0 107 99 03 25 10 10 50 54 594
4 0 107 99 03 25 10 10 50 55 394
4 0 107 99 03 25 10 10 50 56 594
4 0 107 99 03 25 10 10 50 57 394
4 0 108 99 03 25 10 10 51 0 993
4 0 109 99 03 25 10 10 51 1 392
4 0 109 99 03 25 10 10 51 2 592
4 0 109 99 03 25 10 10 51 3 392
4 0 109 99 03 25 10 10 51 4 592
4 0 109 99 03 25 10 10 51 5 391
4 0 108 99 03 25 10 10 51 6 591
4 0 108 99 03 25 10 10 51 7 391
4 0 108 99 03 25 10 10 51 8 591
4 0 106 99 03 25 10 10 51 10 590
4 0 106 99 03 25 10 10 51 11 390
4 0 105 99 03 25 10 10 51 12 589
4 0 104 99 03 25 10 10 51 13 789
4 0 104 99 03 25 10 10 51 14 588
4 0 103 99 03 25 10 10 51 15 788
4 0 103 99 03 25 10 10 51 16 588
4 0 103 99 03 25 10 10 51 17 787
4 0 104 99 03 25 10 10 51 18 487
4 0 104 99 03 25 10 10 51 20 785
4 0 103 99 03 25 10 10 51 21 985
4 0 103 99 03 25 10 10 51 22 684
4 0 103 99 03 25 10 10 51 23 484
4 0 102 99 03 25 10 10 51 24 584
4 0 101 99 03 25 10 10 51 26 483
4 0 101 99 03 25 10 10 51 27 682
4 0 101 99 03 25 10 10 51 29 582
4 0 101 99 03 25 10 10 51 30 781
4 1 101 99 03 25 10 10 51 31 581
4 1 101 99 03 25 10 10 51 32 780
4 1 100 99 03 25 10 10 51 33 580
4 1 99 99 03 25 10 10 51 34 680
4 1 98 99 03 25 10 10 51 35 480
4 1 98 99 03 25 10 10 51 36 679
4 1 97 99 03 25 10 10 51 37 479
4 1 97 99 03 25 10 10 51 38 679
4 1 97 99 03 25 10 10 51 39 478
4 4 97 99 03 25 10 10 51 41 778
4 4 96 99 03 25 10 10 51 42 578
4 0 96 99 03 25 10 10 51 43 777
4 0 96 99 03 25 10 10 51 44 577
4 0 95 99 03 25 10 10 51 45 777
4 1 95 99 03 25 10 10 51 46 477
4 0 98 99 03 25 10 10 51 53 575
4 0 98 99 03 25 10 10 51 54 774
4 0 98 99 03 25 10 10 51 55 574
4 0 99 99 03 25 10 10 51 56 774
4 0 98 99 03 25 10 10 51 58 673
4 0 98 99 03 25 10 10 51 59 873
4 0 98 99 03 25 10 10 52 0 673
4 0 99 99 03 25 10 10 52 8 670
4 0 99 99 03 25 10 10 52 10 669
4 0 100 99 03 25 10 10 52 11 469
4 0 99 99 03 25 10 10 52 15 467
4 0 101 99 03 25 10 10 52 18 666
4 0 101 99 03 25 10 10 52 19 466
4 0 101 99 03 25 10 10 52 20 665
4 0 100 99 03 25 10 10 52 21 465
4 0 100 99 03 25 10 10 52 22 664
4 1 100 99 03 25 10 10 52 23 464
4 1 100 99 03 25 10 10 52 24 663
4 1 100 99 03 25 10 10 52 25 463
4 1 100 99 03 25 10 10 52 26 662
4 1 99 99 03 25 10 10 52 27 461
4 1 99 99 03 25 10 10 52 28 661
4 0 100 99 03 25 10 10 52 30 660
4 0 100 99 03 25 10 10 52 31 460
4 0 100 99 03 25 10 10 52 32 659
4 0 100 99 03 25 10 10 52 33 459
4 0 101 99 03 25 10 10 52 34 658
4 0 100 99 03 25 10 10 52 35 458
4 0 100 99 03 25 10 10 52 36 657
4 0 99 99 03 25 10 10 52 37 457
4 0 100 99 03 25 10 10 52 38 656
4 0 100 99 03 25 10 10 52 39 455
4 0 100 99 03 25 10 10 52 40 655
4 0 99 99 03 25 10 10 52 42 654
4 0 99 99 03 25 10 10 52 43 454
4 0 100 99 03 25 10 10 52 44 554
4 0 99 99 03 25 10 10 52 48 454
4 0 99 99 03 25 10 10 52 49 652
4 0 99 99 03 25 10 10 52 50 454
4 0 99 99 03 25 10 10 52 52 751
4 0 100 99 03 25 10 10 52 53 551
4 0 100 99 03 25 10 10 52 55 450
4 0 99 99 03 25 10 10 52 56 550
4 0 99 99 03 25 10 10 52 57 749
4 0 99 99 03 25 10 10 52 58 449
4 0 99 99 03 25 10 10 52 59 649
4 0 99 99 03 25 10 10 53 0 748
4 0 99 99 03 25 10 10 53 1 548
4 0 99 99 03 25 10 10 53 2 648
4 0 99 99 03 25 10 10 53 3 447
4 0 99 99 03 25 10 10 53 4 547
4 0 99 99 03 25 10 10 53 5 747
4 0 99 99 03 25 10 10 53 6 447
4 1 98 99 03 25 10 10 53 9 546
4 0 98 99 03 25 10 10 53 10 645
4 1 99 99 03 25 10 10 53 12 544
4 0 99 99 03 25 10 10 53 13 744
4 0 99 99 03 25 10 10 53 14 544
4 0 98 99 03 25 10 10 53 15 743
4 0 98 99 03 25 10 10 53 16 543
4 0 98 99 03 25 10 10 53 17 742
4 0 98 99 03 25 10 10 53 18 442
4 0 99 99 03 25 10 10 53 19 642
4 0 98 99 03 25 10 10 53 20 442
4 0 98 99 03 25 10 10 53 21 641
4 0 98 99 03 25 10 10 53 22 840
4 0 98 99 03 25 10 10 53 23 640
4 0 98 99 03 25 10 10 53 24 740
4 0 98 99 03 25 10 10 53 25 539
4 0 98 99 03 25 10 10 53 26 739
4 0 98 99 03 25 10 10 53 27 539
4 0 98 99 03 25 10 10 53 28 738
4 0 98 99 03 25 10 10 53 29 538
