6 20 25,0 52,0 100661 17 650 0,01 0,0 15,0 16,0 17,0 1 2 1,0 2,0 25/10/2022 16 41 46 45,4781539 9,2315501
6 22 26,0 52,0 100662 17 611 0,01 0,0 0,0 0,0 0,0 0 1 2,0 0,0 25/10/2022 16 42 18 45,4781549 9,23155
6 22 26,0 51,0 100663 162 609 0,01 0,0 16,0 16,0 16,0 1 2 2,0 2,0 25/10/2022 16 42 34 45,478155 9,23155
6 23 26,0 51,0 100664 379 579 0,01 0,0 20,0 21,0 21,0 1 2 1,0 2,0 25/10/2022 16 42 58 45,4782067 9,231575
6 24 27,0 51,0 100665 737 587 0,01 0,0 20,0 21,0 21,0 1 1 2,0 1,0 25/10/2022 16 43 30 45,4782067 9,231575
6 25 27,0 51,0 100666 969 578 0,01 0,0 13,0 14,0 15,0 1 2 2,0 2,0 25/10/2022 16 43 46 45,4782067 9,231575
6 26 28,0 50,0 100667 1098 572 0,01 0,0 13,0 14,0 15,0 1 1 1,0 2,0 25/10/2022 16 44 10 45,4782067 9,231575
6 27 28,0 50,0 100668 1446 593 0,01 0,0 13,0 14,0 15,0 1 2 2,0 2,0 25/10/2022 16 44 46 45,4782067 9,231575
6 28 28,0 50,0 100669 1445 576 0,01 0,0 14,0 16,0 17,0 1 2 1,0 2,0 25/10/2022 16 45 12 45,4782067 9,231575
6 29 28,0 49,0 100670 1430 571 0,01 0,0 13,0 14,0 15,0 1 1 1,0 1,0 25/10/2022 16 45 50 45,4782067 9,231575
6 30 29,0 49,0 100671 1213 567 0,01 0,0 15,0 16,0 16,0 1 2 2,0 2,0 25/10/2022 16 46 2 45,4782067 9,231575
6 31 29,0 48,0 100672 1381 583 0,01 0,0 12,0 13,0 13,0 1 1 2,0 1,0 25/10/2022 16 46 26 45,4782067 9,231575
6 32 29,0 48,0 100673 1600 555 0,01 0,0 13,0 14,0 14,0 1 2 2,0 2,0 25/10/2022 16 46 50 45,4782067 9,231575
