4 0 98 97 01 25 10 16 42 13 367
4 0 97 97 01 25 10 16 42 14 567
4 0 97 97 01 25 10 16 42 15 366
4 0 97 97 01 25 10 16 42 16 166
4 0 98 97 01 25 10 16 42 17 365
4 0 98 97 01 25 10 16 42 18 165
4 0 99 97 01 25 10 16 42 19 365
4 0 100 97 01 25 10 16 42 20 164
4 0 100 97 01 25 10 16 42 21 364
4 0 100 97 01 25 10 16 42 22 163
4 0 100 97 01 25 10 16 42 23 363
4 0 99 97 01 25 10 16 42 24 163
4 0 99 97 01 25 10 16 42 25 362
4 0 99 97 01 25 10 16 42 26 162
4 0 99 97 01 25 10 16 42 27 361
4 0 99 97 01 25 10 16 42 28 161
4 0 99 97 01 25 10 16 42 29 361
4 0 99 97 01 25 10 16 42 30 160
4 0 99 97 01 25 10 16 42 31 360
4 0 99 97 01 25 10 16 42 32 160
4 0 99 97 01 25 10 16 42 33 359
4 0 99 97 01 25 10 16 42 34 159
4 0 98 97 01 25 10 16 42 35 359
4 0 98 97 01 25 10 16 42 36 158
4 0 99 97 01 25 10 16 42 37 357
4 0 99 97 01 25 10 16 42 38 157
4 0 99 97 01 25 10 16 42 39 356
4 0 99 97 01 25 10 16 42 40 155
4 0 99 97 01 25 10 16 42 41 355
4 0 99 97 01 25 10 16 42 42 154
4 0 99 97 01 25 10 16 42 43 354
4 0 99 97 01 25 10 16 42 44 153
4 0 99 97 01 25 10 16 42 45 352
4 0 99 97 01 25 10 16 42 46 152
4 0 99 97 01 25 10 16 42 47 351
4 0 99 97 01 25 10 16 42 48 150
4 0 98 97 01 25 10 16 42 49 349
4 0 98 97 01 25 10 16 42 50 149
4 0 98 97 01 25 10 16 42 51 248
4 0 98 97 01 25 10 16 42 52 48
4 0 98 97 01 25 10 16 42 53 247
4 0 98 97 01 25 10 16 42 54 47
4 0 98 97 01 25 10 16 42 55 147
4 0 98 97 01 25 10 16 42 56 346
4 0 98 97 01 25 10 16 42 57 46
4 0 98 97 01 25 10 16 42 58 246
4 0 98 97 01 25 10 16 42 59 345
4 0 98 97 01 25 10 16 43 0 145
4 0 98 97 01 25 10 16 43 1 245
4 0 98 97 01 25 10 16 43 2 44
4 0 98 97 01 25 10 16 43 3 143
4 0 98 97 01 25 10 16 43 4 342
4 0 99 97 01 25 10 16 43 5 42
4 0 99 97 01 25 10 16 43 6 242
4 0 99 97 01 25 10 16 43 7 41
4 0 99 97 01 25 10 16 43 8 241
4 0 99 97 01 25 10 16 43 9 40
4 0 99 97 01 25 10 16 43 10 240
4 0 99 97 01 25 10 16 43 11 340
4 0 99 97 01 25 10 16 43 12 139
4 0 99 97 01 25 10 16 43 13 739
4 0 99 97 01 25 10 16 43 14 139
4 0 99 97 01 25 10 16 43 15 338
4 0 100 97 01 25 10 16 43 16 138
4 0 100 97 01 25 10 16 43 17 237
4 0 100 97 01 25 10 16 43 18 37
4 0 101 97 01 25 10 16 43 19 236
4 0 101 97 01 25 10 16 43 20 36
4 0 102 97 01 25 10 16 43 21 235
4 0 102 97 01 25 10 16 43 24 334
4 0 103 97 01 25 10 16 43 25 134
4 0 103 97 01 25 10 16 43 26 333
4 0 103 97 01 25 10 16 43 27 133
4 0 103 97 01 25 10 16 43 28 332
4 0 102 97 01 25 10 16 43 29 132
4 0 102 97 01 25 10 16 43 30 332
4 0 102 97 01 25 10 16 43 31 131
4 0 102 97 01 25 10 16 43 32 330
4 0 102 97 01 25 10 16 43 33 130
4 0 102 97 01 25 10 16 43 34 330
4 0 102 97 01 25 10 16 43 35 129
4 0 102 97 01 25 10 16 43 36 328
4 0 102 97 01 25 10 16 43 37 128
4 0 102 97 01 25 10 16 43 38 327
4 0 102 97 01 25 10 16 43 39 127
4 0 102 97 01 25 10 16 43 40 326
4 0 102 97 01 25 10 16 43 41 126
4 0 102 97 01 25 10 16 43 42 326
4 0 102 97 01 25 10 16 43 43 124
4 0 102 97 01 25 10 16 43 44 324
4 0 101 97 01 25 10 16 43 45 125
4 0 101 97 01 25 10 16 43 46 323
4 0 101 97 01 25 10 16 43 47 122
4 0 101 97 01 25 10 16 43 48 321
4 0 101 97 01 25 10 16 43 49 121
4 0 101 97 01 25 10 16 43 50 320
4 0 101 97 01 25 10 16 43 51 120
4 0 101 97 01 25 10 16 43 52 319
4 0 100 97 01 25 10 16 43 53 119
4 0 100 97 01 25 10 16 43 54 318
4 0 100 97 01 25 10 16 43 55 118
4 0 99 97 01 25 10 16 43 56 318
4 0 99 97 01 25 10 16 43 57 117
4 0 99 97 01 25 10 16 43 58 317
4 0 99 97 01 25 10 16 43 59 117
4 0 99 97 01 25 10 16 44 0 316
4 0 98 97 01 25 10 16 44 1 116
4 0 98 97 01 25 10 16 44 2 315
4 0 98 97 01 25 10 16 44 4 214
4 0 98 97 01 25 10 16 44 5 13
4 0 98 97 01 25 10 16 44 6 213
4 0 98 97 01 25 10 16 44 7 312
4 0 99 97 01 25 10 16 44 8 112
4 0 99 97 01 25 10 16 44 9 312
4 0 99 97 01 25 10 16 44 10 111
4 0 99 97 01 25 10 16 44 11 210
4 0 99 97 01 25 10 16 44 12 10
4 0 100 97 01 25 10 16 44 13 109
4 0 100 97 01 25 10 16 44 14 308
4 0 100 97 01 25 10 16 44 15 8
4 0 100 97 01 25 10 16 44 16 607
4 0 100 97 01 25 10 16 44 17 307
4 0 100 97 01 25 10 16 44 18 106
4 0 100 97 01 25 10 16 44 19 306
4 0 100 97 01 25 10 16 44 20 105
4 0 100 97 01 25 10 16 44 21 305
4 0 100 97 01 25 10 16 44 22 104
4 0 100 97 01 25 10 16 44 25 202
4 0 99 97 01 25 10 16 44 26 401
4 0 100 97 01 25 10 16 44 27 201
4 0 100 97 01 25 10 16 44 28 1
4 0 99 97 01 25 10 16 44 29 100
4 0 99 97 01 25 10 16 44 30 300
4 0 99 97 01 25 10 16 44 31 100
4 0 99 97 01 25 10 16 44 32 299
4 0 99 97 01 25 10 16 44 34 299
4 0 99 97 01 25 10 16 44 34 998
4 0 99 97 01 25 10 16 44 36 198
4 0 98 97 01 25 10 16 44 38 197
4 0 98 97 01 25 10 16 44 38 997
4 0 98 97 01 25 10 16 44 40 196
4 0 98 97 01 25 10 16 44 40 996
4 0 98 97 01 25 10 16 44 42 195
4 0 98 97 01 25 10 16 44 42 995
4 0 98 97 01 25 10 16 44 44 194
4 0 98 97 01 25 10 16 44 44 994
4 0 98 97 01 25 10 16 44 46 193
4 0 98 97 01 25 10 16 44 46 993
4 0 97 97 01 25 10 16 44 48 192
4 0 97 97 01 25 10 16 44 48 992
4 0 96 97 01 25 10 16 44 50 191
4 0 96 97 01 25 10 16 44 50 990
4 0 95 97 01 25 10 16 44 52 190
4 0 95 97 01 25 10 16 44 52 989
4 0 94 97 01 25 10 16 44 54 189
4 0 94 97 01 25 10 16 44 54 988
4 0 95 97 03 25 10 16 44 56 187
4 0 96 97 03 25 10 16 44 56 987
4 0 96 97 03 25 10 16 44 58 186
4 0 96 97 03 25 10 16 44 58 986
4 0 96 97 03 25 10 16 45 0 185
4 0 97 97 03 25 10 16 45 0 985
4 0 97 97 03 25 10 16 45 2 584
4 0 97 97 03 25 10 16 45 2 983
4 0 97 97 03 25 10 16 45 4 183
4 0 97 97 03 25 10 16 45 4 983
4 0 97 97 03 25 10 16 45 6 182
4 0 98 97 03 25 10 16 45 6 981
4 0 98 97 03 25 10 16 45 8 980
4 0 98 97 03 25 10 16 45 10 180
4 0 98 97 03 25 10 16 45 10 979
4 0 98 97 03 25 10 16 45 12 178
4 0 98 97 03 25 10 16 45 13 277
4 0 97 97 03 25 10 16 45 14 77
4 0 97 97 03 25 10 16 45 15 276
4 0 97 97 03 25 10 16 45 16 76
4 0 98 97 03 25 10 16 45 17 175
4 0 98 97 03 25 10 16 45 17 974
4 0 98 97 03 25 10 16 45 19 74
4 0 98 97 03 25 10 16 45 20 273
4 0 98 97 03 25 10 16 45 20 973
4 0 98 97 03 25 10 16 45 22 172
4 0 98 97 03 25 10 16 45 23 271
4 0 98 97 03 25 10 16 45 24 71
4 0 98 97 03 25 10 16 45 25 270
4 0 97 97 03 25 10 16 45 26 70
4 0 97 97 03 25 10 16 45 28 69
4 0 97 97 03 25 10 16 45 29 169
4 0 97 97 03 25 10 16 45 29 969
4 0 97 97 03 25 10 16 45 31 170
4 0 97 97 03 25 10 16 45 31 968
4 0 97 97 03 25 10 16 45 33 167
4 0 97 97 03 25 10 16 45 33 967
4 0 97 97 03 25 10 16 45 35 66
4 0 97 97 03 25 10 16 45 36 266
4 0 97 97 03 25 10 16 45 37 66
4 0 97 97 03 25 10 16 45 38 265
4 0 96 97 03 25 10 16 45 39 65
4 0 96 97 03 25 10 16 45 40 264
4 0 96 97 03 25 10 16 45 40 964
4 0 95 97 03 25 10 16 45 42 164
4 0 95 97 03 25 10 16 45 42 963
4 0 95 97 03 25 10 16 45 44 163
4 0 95 97 03 25 10 16 45 44 962
4 0 94 97 03 25 10 16 45 46 161
4 0 95 97 03 25 10 16 45 47 261
4 0 95 97 03 25 10 16 45 48 460
4 0 95 97 03 25 10 16 45 49 260
4 0 95 97 03 25 10 16 45 50 59
4 0 95 97 03 25 10 16 45 51 258
4 0 95 97 03 25 10 16 45 52 58
4 0 95 97 03 25 10 16 45 53 257
4 0 94 97 03 25 10 16 45 54 59
4 0 94 97 03 25 10 16 45 55 256
4 0 94 97 03 25 10 16 45 56 55
4 0 94 97 03 25 10 16 45 57 254
4 0 94 97 03 25 10 16 45 58 54
4 0 93 97 03 25 10 16 45 59 254
4 0 93 97 03 25 10 16 46 0 53
4 0 93 97 03 25 10 16 46 1 252
4 0 92 97 03 25 10 16 46 2 52
4 0 92 97 03 25 10 16 46 3 251
4 0 91 97 03 25 10 16 46 5 250
4 0 90 97 03 25 10 16 46 6 49
4 0 89 97 03 25 10 16 46 8 48
4 0 88 97 03 25 10 16 46 9 247
4 0 87 97 03 25 10 16 46 10 46
4 0 87 97 03 25 10 16 46 11 246
4 0 87 97 03 25 10 16 46 12 45
4 0 87 97 03 25 10 16 46 13 244
4 0 87 97 03 25 10 16 46 14 44
4 0 86 97 03 25 10 16 46 15 143
4 0 86 97 03 25 10 16 46 15 943
4 0 85 97 03 25 10 16 46 17 542
4 0 84 97 03 25 10 16 46 17 941
4 0 84 97 03 25 10 16 46 19 41
4 0 83 97 03 25 10 16 46 20 240
4 0 83 97 03 25 10 16 46 20 940
4 0 83 97 03 25 10 16 46 22 139
4 0 83 97 03 25 10 16 46 23 238
4 0 82 97 03 25 10 16 46 24 38
4 0 82 97 03 25 10 16 46 25 137
4 0 82 97 03 25 10 16 46 25 937
4 0 82 97 03 25 10 16 46 27 36
4 0 82 97 03 25 10 16 46 28 235
4 0 82 97 03 25 10 16 46 28 935
4 0 82 97 03 25 10 16 46 30 134
4 0 82 97 03 25 10 16 46 31 333
4 0 82 97 03 25 10 16 46 32 133
4 0 82 97 03 25 10 16 46 32 932
4 0 81 97 03 25 10 16 46 34 131
4 0 81 97 03 25 10 16 46 36 30
4 0 81 97 03 25 10 16 46 39 229
4 0 81 97 03 25 10 16 46 40 28
4 0 81 97 03 25 10 16 46 41 128
4 0 81 97 03 25 10 16 46 41 927
4 0 81 97 03 25 10 16 46 43 126
4 0 81 97 03 25 10 16 46 43 926
4 0 81 97 03 25 10 16 46 45 126
4 0 79 97 03 25 10 16 46 47 124
4 0 78 97 03 25 10 16 46 47 924
4 0 78 97 03 25 10 16 46 49 124
4 0 78 97 03 25 10 16 46 49 923
4 0 78 97 03 25 10 16 46 51 122
4 0 78 97 03 25 10 16 46 51 922
4 0 78 97 03 25 10 16 46 53 121
4 0 78 97 03 25 10 16 46 53 921
4 0 78 97 03 25 10 16 46 55 121
4 0 78 97 03 25 10 16 46 55 920
4 0 78 97 03 25 10 16 46 57 120
4 0 79 97 03 25 10 16 46 57 919
4 0 83 97 03 25 10 16 46 59 119
4 0 83 97 03 25 10 16 46 59 918
4 0 83 97 03 25 10 16 47 1 117
4 0 84 97 03 25 10 16 47 1 917
4 0 84 97 03 25 10 16 47 3 916
4 0 85 97 03 25 10 16 47 5 115
4 0 85 97 03 25 10 16 47 5 914
4 0 85 97 03 25 10 16 47 7 114
4 0 85 97 03 25 10 16 47 7 913
4 0 85 97 03 25 10 16 47 9 112
4 0 85 97 03 25 10 16 47 9 912
4 0 85 97 03 25 10 16 47 11 510
4 0 85 97 03 25 10 16 47 11 910
4 0 84 97 03 25 10 16 47 13 510
4 0 84 97 03 25 10 16 47 13 909
4 0 84 97 03 25 10 16 47 15 109
4 0 84 97 03 25 10 16 47 15 908
4 0 83 97 03 25 10 16 47 17 107
4 0 83 97 03 25 10 16 47 17 907
4 0 83 97 03 25 10 16 47 19 106
4 0 83 97 03 25 10 16 47 19 906
4 0 84 97 03 25 10 16 47 21 105
4 0 85 97 03 25 10 16 47 21 904
4 0 85 97 03 25 10 16 47 23 4
4 0 85 97 03 25 10 16 47 24 203
4 0 86 97 03 25 10 16 47 25 3
4 0 86 97 03 25 10 16 47 26 202
4 0 85 97 03 25 10 16 47 26 902
4 0 85 97 03 25 10 16 47 28 101
4 0 85 97 03 25 10 16 47 29 200
4 0 85 97 03 25 10 16 47 29 999
4 0 85 97 03 25 10 16 47 31 99
4 0 85 97 01 25 10 16 47 31 899
4 0 85 97 01 25 10 16 47 32 998
