ID Patient: Soggetto1
Info recording: 
Real time postures and extra info recording:
Recording started at: 20:10:15:30:56:863

START:
6;0;0;0;0;0;0;0;0;0;0;0;0;0;0;0;0;0;0;0;
6;0;0;0;0;0;0;0;0;0;0;0;0;0;0;0;0;0;0;0;
6;0;0;0;0;0;0;0;0;0;0;0;0;0;0;0;20/10/2022;15:31:4;45.4720747;9.2272619
6;27;0;0;0;0;0;0;0;0;0;0;0;0;0;0;20/10/2022;15:31:8;45.4720747;9.2272619
6;27;29.0;46.0;100770;717;708;0.01;0.0;32.0;35.0;35.0;1;1;1;1;20/10/2022;15:31:18;45.4719523;9.2272985;
6;28;30.0;45.0;100770;483;701;0.01;12.76;32.0;35.0;35.0;1;1;1;1;20/10/2022;15:31:38;45.4720088;9.227215;
6;29;30.0;45.0;100769;351;740;0.01;0.0;32.0;35.0;35.0;1;1;2;1;20/10/2022;15:31:50;45.4720442;9.2272245;
6;30;30.0;44.0;100769;428;731;0.01;0.0;17.0;18.0;18.0;1;2;2;2;20/10/2022;15:32:14;45.4721369;9.2272824;
6;31;29.0;44.0;100772;370;771;0.01;0.0;17.0;18.0;18.0;1;2;2;2;20/10/2022;15:32:38;45.4721234;9.2273033;
6;32;29.0;43.0;100778;127;635;0.01;0.0;17.0;18.0;18.0;1;3;3;2;20/10/2022;15:33:8;45.47234;9.2273007;
6;33;29.0;42.0;100784;0;572;0.01;0.0;34.0;36.0;36.0;1;2;1;2;20/10/2022;15:33:42;45.4725589;9.2275402;
6;34;29.0;42.0;100789;0;554;0.01;0.0;39.0;41.0;41.0;1;1;2;2;20/10/2022;15:34:2;45.4725692;9.2279189;
6;36;0;0;0;0;568;0.01;0.0;37.0;39.0;39.0;1;0;2;1;20/10/2022;15:34:30;45.4725802;9.2283918
6;36;27.0;43.0;100800;0;508;0.01;0.0;37.0;40.0;41.0;1;2;2;1;20/10/2022;15:34:50;45.4725877;9.2287374;
6;37;27.0;43.0;100805;3;536;0.01;0.0;33.0;35.0;35.0;2;2;2;2;20/10/2022;15:35:14;45.4725998;9.2290893;
6;38;27.0;44.0;100809;2;489;0.01;0.0;33.0;35.0;35.0;1;1;1;2;20/10/2022;15:35:40;45.4725953;9.2295367;
6;39;26.0;44.0;100814;9;568;0.01;0.0;33.0;35.0;35.0;1;2;1;2;20/10/2022;15:36:4;45.4725152;9.2298318;
6;40;27.0;44.0;100818;53;491;0.01;0.0;44.0;47.0;47.0;1;1;2;1;20/10/2022;15:36:32;45.4724199;9.230078;
6;41;27.0;44.0;100822;89;545;0.01;0.0;44.0;47.0;47.0;1;2;2;2;20/10/2022;15:36:48;45.4724645;9.2302754;
6;42;26.0;45.0;100825;133;501;0.01;0.0;32.0;34.0;34.0;1;2;1;2;20/10/2022;15:37:12;45.4726063;9.2305487;
6;43;26.0;45.0;100828;45;517;0.01;12.76;33.0;34.0;34.0;1;2;2;2;20/10/2022;15:37:38;45.4726184;9.2310668;
6;44;26.0;45.0;100832;45;553;0.01;0.0;33.0;34.0;34.0;1;2;2;2;20/10/2022;15:38:4;45.4726206;9.2314483;
6;45;25.0;46.0;100834;16;476;0.01;0.0;24.0;26.0;26.0;1;2;1;2;20/10/2022;15:38:42;45.4726411;9.2320919;
6;46;25.0;47.0;100837;0;517;0.01;12.76;23.0;25.0;25.0;1;1;1;1;20/10/2022;15:39:12;45.4726471;9.2325706;
6;47;25.0;47.0;100840;0;512;0.01;12.76;38.0;41.0;41.0;1;2;1;2;20/10/2022;15:39:24;45.4726376;9.2327275;
6;48;25.0;48.0;100843;0;494;0.01;0.0;30.0;31.0;31.0;2;2;1;2;20/10/2022;15:39:48;45.4726365;9.2330901;
6;49;24.0;48.0;100845;0;520;0.01;0.0;47.0;50.0;50.0;1;2;1;2;20/10/2022;15:40:14;45.4726421;9.2335344;
6;50;24.0;48.0;100847;0;440;0.01;0.0;47.0;49.0;49.0;1;2;1;2;20/10/2022;15:40:40;45.4726397;9.2339077;
6;52;25.0;48.0;100849;0;467;0.01;0.0;0;0;0;0;1;2;0;20/10/2022;15:41:8;45.4726949;9.2342596
6;52;25.0;47.0;100851;0;503;0.01;0.0;42.0;44.0;44.0;1;2;1;2;20/10/2022;15:41:24;45.4727886;9.2343326;
6;53;25.0;47.0;100853;0;479;0.01;0.0;42.0;44.0;44.0;1;2;2;1;20/10/2022;15:41:54;45.472988;9.234315;
6;54;25.0;47.0;100855;6;487;0.01;0.0;22.0;24.0;26.0;1;1;2;2;20/10/2022;15:42:14;45.473238;9.2343238;
6;55;25.0;47.0;100856;10;530;0.01;0.0;23.0;25.0;27.0;2;1;1;2;20/10/2022;15:42:42;45.4733471;9.2345003;
6;0;0;0;0;0;0;0;0;0;0;0;0;0;0;0;0;0;0;0;
