ID Patient: Soggetto1
Info recording: 
Real time postures and extra info recording:
Recording started at: 20:10:15:51:10:540

START:
6;0;0;0;0;0;0;0;0;0;0;0;0;0;0;0;0;0;0;0;
6;0;0;0;0;0;0;0;0;0;0;0;0;0;0;0;20/10/2022;15:51:14;45.4730256;9.2342948
6;11;0;0;0;0;0;0;0;0;0;0;0;0;0;0;20/10/2022;15:51:18;45.4729193;9.2347731
6;11;28.0;42.0;100870;491;526;0.01;12.76;33.0;35.0;35.0;1;2;2;1;20/10/2022;15:51:26;45.4730766;9.2344733;
6;12;28.0;42.0;100869;443;555;0.01;0.0;33.0;35.0;35.0;1;2;1;2;20/10/2022;15:51:52;45.4733976;9.2344906;
6;13;28.0;42.0;100869;409;575;0.01;0.0;45.0;48.0;49.0;1;2;2;2;20/10/2022;15:52:18;45.4735829;9.234455;
6;15;0;0;0;328;574;0.01;0.0;44.0;48.0;49.0;1;0;1;1;20/10/2022;15:52:56;45.4740134;9.2344901
6;15;28.0;42.0;100868;237;514;0.01;12.76;44.0;48.0;49.0;1;3;2;3;20/10/2022;15:53:4;45.4741265;9.2344796;
6;16;27.0;44.0;100868;164;547;0.01;0.0;22.0;26.0;29.0;1;2;1;1;20/10/2022;15:53:38;45.4745527;9.2344529;
6;17;26.0;45.0;100868;63;492;0.01;0.0;31.0;34.0;34.0;1;2;1;2;20/10/2022;15:54:6;45.4749122;9.2344493;
6;18;26.0;45.0;100867;8;469;0.01;0.0;35.0;38.0;39.0;2;2;2;2;20/10/2022;15:54:28;45.4751658;9.2344585;
6;19;26.0;45.0;100866;0;505;0.01;0.0;35.0;37.0;37.0;1;2;2;2;20/10/2022;15:54:52;45.4754383;9.2344362;
6;20;26.0;45.0;100866;18;533;0.01;0.0;36.0;38.0;38.0;1;1;2;1;20/10/2022;15:55:18;45.475747;9.2344351;
6;21;26.0;45.0;100865;59;449;0.01;12.76;36.0;38.0;38.0;1;1;2;2;20/10/2022;15:55:40;45.4760034;9.2344094;
6;22;26.0;45.0;100864;91;511;0.01;12.76;40.0;42.0;42.0;1;2;2;2;20/10/2022;15:56:0;45.4762346;9.2344227;
6;23;26.0;46.0;100864;119;513;0.01;12.76;32.0;34.0;34.0;1;1;2;1;20/10/2022;15:56:28;45.4765559;9.2344313;
6;24;26.0;46.0;100863;27;527;0.01;0.0;32.0;34.0;34.0;1;2;2;2;20/10/2022;15:56:48;45.476804;9.2343961;
6;25;26.0;46.0;100862;21;445;0.01;0.0;31.0;33.0;33.0;1;2;2;2;20/10/2022;15:57:14;45.4771159;9.2344305;
6;26;26.0;46.0;100862;1;536;0.01;0.0;31.0;33.0;33.0;1;1;2;2;20/10/2022;15:57:38;45.4774061;9.2344225;
6;27;26.0;46.0;100861;1;425;0.01;0.0;31.0;33.0;33.0;1;3;2;2;20/10/2022;15:58:4;45.4776722;9.234427;
6;28;25.0;47.0;100860;4;546;0.01;0.0;37.0;39.0;39.0;1;2;2;2;20/10/2022;15:58:40;45.4780213;9.2344176;
6;29;25.0;47.0;100860;7;532;0.01;0.0;35.0;37.0;37.0;1;2;1;2;20/10/2022;15:59:8;45.4783891;9.2343778;
6;30;25.0;46.0;100859;24;556;0.01;0.0;31.0;33.0;34.0;1;1;2;2;20/10/2022;15:59:28;45.478613;9.2343775;
6;31;25.0;46.0;100859;39;514;0.01;0.0;26.0;27.0;27.0;2;2;2;2;20/10/2022;15:59:52;45.4788919;9.2344334;
6;32;25.0;46.0;100858;5;457;0.01;0.0;41.0;44.0;46.0;1;1;1;1;20/10/2022;16:0:24;45.4792591;9.2344026;
6;33;25.0;46.0;100858;0;455;0.01;0.0;41.0;44.0;46.0;1;2;1;1;20/10/2022;16:0:46;45.4795095;9.2343979;
6;34;25.0;47.0;100857;3;472;0.01;0.0;38.0;42.0;44.0;1;1;2;1;20/10/2022;16:1:6;45.4797117;9.2343775;
6;35;25.0;47.0;100857;43;513;0.01;0.0;28.0;30.0;30.0;2;2;2;2;20/10/2022;16:1:26;45.4798697;9.2343916;
