ID Patient: Soggetto1
Info recording: 
Real time postures and extra info recording:
Recording started at: 20:10:16:08:59:116

START:
6;51;0;0;0;0;0;0;0;0;0;0;0;0;0;0;20/10/2022;16:8:59;45.4804619;9.2344127
6;53;0;0;0;848;531;0.01;0.0;0;0;0;0;0;1;0;20/10/2022;16:9:3;45.4803637;9.2342966
6;53;27.0;43.0;100843;450;543;0.01;0.0;31.0;33.0;35.0;1;2;1;2;20/10/2022;16:9:7;45.4803611;9.2343072;
6;54;27.0;43.0;100842;386;475;0.01;0.0;35.0;38.0;38.0;1;1;2;2;20/10/2022;16:9:33;45.4805875;9.234392;
6;55;27.0;43.0;100841;712;551;0.01;0.0;45.0;49.0;52.0;1;2;2;1;20/10/2022;16:9:55;45.4807821;9.2343723;
6;56;27.0;43.0;100840;271;502;0.01;0.0;38.0;40.0;40.0;1;2;2;2;20/10/2022;16:10:19;45.4810616;9.2343704;
6;57;27.0;43.0;100840;182;480;0.01;0.0;38.0;41.0;41.0;1;1;1;1;20/10/2022;16:10:55;45.4814454;9.2343464;
6;59;26.0;44.0;100839;0;0;0;0;23.0;26.0;28.0;1;2;0;2;20/10/2022;16:11:11;45.481617;9.2343283
6;59;26.0;44.0;100838;103;568;0.01;0.0;41.0;43.0;43.0;2;1;2;1;20/10/2022;16:11:33;45.4818696;9.2343539;
6;60;26.0;44.0;100837;93;521;0.01;0.0;41.0;43.0;43.0;1;2;2;1;20/10/2022;16:11:55;45.4820804;9.2342958;
6;61;26.0;44.0;100836;96;440;0.01;0.0;37.0;40.0;40.0;2;1;2;2;20/10/2022;16:12:19;45.4823515;9.2343531;
6;62;26.0;45.0;100835;96;527;0.01;12.76;37.0;39.0;39.0;1;2;2;1;20/10/2022;16:12:39;45.4825513;9.234293;
6;63;26.0;45.0;100834;93;484;0.01;0.0;37.0;39.0;39.0;1;2;2;3;20/10/2022;16:13:9;45.4828548;9.2343597;
6;2;0;0;0;56;514;0.01;12.76;27.0;29.0;29.0;1;0;2;1;20/10/2022;16:13:49;45.4832297;9.2343315
6;2;25.0;45.0;100832;80;538;0.01;12.76;37.0;39.0;39.0;1;2;2;2;20/10/2022;16:14:1;45.4833782;9.2343295;
6;3;25.0;45.0;100831;59;576;0.01;0.0;35.0;37.0;38.0;2;2;2;1;20/10/2022;16:14:33;45.4837433;9.2342852;
6;4;26.0;45.0;100830;68;490;0.01;0.0;31.0;34.0;36.0;1;2;1;1;20/10/2022;16:14:53;45.483947;9.234303;
6;5;26.0;45.0;100829;64;644;0.01;0.0;39.0;41.0;41.0;1;1;2;2;20/10/2022;16:15:19;45.4841464;9.2343906;
6;6;26.0;45.0;100828;61;577;0.01;0.0;39.0;41.0;41.0;2;1;2;2;20/10/2022;16:15:41;45.4842307;9.2346511;
6;7;25.0;46.0;100827;7;601;0.01;0.0;28.0;31.0;33.0;1;1;2;2;20/10/2022;16:16:7;45.4844184;9.2350458;
6;8;25.0;46.0;100826;0;630;0.01;0.0;34.0;35.0;35.0;2;1;2;1;20/10/2022;16:16:35;45.4845101;9.2353944;
6;9;25.0;47.0;100825;0;513;0.01;0.0;34.0;35.0;35.0;1;2;1;2;20/10/2022;16:16:51;45.4846142;9.2356273;
6;10;25.0;47.0;100824;0;534;0.01;0.0;38.0;41.0;41.0;1;2;1;2;20/10/2022;16:17:17;45.4848096;9.2359534;
