ID Patient: Soggetto1
Info recording: 
Real time postures and extra info recording:
Recording started at: 20:10:16:23:55:647

START:
6;0;0;0;0;0;0;0;0;0;0;0;0;0;0;0;0;0;0;0;
6;0;0;0;0;0;0;0;0;0;0;0;0;0;0;0;0;0;0;0;
6;0;0;0;0;0;0;0;0;0;0;0;0;0;0;0;20/10/2022;16:24:3;45.4849248;9.236103
6;25;0;0;0;0;0;0;0;0;0;0;0;0;0;0;20/10/2022;16:24:7;45.4848648;9.2361543
6;25;28.0;43.0;100815;930;554;0.01;0.0;37.0;39.0;39.0;1;1;1;1;20/10/2022;16:24:15;45.4848442;9.2360974;
6;26;28.0;43.0;100815;785;443;0.01;0.0;40.0;42.0;42.0;1;1;1;1;20/10/2022;16:24:31;45.4847829;9.2358498;
6;27;28.0;43.0;100815;431;506;0.01;0.0;33.0;35.0;35.0;1;2;1;1;20/10/2022;16:24:51;45.484669;9.2357261;
6;28;28.0;43.0;100815;255;600;0.01;0.0;35.0;37.0;37.0;2;2;2;2;20/10/2022;16:25:11;45.4845591;9.2357525;
6;29;27.0;43.0;100815;206;558;0.01;0.0;35.0;37.0;37.0;1;1;1;2;20/10/2022;16:25:41;45.4843399;9.2355506;
6;30;26.0;44.0;100816;150;550;0.01;0.0;34.0;37.0;37.0;1;2;2;2;20/10/2022;16:26:3;45.4842512;9.2352446;
6;31;26.0;44.0;100816;127;576;0.01;0.0;27.0;29.0;29.0;1;2;1;2;20/10/2022;16:26:33;45.4841166;9.2349063;
6;32;26.0;45.0;100816;131;596;0.01;0.0;27.0;29.0;29.0;2;1;2;1;20/10/2022;16:26:55;45.4839849;9.2345139;
6;33;25.0;46.0;100817;79;513;0.01;0.0;26.0;27.0;27.0;1;2;1;2;20/10/2022;16:27:15;45.4837791;9.2344483;
6;34;25.0;46.0;100817;23;507;0.01;0.0;26.0;27.0;27.0;1;1;1;1;20/10/2022;16:27:49;45.4833558;9.2343554;
6;35;24.0;47.0;100817;0;490;0.01;0.0;26.0;27.0;27.0;2;3;2;2;20/10/2022;16:28:1;45.4832385;9.2343503;
6;36;24.0;47.0;100818;0;518;0.01;0.0;25.0;26.0;26.0;1;2;2;2;20/10/2022;16:28:39;45.4828038;9.2343354;
6;38;0;0;0;0;450;0.01;0.0;35.0;38.0;39.0;1;0;1;1;20/10/2022;16:29:13;45.4824747;9.234349
6;38;24.0;47.0;100819;0;439;0.01;0.0;29.0;32.0;33.0;1;1;1;1;20/10/2022;16:29:31;45.482245;9.2343639;
6;39;24.0;48.0;100819;0;477;0.01;0.0;35.0;39.0;41.0;1;2;2;2;20/10/2022;16:29:47;45.4820634;9.234362;
6;40;24.0;48.0;100820;0;529;0.01;12.76;33.0;36.0;36.0;1;2;1;2;20/10/2022;16:30:13;45.4817601;9.2343608;
6;41;24.0;48.0;100820;16;464;0.01;12.76;33.0;36.0;36.0;1;2;1;2;20/10/2022;16:30:37;45.4814889;9.234352;
6;42;24.0;48.0;100821;24;502;0.01;0.0;38.0;40.0;40.0;1;2;2;2;20/10/2022;16:31:3;45.4812234;9.2343678;
6;43;25.0;48.0;100821;18;520;0.01;0.0;35.0;37.0;37.0;1;1;2;1;20/10/2022;16:31:31;45.4809943;9.2343843;
6;44;25.0;47.0;100822;47;539;0.01;0.0;35.0;37.0;37.0;1;2;2;2;20/10/2022;16:31:51;45.4807904;9.2344089;
6;45;24.0;48.0;100822;10;457;0.01;0.0;26.0;28.0;30.0;1;2;1;2;20/10/2022;16:32:17;45.480586;9.2343877;
6;46;25.0;48.0;100823;63;546;0.01;0.0;28.0;30.0;32.0;1;1;2;1;20/10/2022;16:32:37;45.4804896;9.2342181;
6;47;25.0;48.0;100824;166;522;0.01;0.0;28.0;30.0;32.0;1;3;3;3;20/10/2022;16:33:3;45.4803773;9.2342121;
6;48;25.0;48.0;100824;222;511;0.01;0.0;39.0;41.0;41.0;1;1;2;1;20/10/2022;16:33:43;45.4798839;9.2342687;
6;50;25.0;48.0;100825;120;500;0.01;0.0;0;0;0;0;2;2;0;20/10/2022;16:34:5;45.4796334;9.2342799
6;50;25.0;48.0;100826;61;437;0.01;0.0;40.0;42.0;42.0;1;2;1;2;20/10/2022;16:34:27;45.4793757;9.2342721;
6;51;24.0;48.0;100826;4;496;0.01;0.0;27.0;29.0;30.0;1;1;2;1;20/10/2022;16:34:51;45.4791097;9.2342916;
6;52;24.0;48.0;100827;0;458;0.01;0.0;30.0;31.0;31.0;1;2;2;2;20/10/2022;16:35:13;45.478861;9.2342763;
6;53;24.0;48.0;100827;0;423;0.01;0.0;30.0;31.0;31.0;1;2;2;1;20/10/2022;16:35:39;45.4785995;9.2342273;
6;54;24.0;48.0;100828;33;547;0.01;0.0;31.0;33.0;33.0;1;1;1;2;20/10/2022;16:36:9;45.4785511;9.2337727;
6;55;24.0;48.0;100828;67;519;0.01;0.0;37.0;39.0;39.0;1;1;2;1;20/10/2022;16:36:29;45.478535;9.2334436;
6;56;25.0;48.0;100829;62;421;0.01;0.0;37.0;39.0;39.0;1;2;2;2;20/10/2022;16:36:51;45.4785424;9.233098;
6;57;25.0;48.0;100830;49;489;0.01;0.0;30.0;35.0;40.0;1;1;1;1;20/10/2022;16:37:23;45.4785391;9.2326049;
6;58;25.0;47.0;100830;56;496;0.01;0.0;30.0;35.0;40.0;1;1;1;2;20/10/2022;16:37:35;45.4785409;9.2324065;
6;59;25.0;47.0;100830;44;498;0.01;0.0;30.0;35.0;40.0;1;3;3;3;20/10/2022;16:37:59;45.4785198;9.2320883;
6;60;25.0;47.0;100831;64;522;0.01;0.0;38.0;41.0;42.0;1;1;1;2;20/10/2022;16:38:45;45.4785304;9.2317437;
6;61;26.0;47.0;100831;236;577;0.01;0.0;39.0;42.0;43.0;1;2;2;2;20/10/2022;16:39:1;45.4785221;9.2317549;
6;62;26.0;47.0;100831;489;552;0.01;12.76;33.0;35.0;36.0;1;2;2;2;20/10/2022;16:39:27;45.4785217;9.2317587;
6;63;26.0;46.0;100831;497;481;0.01;0.0;32.0;35.0;35.0;1;1;1;1;20/10/2022;16:39:51;45.4784607;9.2316322;
6;0;0;0;0;0;0;0;0;0;0;0;0;0;0;0;0;0;0;0;
6;0;0;0;0;0;0;0;0;0;0;0;0;0;0;0;0;0;0;0;
6;0;0;0;0;0;0;0;0;0;0;0;0;0;0;0;0;0;0;0;
6;0;0;0;0;0;0;0;0;0;0;0;0;0;0;0;0;0;0;0;
6;0;0;0;0;0;0;0;0;0;0;0;0;0;0;0;0;0;0;0;
6;0;0;0;0;0;0;0;0;0;0;0;0;0;0;0;0;0;0;0;
