ID Patient: Soggetto1
Info recording: 
Real time postures and extra info recording:
Recording started at: 20:10:16:47:31:625

START:
6;0;0;0;0;0;0;0;0;0;0;0;0;0;0;0;0;0;0;0;
6;0;0;0;0;0;0;0;0;0;0;0;0;0;0;0;0;0;0;0;
6;0;0;0;0;0;0;0;0;0;0;0;0;0;0;0;20/10/2022;16:47:39;45.4782597;9.2314249
6;15;0;0;0;0;0;0;0;0;0;0;0;0;0;0;20/10/2022;16:47:43;45.4782558;9.2314726
6;15;28.0;42.0;100842;1054;536;0.01;12.76;34.0;36.0;36.0;1;1;1;1;20/10/2022;16:47:51;45.4782554;9.2314708;
6;16;28.0;42.0;100842;572;537;0.01;12.76;34.0;36.0;36.0;1;1;2;2;20/10/2022;16:48:9;45.4782725;9.2314386;
6;17;27.0;43.0;100842;463;554;0.01;0.0;30.0;32.0;33.0;1;2;2;2;20/10/2022;16:48:35;45.4784926;9.2315238;
6;18;27.0;43.0;100842;358;559;0.01;0.0;34.0;36.0;37.0;2;2;2;2;20/10/2022;16:48:59;45.478496;9.2312265;
6;19;27.0;43.0;100842;289;523;0.01;0.0;30.0;32.0;32.0;1;2;1;1;20/10/2022;16:49:31;45.4784956;9.230751;
6;20;26.0;44.0;100842;215;474;0.01;0.0;28.0;30.0;30.0;2;2;2;2;20/10/2022;16:49:47;45.4785415;9.2305147;
6;21;26.0;44.0;100841;406;492;0.01;0.0;31.0;33.0;33.0;1;2;1;2;20/10/2022;16:50:13;45.4784473;9.2301642;
6;22;26.0;44.0;100841;417;489;0.01;0.0;31.0;33.0;33.0;1;1;2;2;20/10/2022;16:50:41;45.4781897;9.2301522;
6;23;26.0;45.0;100841;325;521;0.01;12.76;27.0;30.0;32.0;1;2;2;2;20/10/2022;16:51:3;45.4781207;9.2301528;
6;24;26.0;45.0;100840;270;570;0.01;0.0;27.0;30.0;31.0;2;1;1;2;20/10/2022;16:51:35;45.4777666;9.2301313;
6;25;25.0;45.0;100840;196;523;0.01;0.0;27.0;30.0;31.0;1;2;2;2;20/10/2022;16:51:51;45.477588;9.2301536;
6;27;0;0;0;216;464;0.01;0.0;27.0;28.0;28.0;1;0;1;2;20/10/2022;16:52:21;45.4772389;9.2301316
6;27;25.0;46.0;100841;137;567;0.01;0.0;27.0;28.0;28.0;1;2;2;2;20/10/2022;16:52:37;45.4770418;9.2301333;
6;28;25.0;46.0;100841;61;523;0.01;0.0;27.0;28.0;28.0;1;3;1;3;20/10/2022;16:53:1;45.4768576;9.2301351;
6;30;0;0;0;201;439;0.01;0.0;39.0;41.0;41.0;2;0;2;1;20/10/2022;16:53:47;45.4768748;9.2297538
6;30;25.0;46.0;100841;259;511;0.01;0.0;29.0;31.0;31.0;2;1;2;1;20/10/2022;16:53:59;45.4768733;9.2295532;
6;31;25.0;47.0;100841;248;516;0.01;0.0;30.0;32.0;32.0;1;2;2;1;20/10/2022;16:54:23;45.476859;9.2291859;
6;32;25.0;47.0;100840;183;604;0.01;0.0;39.0;42.0;43.0;2;2;2;1;20/10/2022;16:54:47;45.476849;9.2288107;
6;33;25.0;47.0;100840;189;540;0.01;0.0;40.0;43.0;44.0;1;1;2;2;20/10/2022;16:55:15;45.476846;9.2283243;
6;34;24.0;47.0;100840;155;523;0.01;0.0;40.0;43.0;44.0;2;2;2;1;20/10/2022;16:55:39;45.4768428;9.2279367;
6;35;24.0;47.0;100839;109;490;0.01;0.0;29.0;31.0;31.0;1;2;2;2;20/10/2022;16:56:1;45.476839;9.2276107;
6;36;25.0;47.0;100839;91;503;0.01;0.0;37.0;39.0;39.0;1;1;2;2;20/10/2022;16:56:25;45.4768498;9.2272305;
6;38;25.0;47.0;100838;0;0;0;0;37.0;39.0;39.0;1;2;0;2;20/10/2022;16:56:51;45.4767923;9.2268592
6;38;25.0;47.0;100838;85;499;0.01;0.0;37.0;41.0;44.0;1;2;2;2;20/10/2022;16:57:13;45.476596;9.2266736;
6;39;24.0;47.0;100837;42;592;0.01;0.0;37.0;41.0;43.0;1;2;2;2;20/10/2022;16:57:41;45.4762592;9.2266588;
6;40;24.0;47.0;100837;0;461;0.01;0.0;37.0;41.0;43.0;1;1;2;2;20/10/2022;16:58:5;45.4759959;9.2266406;
6;41;25.0;47.0;100836;15;483;0.01;0.0;27.0;29.0;29.0;1;2;1;2;20/10/2022;16:58:37;45.4756091;9.226638;
6;42;25.0;47.0;100836;47;536;0.01;0.0;26.0;29.0;29.0;2;1;2;2;20/10/2022;16:59:5;45.4753227;9.2266706;
6;43;25.0;48.0;100835;85;530;0.01;0.0;33.0;35.0;35.0;2;2;2;2;20/10/2022;16:59:25;45.4750557;9.226657;
6;44;24.0;48.0;100835;172;485;0.01;0.0;24.0;26.0;26.0;1;2;2;2;20/10/2022;16:59:51;45.4747663;9.2266855;
6;45;24.0;48.0;100834;417;497;0.01;12.76;31.0;34.0;34.0;1;1;1;2;20/10/2022;17:0:17;45.474448;9.2267046;
6;46;24.0;48.0;100834;269;505;0.01;12.76;31.0;34.0;34.0;1;2;2;1;20/10/2022;17:0:37;45.4741821;9.2267361;
6;47;24.0;48.0;100834;150;501;0.01;0.0;34.0;36.0;36.0;1;1;2;2;20/10/2022;17:1:3;45.4738838;9.2266827;
6;48;24.0;48.0;100834;133;488;0.01;0.0;30.0;33.0;34.0;1;2;2;1;20/10/2022;17:1:29;45.473657;9.2268611;
6;49;24.0;48.0;100834;99;521;0.01;0.0;30.0;33.0;34.0;1;2;1;2;20/10/2022;17:1:53;45.4734589;9.2270289;
6;50;24.0;49.0;100833;78;496;0.01;0.0;32.0;35.0;35.0;1;1;2;1;20/10/2022;17:2:17;45.4733619;9.2272369;
6;51;24.0;49.0;100833;67;506;0.01;12.76;32.0;35.0;35.0;2;2;2;1;20/10/2022;17:2:35;45.4732489;9.2273165;
6;52;24.0;49.0;100834;78;494;0.01;0.0;32.0;35.0;35.0;2;3;3;2;20/10/2022;17:3:1;45.472943;9.2273421;
