41.43
30.00
17.14
31.58
33.33
35.29
19.35
20.69
19.35
20.00
30.00
33.33
40.00
40.00
40.00
40.00
20.00
20.69
19.35
20.00
20.00
19.35
37.50
40.00
37.50
20.00
20.00
18.75
18.75
37.50
19.35
19.35
19.35
28.57
17.14
19.35
18.18
17.65
19.35
17.65
18.18
33.33
35.29
19.35
37.50
35.29
17.14
16.67
15.38
31.58
36.40
30.00
14.29
18.18
11.54
11.54
17.65
19.35
35.29
18.18
19.35
19.35
19.35
37.50
35.29
17.65
18.75
19.35
16.67
18.75
37.50
19.35
37.50
11.11
7.23
27.27
31.58
35.29
37.50
30.00
18.18
18.75
19.35
19.35
8.96
37.50
19.35
17.65
19.35
19.35
19.35
18.18
35.29
16.22
19.35
37.50
37.50
19.35
30.00
18.18
31.58
37.50
37.50
37.50
40.00
37.50
