0.0 94.2
1.0 85.5
2.0 84.9
3.0 87.4
4.0 88.8
5.0 86.8
6.0 92.8
7.0 111.0
8.0 128.0
9.0 134.8
10.0 119.1
11.0 105.9
12.0 103.2
13.0 101.7
14.0 98.6
15.0 103.1
16.0 110.1
17.0 110.1
18.0 96.7
19.0 88.6
20.0 87.4
21.0 89.3
22.0 91.8
23.0 96.9
24.0 99.7
25.0 124.7
26.0 139.7
27.0 135.3
28.0 117.8
29.0 97.8
30.0 100.6
31.0 97.6
32.0 97.8
33.0 92.3
34.0 99.9
35.0 107.8
36.0 105.7
37.0 101.0
38.0 103.8
39.0 108.2
40.0 106.8
41.0 110.4
42.0 105.1
43.0 87.9
44.0 86.2
45.0 82.6
46.0 80.1
47.0 85.2
48.0 101.1
49.0 105.5
50.0 109.7
51.0 118.5
52.0 112.9
53.0 106.0
54.0 103.2
55.0 109.5
56.0 110.2
57.0 107.2
58.0 104.9
59.0 96.5
60.0 112.0
61.0 128.3
62.0 128.7
63.0 139.1
64.0 130.9
65.0 111.8
66.0 113.3
67.0 114.5
68.0 114.9
69.0 112.9
70.0 104.0
71.0 112.1
72.0 125.2
73.0 126.2
74.0 121.3
75.0 89.7
76.0 80.8
77.0 82.6
78.0 84.3
79.0 87.0
80.0 110.4
81.0 116.5
82.0 121.7
83.0 112.3
84.0 105.0
85.0 102.2
86.0 106.3
87.0 104.0
88.0 111.0
89.0 111.3
90.0 105.5
91.0 108.5
92.0 108.6
93.0 104.1
94.0 95.4
95.0 91.4
96.0 85.4
97.0 86.8
98.0 86.3
99.0 89.2
100.0 92.0
101.0 95.8
102.0 90.5
103.0 87.8
104.0 89.0
105.0 86.7
106.0 85.0
107.0 85.7
108.0 0.3
