0.00 533.95 1133.22 0.00 0.01 7.70 7.70 7.70
1.00 549.18 1166.57 0.00 0.01 4.77 4.40 4.77
2.00 541.42 1198.33 0.00 0.01 4.70 4.70 4.70
3.00 515.15 1210.87 0.00 0.01 3.93 3.93 3.93
4.00 488.35 1164.60 0.00 0.01 6.73 6.07 6.73
5.00 500.90 1187.45 0.00 0.01 7.68 7.68 7.68
6.00 270.10 1234.25 0.00 0.01 7.73 7.23 7.73
7.00 60.65 855.58 0.00 0.01 15.22 15.22 15.22
8.00 4.50 827.75 0.00 0.01 25.55 25.55 25.55
9.00 57.74 752.87 0.00 0.01 21.38 21.38 21.38
10.00 49.82 718.77 0.00 0.01 23.02 23.02 23.02
11.00 3.88 780.75 0.00 0.01 23.70 23.70 23.70
12.00 4.83 829.63 0.00 0.01 22.07 22.07 22.07
13.00 15.60 728.32 0.00 0.01 18.68 18.68 18.68
14.00 8.04 717.06 0.00 0.01 21.08 21.08 21.08
15.00 2.55 731.30 0.00 0.01 22.62 22.62 22.62
16.00 34.58 736.87 0.00 0.01 28.71 27.63 28.71
17.00 198.75 750.63 0.00 0.01 11.73 11.73 11.73
18.00 262.52 748.83 0.00 0.01 9.83 9.83 9.83
19.00 229.73 720.75 0.00 0.01 17.18 16.67 17.18
20.00 179.43 721.28 0.00 0.01 16.66 16.64 16.66
21.00 228.92 728.80 0.00 0.01 17.53 17.53 17.53
22.00 71.92 698.90 0.00 0.01 24.63 23.73 24.63
23.00 15.75 773.55 0.00 0.01 29.97 27.77 29.97
24.00 1.75 788.95 0.00 0.01 24.40 24.23 24.40
25.00 1.17 796.75 0.00 0.01 25.82 25.82 25.82
26.00 4.10 810.13 0.00 0.01 30.22 29.22 30.22
27.00 2.42 752.92 0.00 0.01 29.48 27.82 29.48
28.00 36.12 724.08 0.00 0.01 25.92 25.25 25.92
29.00 74.10 714.80 0.00 0.01 23.90 22.92 23.90
30.00 145.27 711.53 0.00 0.01 23.57 23.15 23.57
31.00 181.95 717.73 0.00 0.01 23.73 23.73 23.73
32.00 203.82 716.97 0.00 0.01 21.96 21.96 21.96
33.00 223.15 707.70 0.00 0.01 23.38 23.38 23.38
34.00 85.48 696.33 0.00 0.01 16.70 16.70 16.70
35.00 28.77 689.72 0.00 0.01 28.60 26.90 28.60
36.00 29.73 731.38 0.00 0.01 22.10 22.10 22.10
37.00 4.52 743.68 0.00 0.01 25.47 25.47 25.47
38.00 6.48 698.22 0.00 0.01 15.73 15.73 15.73
39.00 9.25 678.88 0.00 0.01 19.82 19.23 19.82
40.00 19.45 690.32 0.00 0.01 23.22 22.97 23.22
41.00 24.17 733.61 0.00 0.01 21.87 21.87 21.87
42.00 94.87 758.47 0.00 0.01 22.87 22.87 22.87
43.00 186.97 738.58 0.00 0.01 29.15 28.33 29.15
44.00 176.57 748.95 0.00 0.01 26.48 25.80 26.48
45.00 145.57 721.90 0.00 0.01 22.15 22.15 22.15
46.00 153.57 719.40 0.00 0.01 17.85 17.85 17.85
47.00 86.28 639.95 0.00 0.01 26.67 26.67 26.67
48.00 16.36 690.88 0.00 0.01 21.57 20.77 21.57
49.00 0.50 711.97 0.00 0.01 27.36 24.64 27.36
50.00 1.92 689.13 0.00 0.01 21.52 21.52 21.52
51.00 3.92 652.93 0.00 0.01 22.66 22.66 22.66
52.00 9.95 728.93 0.00 0.01 23.32 23.32 23.32
53.00 18.33 728.97 0.00 0.01 23.23 22.93 23.23
54.00 7.27 759.87 0.00 0.01 22.40 22.40 22.40
55.00 96.28 694.33 0.00 0.01 16.87 16.87 16.87
56.00 141.65 727.73 0.00 0.01 19.03 19.03 19.03
57.00 176.65 727.62 0.00 0.01 19.93 19.93 19.93
58.00 140.65 701.85 0.00 0.01 15.60 14.90 15.60
59.00 143.90 711.13 0.00 0.01 13.33 12.63 13.33
60.00 117.10 715.07 0.00 0.01 18.77 18.70 18.77
61.00 53.33 688.33 0.00 0.01 21.60 21.27 21.60
62.00 25.40 679.37 0.00 0.01 20.44 20.44 20.44
63.00 7.80 698.10 0.00 0.01 23.64 23.64 23.64
64.00 6.63 727.13 0.00 0.01 23.98 23.88 23.98
65.00 7.34 685.84 0.00 0.01 24.83 24.53 24.83
66.00 7.38 719.73 0.00 0.01 23.40 23.40 23.40
67.00 9.88 674.92 0.00 0.01 23.60 23.60 23.60
68.00 6.72 716.07 0.00 0.01 24.42 23.85 24.42
69.00 20.80 680.32 0.00 0.01 18.68 18.68 18.68
70.00 12.00 656.15 0.00 0.01 20.58 20.58 20.58
71.00 4.53 676.63 0.00 0.01 20.94 20.94 20.94
72.00 10.12 645.07 0.00 0.01 21.22 20.58 21.22
73.00 14.50 730.77 0.00 0.01 20.32 19.72 20.32
74.00 188.50 759.33 0.00 0.01 17.68 17.68 17.68
75.00 315.90 741.53 0.00 0.01 29.58 28.98 29.58
76.00 357.40 744.50 0.00 0.01 25.25 24.38 25.25
77.00 361.57 724.33 0.00 0.01 25.55 24.75 25.55
78.00 294.20 718.63 0.00 0.01 23.78 23.02 23.78
79.00 184.23 724.65 0.00 0.01 23.60 22.62 23.60
80.00 105.33 672.38 0.00 0.01 24.80 24.35 24.80
81.00 86.07 728.07 0.00 0.01 20.88 20.88 20.88
82.00 91.47 726.87 0.00 0.01 19.82 19.82 19.82
83.00 79.79 687.57 0.00 0.01 27.65 27.65 27.65
84.00 76.86 719.84 0.00 0.01 24.58 24.58 24.58
85.00 59.75 707.47 0.00 0.01 25.03 24.98 25.03
86.00 35.42 720.57 0.00 0.01 24.90 24.55 24.90
87.00 37.30 713.72 0.00 0.01 25.42 24.48 25.42
88.00 49.70 689.88 0.00 0.01 21.77 20.92 21.77
89.00 51.47 699.00 0.00 0.01 23.17 23.17 23.17
90.00 42.97 696.77 0.00 0.01 24.20 24.20 24.20
91.00 33.40 720.78 0.00 0.01 23.55 23.15 23.55
92.00 37.80 712.05 0.00 0.01 22.58 22.58 22.58
93.00 37.05 725.12 0.00 0.01 28.68 28.35 28.68
94.00 44.52 731.88 0.00 0.01 18.88 18.88 18.88
95.00 75.10 706.07 0.00 0.01 21.83 21.83 21.83
96.00 152.33 727.00 0.00 0.01 21.10 21.10 21.10
97.00 303.20 747.82 0.00 0.01 26.48 25.83 26.48
98.00 380.86 744.07 0.00 0.01 29.12 27.97 29.12
99.00 337.70 788.47 0.00 0.01 16.38 16.38 16.38
100.00 256.40 756.77 0.00 0.01 12.92 12.92 12.92
101.00 285.60 867.27 0.00 0.01 9.72 9.72 9.72
102.00 434.57 921.33 0.00 0.01 11.53 11.31 11.53
103.00 656.10 917.23 0.00 0.01 7.42 7.15 7.42
104.00 844.37 908.43 0.00 0.01 10.48 10.48 10.48
105.00 984.03 911.13 0.00 0.01 13.15 12.35 13.15
106.00 991.90 911.40 0.00 0.01 9.02 9.02 9.02
107.00 9.61 8.30 0.00 0.00 0.10 0.10 0.10
