0.00 21.73 58.02 97320.12 533.95 1133.22 0.00 0.01 7.70 7.70 7.70
1.00 22.62 57.23 97321.70 549.18 1166.57 0.00 0.01 4.77 4.40 4.77
2.00 22.62 56.83 97323.07 541.42 1198.33 0.00 0.01 4.70 4.70 4.70
3.00 22.62 56.05 97324.20 515.15 1210.87 0.00 0.01 3.93 3.93 3.93
4.00 23.02 55.32 97324.43 488.35 1164.60 0.00 0.01 6.73 6.07 6.73
5.00 23.60 54.08 97324.43 500.90 1187.45 0.00 0.01 7.68 7.68 7.68
6.00 23.60 52.38 97324.43 270.10 1234.25 0.00 0.01 7.73 7.23 7.73
7.00 23.52 48.83 97328.73 60.65 855.58 0.00 0.01 15.22 15.22 15.22
8.00 22.28 47.20 97342.80 4.50 827.75 0.00 0.01 25.55 25.55 25.55
9.00 20.65 47.48 97355.12 57.74 752.87 0.00 0.01 21.38 21.38 21.38
10.00 19.75 48.28 97367.45 49.82 718.77 0.00 0.01 23.02 23.02 23.02
11.00 19.38 49.45 97377.53 3.88 780.75 0.00 0.01 23.70 23.70 23.70
12.00 18.18 50.65 97386.67 4.83 829.63 0.00 0.01 22.07 22.07 22.07
13.00 17.70 52.02 97393.28 15.60 728.32 0.00 0.01 18.68 18.68 18.68
14.00 17.70 53.02 97398.05 8.04 717.06 0.00 0.01 21.08 21.08 21.08
15.00 17.70 53.10 97405.40 2.55 731.30 0.00 0.01 22.62 22.62 22.62
16.00 17.65 52.96 97156.35 34.58 736.87 0.00 0.01 28.71 27.63 28.71
17.00 18.05 53.10 97414.45 198.75 750.63 0.00 0.01 11.73 11.73 11.73
18.00 18.68 52.73 97417.95 262.52 748.83 0.00 0.01 9.83 9.83 9.83
19.00 19.20 52.58 97420.98 229.73 720.75 0.00 0.01 17.18 16.67 17.18
20.00 19.67 51.15 97422.78 179.43 721.28 0.00 0.01 16.66 16.64 16.66
21.00 20.27 51.13 97424.52 228.92 728.80 0.00 0.01 17.53 17.53 17.53
22.00 19.67 50.73 97426.42 71.92 698.90 0.00 0.01 24.63 23.73 24.63
23.00 18.92 51.52 97427.45 15.75 773.55 0.00 0.01 29.97 27.77 29.97
24.00 17.78 53.42 97428.58 1.75 788.95 0.00 0.01 24.40 24.23 24.40
25.00 17.69 54.07 97401.29 1.17 796.75 0.00 0.01 25.82 25.82 25.82
26.00 17.22 54.29 97057.96 4.10 810.13 0.00 0.01 30.22 29.22 30.22
27.00 16.72 55.92 97428.45 2.42 752.92 0.00 0.01 29.48 27.82 29.48
28.00 16.72 55.65 97427.28 36.12 724.08 0.00 0.01 25.92 25.25 25.92
29.00 17.37 54.75 97426.05 74.10 714.80 0.00 0.01 23.90 22.92 23.90
30.00 18.27 53.12 97424.75 145.27 711.53 0.00 0.01 23.57 23.15 23.57
31.00 18.68 52.52 97424.15 181.95 717.73 0.00 0.01 23.73 23.73 23.73
32.00 18.66 52.05 97305.62 203.82 716.97 0.00 0.01 21.96 21.96 21.96
33.00 19.08 52.12 97422.77 223.15 707.70 0.00 0.01 23.38 23.38 23.38
34.00 17.98 52.82 97422.77 85.48 696.33 0.00 0.01 16.70 16.70 16.70
35.00 17.70 53.10 97423.70 28.77 689.72 0.00 0.01 28.60 26.90 28.60
36.00 17.70 53.67 97424.17 29.73 731.38 0.00 0.01 22.10 22.10 22.10
37.00 17.70 54.13 97423.70 4.52 743.68 0.00 0.01 25.47 25.47 25.47
38.00 17.70 55.07 97422.77 6.48 698.22 0.00 0.01 15.73 15.73 15.73
39.00 17.12 55.07 97422.18 9.25 678.88 0.00 0.01 19.82 19.23 19.82
40.00 17.68 55.07 97421.48 19.45 690.32 0.00 0.01 23.22 22.97 23.22
41.00 17.70 54.92 97420.65 24.17 733.61 0.00 0.01 21.87 21.87 21.87
42.00 17.70 54.08 97419.82 94.87 758.47 0.00 0.01 22.87 22.87 22.87
43.00 18.31 52.95 96711.43 186.97 738.58 0.00 0.01 29.15 28.33 29.15
44.00 18.68 53.10 97418.53 176.57 748.95 0.00 0.01 26.48 25.80 26.48
45.00 18.68 52.42 97417.85 145.57 721.90 0.00 0.01 22.15 22.15 22.15
46.00 18.50 50.87 96461.18 153.57 719.40 0.00 0.01 17.85 17.85 17.85
47.00 18.68 51.75 97415.88 86.28 639.95 0.00 0.01 26.67 26.67 26.67
48.00 17.88 52.92 97415.48 16.36 690.88 0.00 0.01 21.57 20.77 21.57
49.00 16.71 54.41 97386.58 0.50 711.97 0.00 0.01 27.36 24.64 27.36
50.00 16.37 53.93 95394.96 1.92 689.13 0.00 0.01 21.52 21.52 21.52
51.00 16.66 55.86 97081.28 3.92 652.93 0.00 0.01 22.66 22.66 22.66
52.00 16.72 56.68 97410.13 9.95 728.93 0.00 0.01 23.32 23.32 23.32
53.00 16.10 57.65 97408.07 18.33 728.97 0.00 0.01 23.23 22.93 23.23
54.00 15.73 58.98 97406.73 7.27 759.87 0.00 0.01 22.40 22.40 22.40
55.00 16.25 57.45 97405.02 96.28 694.33 0.00 0.01 16.87 16.87 16.87
56.00 17.02 55.75 97403.78 141.65 727.73 0.00 0.01 19.03 19.03 19.03
57.00 17.70 54.95 97402.98 176.65 727.62 0.00 0.01 19.93 19.93 19.93
58.00 17.70 54.08 97402.12 140.65 701.85 0.00 0.01 15.60 14.90 15.60
59.00 17.70 54.08 97401.30 143.90 711.13 0.00 0.01 13.33 12.63 13.33
60.00 17.70 53.62 97400.67 117.10 715.07 0.00 0.01 18.77 18.70 18.77
61.00 17.70 53.75 97400.15 53.33 688.33 0.00 0.01 21.60 21.27 21.60
62.00 17.23 54.55 97400.15 25.40 679.37 0.00 0.01 20.44 20.44 20.44
63.00 16.39 54.82 95512.64 7.80 698.10 0.00 0.01 23.64 23.64 23.64
64.00 15.92 56.95 97399.17 6.63 727.13 0.00 0.01 23.98 23.88 23.98
65.00 15.58 57.45 96442.92 7.34 685.84 0.00 0.01 24.83 24.53 24.83
66.00 15.73 57.62 97398.18 7.38 719.73 0.00 0.01 23.40 23.40 23.40
67.00 15.69 57.87 97144.21 9.88 674.92 0.00 0.01 23.60 23.60 23.60
68.00 15.72 57.98 97341.50 6.72 716.07 0.00 0.01 24.42 23.85 24.42
69.00 15.65 58.70 96896.74 20.80 680.32 0.00 0.01 18.68 18.68 18.68
70.00 14.77 60.93 97401.17 12.00 656.15 0.00 0.01 20.58 20.58 20.58
71.00 14.71 60.81 97148.65 4.53 676.63 0.00 0.01 20.94 20.94 20.94
72.00 14.92 60.97 97403.10 10.12 645.07 0.00 0.01 21.22 20.58 21.22
73.00 15.73 60.63 97403.10 14.50 730.77 0.00 0.01 20.32 19.72 20.32
74.00 15.60 59.50 96578.60 188.50 759.33 0.00 0.01 17.68 17.68 17.68
75.00 16.88 59.27 96991.58 315.90 741.53 0.00 0.01 29.58 28.98 29.58
76.00 18.03 57.68 97406.17 357.40 744.50 0.00 0.01 25.25 24.38 25.25
77.00 18.68 56.48 97408.53 361.57 724.33 0.00 0.01 25.55 24.75 25.55
78.00 18.68 55.28 97410.13 294.20 718.63 0.00 0.01 23.78 23.02 23.78
79.00 18.68 54.15 97411.88 184.23 724.65 0.00 0.01 23.60 22.62 23.60
80.00 17.78 54.85 97411.42 105.33 672.38 0.00 0.01 24.80 24.35 24.80
81.00 17.70 54.08 97410.97 86.07 728.07 0.00 0.01 20.88 20.88 20.88
82.00 17.70 54.12 97410.07 91.47 726.87 0.00 0.01 19.82 19.82 19.82
83.00 17.48 55.07 97409.27 79.79 687.57 0.00 0.01 27.65 27.65 27.65
84.00 16.72 55.07 97408.17 76.86 719.84 0.00 0.01 24.58 24.58 24.58
85.00 16.72 55.92 97406.72 59.75 707.47 0.00 0.01 25.03 24.98 25.03
86.00 16.72 56.68 97405.22 35.42 720.57 0.00 0.01 24.90 24.55 24.90
87.00 16.65 56.79 96990.38 37.30 713.72 0.00 0.01 25.42 24.48 25.42
88.00 16.72 57.03 97400.47 49.70 689.88 0.00 0.01 21.77 20.92 21.77
89.00 16.72 57.35 97398.85 51.47 699.00 0.00 0.01 23.17 23.17 23.17
90.00 16.02 58.02 97397.48 42.97 696.77 0.00 0.01 24.20 24.20 24.20
91.00 15.88 57.47 97396.30 33.40 720.78 0.00 0.01 23.55 23.15 23.55
92.00 16.72 57.23 97395.23 37.80 712.05 0.00 0.01 22.58 22.58 22.58
93.00 15.87 58.02 97395.23 37.05 725.12 0.00 0.01 28.68 28.35 28.68
94.00 16.00 57.75 97395.23 44.52 731.88 0.00 0.01 18.88 18.88 18.88
95.00 16.53 56.19 96294.92 75.10 706.07 0.00 0.01 21.83 21.83 21.83
96.00 17.55 55.22 97395.82 152.33 727.00 0.00 0.01 21.10 21.10 21.10
97.00 18.32 55.07 97396.00 303.20 747.82 0.00 0.01 26.48 25.83 26.48
98.00 18.68 54.73 97395.17 380.86 744.07 0.00 0.01 29.12 27.97 29.12
99.00 19.18 53.43 97393.45 337.70 788.47 0.00 0.01 16.38 16.38 16.38
100.00 18.68 53.10 97390.08 256.40 756.77 0.00 0.01 12.92 12.92 12.92
101.00 19.47 53.70 97375.70 285.60 867.27 0.00 0.01 9.72 9.72 9.72
102.00 20.63 53.23 97357.37 434.57 921.33 0.00 0.01 11.53 11.31 11.53
103.00 20.97 54.08 97343.53 656.10 917.23 0.00 0.01 7.42 7.15 7.42
104.00 21.63 54.08 97331.70 844.37 908.43 0.00 0.01 10.48 10.48 10.48
105.00 21.75 54.08 97322.88 984.03 911.13 0.00 0.01 13.15 12.35 13.15
106.00 22.62 53.28 97314.62 991.90 911.40 0.00 0.01 9.02 9.02 9.02
107.00 0.21 0.47 870.08 9.61 8.30 0.00 0.00 0.10 0.10 0.10
