6 16 22.0 59.0 98969 513 1145 0.01 0.0 9.0 9.0 9.0 1 2 2.0 2.0 17/11/2022 10 2 6 45.4721104 9.2272762
6 18 22.0 59.0 98970 561 1151 0.01 0.0 0.0 0.0 0.0 0 1 2.0 0.0 17/11/2022 10 2 30 45.4721584 9.2272957
6 18 23.0 59.0 98970 568 1188 0.01 0.0 4.0 4.0 4.0 1 1 1.0 1.0 17/11/2022 10 3 0 45.4721539 9.2272154
6 19 23.0 58.0 98971 564 1197 0.01 0.0 3.0 3.0 4.0 1 2 1.0 2.0 17/11/2022 10 3 18 45.4720777 9.2272551
6 20 23.0 58.0 98972 549 1175 0.01 0.0 5.0 6.0 6.0 1 2 2.0 2.0 17/11/2022 10 3 40 45.4720367 9.2272816
6 21 23.0 58.0 98972 551 1204 0.01 0.0 5.0 6.0 6.0 1 2 1.0 2.0 17/11/2022 10 4 4 45.4722316 9.2269466
6 22 23.0 58.0 98973 557 1217 0.01 0.0 3.0 4.0 4.0 1 1 1.0 1.0 17/11/2022 10 4 28 45.4721116 9.227256
6 23 23.0 57.0 98973 537 1250 0.01 0.0 4.0 4.0 4.0 1 2 2.0 1.0 17/11/2022 10 4 52 45.4721241 9.2272749
6 24 23.0 57.0 98974 525 1233 0.01 0.0 4.0 4.0 4.0 1 3 3.0 3.0 17/11/2022 10 5 18 45.4719927 9.2273161
6 25 23.0 57.0 98974 499 1196 0.01 0.0 4.0 4.0 4.0 1 1 1.0 1.0 17/11/2022 10 5 54 45.4720385 9.227111
6 26 23.0 56.0 98974 498 1170 0.01 0.0 6.0 8.0 10.0 1 1 1.0 1.0 17/11/2022 10 6 18 45.4720633 9.2271386
6 27 24.0 56.0 98974 494 1189 0.01 0.0 6.0 6.0 6.0 1 2 2.0 2.0 17/11/2022 10 6 38 45.4720917 9.2272284
6 28 24.0 55.0 98974 526 1188 0.01 0.0 8.0 9.0 9.0 1 2 2.0 2.0 17/11/2022 10 7 2 45.4720563 9.2272527
6 29 24.0 55.0 98974 498 1221 0.01 0.0 6.0 7.0 7.0 1 2 2.0 2.0 17/11/2022 10 7 26 45.4719236 9.2272095
6 31 24.0 54.0 98974 422 1648 0.01 0.0 0.0 0.0 0.0 0 1 1.0 0.0 17/11/2022 10 8 2 45.4718738 9.2271645
6 31 24.0 54.0 98974 306 1262 0.01 0.0 4.0 5.0 6.0 1 2 2.0 2.0 17/11/2022 10 8 14 45.472148 9.2272663
6 32 24.0 52.0 98974 150 1035 0.01 0.0 9.0 10.0 10.0 1 2 2.0 2.0 17/11/2022 10 8 38 45.4732479 9.227277
6 33 24.0 50.0 98976 79 891 0.01 0.0 9.0 10.0 10.0 1 1 1.0 2.0 17/11/2022 10 9 2 45.4723915 9.2272992
6 34 24.0 49.0 98982 23 793 0.01 0.0 25.0 27.0 27.0 1 1 1.0 1.0 17/11/2022 10 9 40 45.472557 9.2272199
6 35 23.0 48.0 98988 3 861 0.01 0.0 25.0 27.0 27.0 1 2 2.0 2.0 17/11/2022 10 9 54 45.472822 9.2277007
6 36 23.0 48.0 98994 6 852 0.01 0.0 25.0 27.0 27.0 1 2 2.0 2.0 17/11/2022 10 10 22 45.4727521 9.2281979
6 37 21.0 48.0 99000 0 771 0.01 0.0 20.0 21.0 21.0 1 1 1.0 1.0 17/11/2022 10 10 48 45.4728071 9.228643
6 38 21.0 48.0 99005 4 784 0.01 0.0 19.0 20.0 20.0 1 2 2.0 2.0 17/11/2022 10 11 16 45.4727235 9.2290597
6 39 21.0 49.0 99011 137 734 0.01 0.0 24.0 25.0 25.0 1 1 1.0 2.0 17/11/2022 10 11 40 45.4726565 9.2294467
6 40 20.0 49.0 99016 75 794 0.01 0.0 16.0 17.0 17.0 1 1 2.0 1.0 17/11/2022 10 12 2 45.4726166 9.2298413
6 41 20.0 49.0 99020 9 659 0.01 0.0 28.0 30.0 30.0 1 2 1.0 1.0 17/11/2022 10 12 30 45.4724553 9.2300357
6 42 20.0 50.0 99024 4 674 0.01 0.0 28.0 30.0 30.0 1 2 2.0 1.0 17/11/2022 10 12 50 45.4725758 9.2301329
6 43 20.0 50.0 99029 3 750 0.01 0.0 14.0 16.0 16.0 2 1 1.0 1.0 17/11/2022 10 13 18 45.4728011 9.2306697
6 44 19.0 51.0 99032 5 1001 0.01 0.0 24.0 26.0 26.0 1 2 2.0 2.0 17/11/2022 10 13 38 45.4727908 9.2311633
6 45 19.0 51.0 99036 5 771 0.01 0.0 24.0 26.0 26.0 1 1 2.0 1.0 17/11/2022 10 14 6 45.4728667 9.2314805
6 47 18.0 52.0 99040 0 0 0 0.0 18.0 19.0 19.0 1 2 0.0 2.0 17/11/2022 10 14 24 45.4728275 9.232104
6 48 18.0 53.0 99043 0 0 0 0.0 18.0 19.0 19.0 1 1 0.0 1.0 17/11/2022 10 15 0 45.4727274 9.2323391
6 48 18.0 53.0 99045 16 747 0.01 0.0 18.0 19.0 19.0 1 2 2.0 2.0 17/11/2022 10 15 14 45.4727658 9.2330013
6 49 18.0 54.0 99048 8 715 0.01 0.0 20.0 21.0 21.0 1 1 1.0 2.0 17/11/2022 10 15 58 45.4728224 9.2336049
6 51 18.0 54.0 99051 0 0 0 0.0 21.0 23.0 23.0 1 1 0.0 1.0 17/11/2022 10 16 34 45.4726929 9.2337942
6 51 18.0 54.0 99053 3 824 0.01 0.0 22.0 23.0 23.0 1 1 2.0 1.0 17/11/2022 10 16 46 45.4728275 9.2341175
6 52 18.0 54.0 99056 2 712 0.01 0.0 22.0 23.0 23.0 1 2 1.0 2.0 17/11/2022 10 17 2 45.4728148 9.2343618
6 53 18.0 54.0 99058 3 742 0.01 0.0 21.0 23.0 23.0 1 2 2.0 2.0 17/11/2022 10 17 26 45.4728667 9.2344117
6 55 0 0 0 2 763 0.01 0.0 0.0 0.0 0.0 0 0 1.0 0.0 17/11/2022 10 18 4 45.4728667 9.2344117
6 55 18.0 54.0 99062 25 749 0.01 0.0 33.0 36.0 38.0 1 2 2.0 2.0 17/11/2022 10 18 12 45.472875 9.23424
6 56 18.0 54.0 99064 132 749 0.01 0.0 13.0 13.0 13.0 1 1 2.0 2.0 17/11/2022 10 18 40 45.4728939 9.2341255
6 57 18.0 54.0 99065 207 768 0.01 0.0 13.0 13.0 13.0 1 2 2.0 2.0 17/11/2022 10 19 0 45.4728983 9.2340983
6 58 19.0 54.0 99067 229 764 0.01 0.0 9.0 10.0 10.0 1 1 1.0 1.0 17/11/2022 10 19 28 45.472855 9.23407
6 59 19.0 53.0 99068 235 779 0.01 0.0 10.0 10.0 10.0 1 2 1.0 2.0 17/11/2022 10 19 52 45.472855 9.23407
6 60 19.0 54.0 99070 291 750 0.01 0.0 10.0 10.0 10.0 1 2 3.0 3.0 17/11/2022 10 20 14 45.472855 9.23407
6 61 19.0 54.0 99072 270 720 0.01 0.0 18.0 19.0 19.0 1 1 2.0 1.0 17/11/2022 10 20 58 45.472855 9.23407
6 62 20.0 53.0 99073 194 735 0.01 0.0 17.0 18.0 19.0 1 2 1.0 2.0 17/11/2022 10 21 16 45.472855 9.23407
6 1 20.0 52.0 99073 132 728 0.01 0.0 0.0 0.0 0.0 0 1 2.0 0.0 17/11/2022 10 21 48 45.472855 9.23407
6 1 20.0 52.0 99074 174 736 0.01 0.0 16.0 17.0 17.0 1 2 2.0 2.0 17/11/2022 10 22 4 45.4729517 9.234055
6 2 20.0 52.0 99075 238 735 0.01 0.0 16.0 17.0 17.0 1 2 2.0 2.0 17/11/2022 10 22 28 45.4729165 9.2340828
6 3 21.0 52.0 99076 263 759 0.01 0.0 16.0 17.0 17.0 1 1 1.0 1.0 17/11/2022 10 23 4 45.4729248 9.2341982
6 4 21.0 52.0 99076 235 740 0.01 0.0 17.0 18.0 18.0 1 2 2.0 2.0 17/11/2022 10 23 16 45.4730595 9.2344336
6 5 20.0 52.0 99077 131 726 0.01 0.0 21.0 22.0 22.0 2 2 1.0 2.0 17/11/2022 10 23 40 45.4733083 9.2345131
6 6 20.0 51.0 99078 66 705 0.01 0.0 21.0 22.0 22.0 1 2 2.0 2.0 17/11/2022 10 24 2 45.4735902 9.2345183
6 7 20.0 52.0 99078 28 704 0.01 0.0 25.0 29.0 32.0 1 1 1.0 1.0 17/11/2022 10 24 26 45.4738761 9.2344276
6 8 19.0 52.0 99079 22 749 0.01 0.0 25.0 28.0 30.0 1 2 1.0 1.0 17/11/2022 10 24 58 45.4741693 9.2344177
6 9 19.0 53.0 99079 3 873 0.01 0.0 25.0 28.0 30.0 1 2 3.0 2.0 17/11/2022 10 25 20 45.4745728 9.2344842
6 10 18.0 54.0 99080 0 787 0.01 0.0 24.0 25.0 25.0 1 2 1.0 2.0 17/11/2022 10 25 48 45.474925 9.2343103
6 11 18.0 55.0 99080 0 798 0.01 0.0 21.0 23.0 23.0 1 1 2.0 1.0 17/11/2022 10 26 18 45.4751469 9.2342918
6 12 18.0 55.0 99080 1 833 0.01 0.0 24.0 25.0 25.0 1 2 2.0 2.0 17/11/2022 10 26 36 45.4754507 9.2342702
6 14 18.0 55.0 99081 0 0 0 0.0 25.0 27.0 27.0 1 1 0.0 2.0 17/11/2022 10 27 4 45.4759276 9.2343241
6 15 0 0 0 6 796 0.01 0.0 26.0 27.0 27.0 1 0 1.0 1.0 17/11/2022 10 27 40 45.475996 9.2346498
6 15 18.0 55.0 99080 5 814 0.01 0.0 26.0 27.0 27.0 1 2 2.0 2.0 17/11/2022 10 27 52 45.4760088 9.2352938
6 16 17.0 56.0 99080 2 853 0.01 0.0 32.0 35.0 38.0 1 1 2.0 1.0 17/11/2022 10 28 20 45.4759645 9.235694
6 17 17.0 57.0 99080 1 753 0.01 0.0 25.0 28.0 30.0 1 1 1.0 1.0 17/11/2022 10 28 48 45.4758517 9.2358764
6 18 17.0 57.0 99080 2 752 0.01 0.0 25.0 28.0 30.0 1 2 2.0 2.0 17/11/2022 10 29 0 45.4757579 9.2359609
6 19 17.0 57.0 99079 5 751 0.01 0.0 24.0 25.0 25.0 1 2 1.0 2.0 17/11/2022 10 29 26 45.4757583 9.23596
6 20 17.0 57.0 99079 44 745 0.01 0.0 24.0 26.0 27.0 1 1 2.0 1.0 17/11/2022 10 29 58 45.4757583 9.23596
6 21 17.0 56.0 99078 57 719 0.01 0.0 24.0 26.0 27.0 1 2 3.0 2.0 17/11/2022 10 30 14 45.4757583 9.23596
6 23 18.0 56.0 99077 0 0 0 0.0 17.0 19.0 20.0 1 1 0.0 1.0 17/11/2022 10 30 58 45.4757583 9.23596
6 23 18.0 55.0 99077 96 748 0.01 0.0 23.0 25.0 26.0 1 1 2.0 1.0 17/11/2022 10 31 18 45.4757583 9.23596
6 24 18.0 54.0 99076 124 711 0.01 0.0 27.0 29.0 30.0 1 1 2.0 2.0 17/11/2022 10 31 38 45.4757583 9.23596
6 25 19.0 54.0 99076 162 736 0.01 0.0 17.0 18.0 18.0 1 2 1.0 2.0 17/11/2022 10 32 2 45.4757583 9.23596
6 26 19.0 54.0 99076 179 718 0.01 0.0 24.0 25.0 25.0 1 2 1.0 2.0 17/11/2022 10 32 28 45.4757583 9.23596
6 27 19.0 53.0 99075 212 740 0.01 0.0 24.0 25.0 25.0 1 1 2.0 1.0 17/11/2022 10 33 0 45.4757583 9.23596
6 28 19.0 53.0 99075 165 736 0.01 0.0 21.0 22.0 22.0 1 2 1.0 2.0 17/11/2022 10 33 18 45.4757583 9.23596
6 29 19.0 53.0 99075 201 725 0.01 0.0 21.0 22.0 22.0 1 1 2.0 2.0 17/11/2022 10 33 40 45.4757583 9.23596
6 31 0 0 0 211 747 0.01 0.0 0.0 0.0 0.0 0 0 1.0 0.0 17/11/2022 10 34 20 45.4757583 9.23596
6 31 19.0 53.0 99074 252 735 0.01 0.0 22.0 24.0 24.0 1 2 2.0 2.0 17/11/2022 10 34 24 45.475809 9.2359232
6 32 20.0 53.0 99074 277 721 0.01 0.0 22.0 24.0 24.0 1 2 1.0 1.0 17/11/2022 10 34 48 45.4759481 9.2356806
6 34 19.0 53.0 99074 153 708 0.01 0.0 0.0 0.0 0.0 0 2 2.0 0.0 17/11/2022 10 35 12 45.476132 9.2349914
6 34 18.0 54.0 99074 72 752 0.01 0.0 10.0 11.0 11.0 1 2 2.0 2.0 17/11/2022 10 35 50 45.4760551 9.2345496
6 35 18.0 54.0 99074 41 637 0.01 0.0 25.0 27.0 27.0 1 1 2.0 2.0 17/11/2022 10 36 16 45.4761643 9.2344508
6 36 18.0 54.0 99075 30 708 0.01 0.0 24.0 28.0 31.0 1 2 1.0 2.0 17/11/2022 10 36 40 45.4765355 9.2342754
6 37 18.0 54.0 99075 19 695 0.01 0.0 25.0 28.0 28.0 1 1 1.0 1.0 17/11/2022 10 37 14 45.476627 9.2343038
6 38 18.0 54.0 99076 30 775 0.01 0.0 21.0 22.0 22.0 2 2 2.0 2.0 17/11/2022 10 37 26 45.4770553 9.2344292
6 39 18.0 55.0 99075 33 722 0.01 0.0 21.0 22.0 22.0 1 1 2.0 1.0 17/11/2022 10 37 56 45.4774224 9.2344828
6 40 18.0 55.0 99075 11 712 0.01 0.0 26.0 29.0 29.0 1 1 1.0 1.0 17/11/2022 10 38 26 45.4775261 9.2345104
6 41 18.0 55.0 99075 2 736 0.01 0.0 25.0 26.0 26.0 1 2 2.0 2.0 17/11/2022 10 38 38 45.4778025 9.2344238
6 42 18.0 55.0 99075 5 789 0.01 0.0 25.0 26.0 26.0 1 1 2.0 2.0 17/11/2022 10 39 2 45.4780591 9.234391
6 43 18.0 56.0 99074 5 775 0.01 0.0 15.0 16.0 16.0 1 2 1.0 2.0 17/11/2022 10 39 26 45.4783791 9.2344844
6 44 18.0 56.0 99074 6 655 0.01 0.0 15.0 16.0 16.0 1 1 2.0 1.0 17/11/2022 10 39 50 45.4786855 9.2344619
6 45 18.0 56.0 99074 10 707 0.01 0.0 15.0 16.0 16.0 1 3 3.0 3.0 17/11/2022 10 40 14 45.4790886 9.234481
6 46 17.0 56.0 99073 9 679 0.01 0.0 20.0 22.0 23.0 1 2 1.0 2.0 17/11/2022 10 40 52 45.4795443 9.2344243
6 47 18.0 56.0 99073 13 728 0.01 0.0 19.0 21.0 22.0 1 1 1.0 1.0 17/11/2022 10 41 28 45.479725 9.2343931
6 48 18.0 56.0 99073 23 646 0.01 0.0 26.0 27.0 27.0 1 2 2.0 2.0 17/11/2022 10 41 42 45.4800365 9.2344128
6 49 18.0 56.0 99072 21 764 0.01 0.0 19.0 20.0 20.0 1 1 2.0 1.0 17/11/2022 10 42 8 45.4802655 9.2344035
6 51 18.0 56.0 99072 0 0 0 0.0 21.0 22.0 22.0 1 1 0.0 1.0 17/11/2022 10 42 28 45.4802681 9.2344215
6 51 18.0 56.0 99072 9 751 0.01 0.0 21.0 22.0 22.0 1 2 2.0 2.0 17/11/2022 10 42 52 45.4802667 9.2344217
6 52 18.0 55.0 99071 68 762 0.01 0.0 23.0 24.0 24.0 1 2 2.0 2.0 17/11/2022 10 43 16 45.4802667 9.2344217
6 53 18.0 55.0 99071 98 782 0.01 0.0 21.0 23.0 23.0 1 2 2.0 2.0 17/11/2022 10 43 40 45.4802667 9.2344217
6 54 18.0 55.0 99071 134 749 0.01 0.0 21.0 23.0 23.0 1 1 1.0 1.0 17/11/2022 10 44 14 45.4802667 9.2344217
6 56 0 0 0 173 755 0.01 0.0 28.0 30.0 31.0 1 0 2.0 1.0 17/11/2022 10 44 34 45.4802667 9.2344217
6 56 19.0 54.0 99070 227 745 0.01 0.0 28.0 30.0 31.0 1 2 2.0 1.0 17/11/2022 10 44 52 45.4802667 9.2344217
6 57 19.0 54.0 99070 188 765 0.01 0.0 28.0 30.0 31.0 1 3 2.0 3.0 17/11/2022 10 45 16 45.4802667 9.2344217
6 58 19.0 54.0 99069 162 764 0.01 0.0 16.0 17.0 17.0 1 1 1.0 1.0 17/11/2022 10 46 4 45.4802667 9.2344217
6 59 19.0 54.0 99069 157 734 0.01 0.0 18.0 19.0 19.0 1 2 2.0 1.0 17/11/2022 10 46 16 45.4802667 9.2344217
6 60 19.0 53.0 99069 147 740 0.01 0.0 21.0 22.0 22.0 1 2 2.0 2.0 17/11/2022 10 46 40 45.4802667 9.2344217
6 61 19.0 53.0 99069 140 726 0.01 0.0 26.0 27.0 27.0 1 1 2.0 2.0 17/11/2022 10 47 4 45.4802667 9.2344217
6 63 0 0 0 163 741 0.01 0.0 15.0 16.0 16.0 1 0 1.0 1.0 17/11/2022 10 47 30 45.4802667 9.2344217
6 63 19.0 52.0 99068 156 726 0.01 0.0 16.0 17.0 17.0 1 2 1.0 2.0 17/11/2022 10 47 52 45.4805882 9.2344148
6 1 19.0 52.0 99067 138 671 0.01 0.0 27.0 29.0 29.0 2 2 1.0 2.0 17/11/2022 10 48 20 45.4807944 9.2343404
6 2 19.0 53.0 99067 66 607 0.01 0.0 25.0 26.0 26.0 1 1 2.0 1.0 17/11/2022 10 48 42 45.4810385 9.2344497
6 3 19.0 53.0 99067 23 775 0.01 0.0 25.0 26.0 26.0 1 1 1.0 2.0 17/11/2022 10 49 12 45.4812797 9.2343407
6 4 18.0 54.0 99067 14 740 0.01 0.0 18.0 20.0 21.0 1 2 2.0 2.0 17/11/2022 10 49 30 45.4816143 9.234307
6 5 18.0 54.0 99066 0 632 0.01 0.0 19.0 20.0 21.0 1 1 2.0 1.0 17/11/2022 10 49 54 45.4819698 9.2342025
6 7 17.0 55.0 99066 0 733 0.01 0.0 0.0 0.0 0.0 0 1 1.0 0.0 17/11/2022 10 50 18 45.4824107 9.2342773
6 7 17.0 56.0 99065 0 706 0.01 0.0 23.0 26.0 29.0 1 1 1.0 1.0 17/11/2022 10 50 56 45.4826461 9.2343557
6 9 0 0 0 1 744 0.01 0.0 21.0 22.0 22.0 1 0 1.0 1.0 17/11/2022 10 51 16 45.4828947 9.2343195
6 9 17.0 56.0 99064 1 730 0.01 0.0 21.0 22.0 22.0 1 1 1.0 1.0 17/11/2022 10 51 36 45.4832395 9.2341963
6 11 0 0 0 5 588 0.01 0.0 0.0 0.0 0.0 0 0 1.0 0.0 17/11/2022 10 52 2 45.4835684 9.2341957
6 11 17.0 57.0 99063 4 633 0.01 0.0 22.0 23.0 23.0 1 2 2.0 2.0 17/11/2022 10 52 26 45.4838614 9.2343718
6 12 17.0 57.0 99062 3 730 0.01 0.0 22.0 23.0 23.0 1 1 1.0 1.0 17/11/2022 10 52 52 45.4840986 9.2347193
6 13 17.0 57.0 99062 7 746 0.01 0.0 24.0 25.0 25.0 1 2 2.0 1.0 17/11/2022 10 53 12 45.4844352 9.2349726
6 14 17.0 58.0 99061 9 727 0.01 0.0 22.0 23.0 23.0 1 2 1.0 1.0 17/11/2022 10 53 36 45.4846384 9.2354289
6 15 17.0 58.0 99060 18 764 0.01 0.0 22.0 23.0 23.0 2 2 1.0 1.0 17/11/2022 10 54 2 45.4844456 9.2359985
6 16 16.0 59.0 99059 18 734 0.01 0.0 22.0 23.0 24.0 1 1 1.0 1.0 17/11/2022 10 54 36 45.4844401 9.2362214
6 17 16.0 59.0 99058 20 722 0.01 0.0 22.0 24.0 24.0 1 1 1.0 2.0 17/11/2022 10 54 54 45.4846732 9.2361792
6 18 16.0 60.0 99058 5 791 0.01 0.0 22.0 24.0 24.0 1 2 3.0 1.0 17/11/2022 10 55 14 45.4848333 9.2361433
6 19 16.0 60.0 99057 12 735 0.01 0.0 19.0 20.0 20.0 1 2 1.0 2.0 17/11/2022 10 55 54 45.4848333 9.2361433
6 20 16.0 59.0 99056 85 668 0.01 0.0 13.0 14.0 14.0 1 2 2.0 2.0 17/11/2022 10 56 16 45.4848333 9.2361433
6 21 17.0 58.0 99056 119 733 0.01 0.0 18.0 19.0 19.0 1 2 2.0 2.0 17/11/2022 10 56 40 45.4848333 9.2361433
6 22 17.0 57.0 99055 119 728 0.01 0.0 19.0 20.0 20.0 1 1 2.0 1.0 17/11/2022 10 57 4 45.4848333 9.2361433
6 23 17.0 57.0 99055 138 742 0.01 0.0 17.0 19.0 19.0 1 2 1.0 2.0 17/11/2022 10 57 32 45.4848333 9.2361433
6 24 18.0 56.0 99054 180 752 0.01 0.0 17.0 19.0 19.0 1 1 2.0 2.0 17/11/2022 10 57 52 45.4848333 9.2361433
6 25 18.0 56.0 99054 194 744 0.01 0.0 21.0 22.0 22.0 1 1 2.0 1.0 17/11/2022 10 58 16 45.4848333 9.2361433
6 26 18.0 56.0 99054 167 737 0.01 0.0 17.0 18.0 18.0 1 1 1.0 1.0 17/11/2022 10 58 48 45.4848333 9.2361433
6 27 18.0 55.0 99053 139 717 0.01 0.0 17.0 18.0 18.0 1 2 2.0 2.0 17/11/2022 10 59 2 45.4848333 9.2361433
6 28 18.0 55.0 99053 142 693 0.01 0.0 12.0 14.0 15.0 1 2 1.0 1.0 17/11/2022 10 59 26 45.4848333 9.2361433
6 29 18.0 55.0 99053 149 744 0.01 0.0 12.0 14.0 15.0 1 1 2.0 2.0 17/11/2022 10 59 52 45.4848333 9.2361433
6 30 18.0 55.0 99052 134 729 0.01 0.0 12.0 14.0 15.0 1 2 3.0 2.0 17/11/2022 11 0 18 45.4848418 9.2360904
6 31 18.0 55.0 99052 168 700 0.01 0.0 10.0 10.0 10.0 1 2 2.0 2.0 17/11/2022 11 0 50 45.4846883 9.2358082
6 32 18.0 55.0 99052 133 824 0.01 0.0 21.0 22.0 22.0 1 1 1.0 1.0 17/11/2022 11 1 24 45.4846085 9.2357587
6 33 18.0 54.0 99051 85 695 0.01 0.0 23.0 24.0 24.0 1 2 1.0 2.0 17/11/2022 11 1 38 45.4845318 9.2355159
6 34 18.0 54.0 99051 67 697 0.01 0.0 15.0 17.0 18.0 1 2 2.0 2.0 17/11/2022 11 2 2 45.4844762 9.235001
6 35 18.0 55.0 99051 50 693 0.01 0.0 23.0 24.0 24.0 2 1 1.0 1.0 17/11/2022 11 2 26 45.4841662 9.2345948
6 36 18.0 55.0 99051 40 730 0.01 0.0 23.0 24.0 24.0 1 1 1.0 2.0 17/11/2022 11 2 56 45.4840034 9.2344452
6 37 18.0 55.0 99051 34 594 0.01 0.0 18.0 19.0 19.0 1 1 2.0 1.0 17/11/2022 11 3 18 45.4838124 9.2344631
6 39 17.0 56.0 99051 14 735 0.01 0.0 0.0 0.0 0.0 0 1 1.0 0.0 17/11/2022 11 3 36 45.4834707 9.2343268
6 40 0 0 0 7 700 0.01 0.0 23.0 24.0 24.0 1 0 2.0 2.0 17/11/2022 11 4 8 45.4831285 9.234217
6 41 17.0 57.0 99050 7 701 0.01 0.0 0.0 0.0 0.0 0 1 1.0 0.0 17/11/2022 11 4 40 45.4829183 9.2342136
6 41 17.0 57.0 99050 10 748 0.01 0.0 23.0 25.0 25.0 1 1 1.0 2.0 17/11/2022 11 4 54 45.4827197 9.2343117
6 42 16.0 58.0 99050 6 747 0.01 0.0 23.0 25.0 25.0 1 2 2.0 2.0 17/11/2022 11 5 14 45.482228 9.2343457
6 43 16.0 59.0 99050 6 671 0.01 0.0 17.0 18.0 19.0 2 1 1.0 1.0 17/11/2022 11 5 56 45.4820273 9.2344676
6 45 0 0 0 0 0 0 0.0 26.0 28.0 28.0 1 0 0.0 1.0 17/11/2022 11 6 20 45.4817288 9.2344909
6 45 16.0 59.0 99049 9 736 0.01 0.0 26.0 28.0 28.0 1 2 1.0 2.0 17/11/2022 11 6 42 45.4814301 9.2344615
6 46 16.0 58.0 99049 12 638 0.01 0.0 18.0 19.0 19.0 1 2 2.0 2.0 17/11/2022 11 7 4 45.4812238 9.234579
6 47 16.0 59.0 99049 4 802 0.01 0.0 26.0 27.0 27.0 1 2 2.0 2.0 17/11/2022 11 7 28 45.4807984 9.2344542
6 49 0 0 0 8 704 0.01 0.0 0.0 0.0 0.0 0 0 1.0 0.0 17/11/2022 11 8 4 45.4806499 9.2344811
6 49 16.0 59.0 99049 12 650 0.01 0.0 20.0 22.0 22.0 1 2 2.0 2.0 17/11/2022 11 8 12 45.4804009 9.2344462
6 50 16.0 59.0 99049 9 715 0.01 0.0 25.0 27.0 27.0 1 1 2.0 1.0 17/11/2022 11 8 42 45.4804176 9.2343499
6 51 16.0 59.0 99049 6 733 0.01 0.0 24.0 26.0 27.0 1 1 1.0 1.0 17/11/2022 11 9 8 45.4800282 9.2342809
6 53 16.0 59.0 99050 0 0 0 0.0 18.0 19.0 19.0 1 1 0.0 1.0 17/11/2022 11 9 42 45.4798425 9.234275
6 54 0 0 0 12 791 0.01 0.0 18.0 19.0 19.0 1 0 1.0 1.0 17/11/2022 11 9 56 45.4796117 9.2342994
6 54 16.0 60.0 99050 24 661 0.01 0.0 18.0 19.0 19.0 1 2 3.0 3.0 17/11/2022 11 10 12 45.4789996 9.2341872
6 56 15.0 62.0 99051 0 0 0 0.0 16.0 17.0 17.0 1 1 0.0 1.0 17/11/2022 11 10 58 45.4787983 9.2342577
6 56 15.0 62.0 99052 0 682 0.01 0.0 20.0 21.0 21.0 1 2 1.0 2.0 17/11/2022 11 11 12 45.4786209 9.2340904
6 57 15.0 62.0 99053 0 655 0.01 0.0 23.0 24.0 24.0 1 2 2.0 2.0 17/11/2022 11 11 38 45.4785601 9.2332971
6 59 0 0 0 2 769 0.01 0.0 0.0 0.0 0.0 0 0 1.0 0.0 17/11/2022 11 12 20 45.4785499 9.2331305
6 59 15.0 62.0 99054 5 707 0.01 0.0 18.0 19.0 19.0 1 2 2.0 2.0 17/11/2022 11 12 28 45.4786358 9.2327051
6 60 15.0 62.0 99054 9 586 0.01 0.0 18.0 19.0 19.0 2 2 2.0 2.0 17/11/2022 11 12 52 45.4785784 9.2322721
6 61 15.0 62.0 99054 11 661 0.01 0.0 20.0 22.0 23.0 1 1 1.0 1.0 17/11/2022 11 13 16 45.4785387 9.2317685
6 62 16.0 62.0 99054 11 789 0.01 0.0 20.0 22.0 23.0 1 2 1.0 2.0 17/11/2022 11 13 44 45.4783189 9.2316083
6 63 16.0 61.0 99054 14 763 0.01 0.0 20.0 22.0 23.0 1 2 1.0 2.0 17/11/2022 11 14 10 45.4782585 9.2315916
6 1 16.0 62.0 99054 18 694 0.01 0.0 16.0 17.0 17.0 1 2 2.0 2.0 17/11/2022 11 14 30 45.4782379 9.2316035
6 3 0 0 0 120 786 0.01 0.0 17.0 18.0 18.0 1 0 1.0 1.0 17/11/2022 11 14 54 45.4782383 9.2316033
6 3 16.0 61.0 99055 234 767 0.01 0.0 17.0 18.0 18.0 1 3 3.0 3.0 17/11/2022 11 15 14 45.4782814 9.2315942
6 4 17.0 61.0 99055 301 742 0.01 0.0 29.0 32.0 33.0 1 2 2.0 2.0 17/11/2022 11 15 52 45.4783417 9.2315967
6 6 0 0 0 352 763 0.01 0.0 24.0 26.0 26.0 1 0 1.0 1.0 17/11/2022 11 16 28 45.4783417 9.2315967
6 6 18.0 59.0 99056 354 784 0.01 0.0 23.0 25.0 25.0 1 1 2.0 2.0 17/11/2022 11 16 40 45.4783417 9.2315967
6 7 18.0 59.0 99057 367 753 0.01 0.0 20.0 23.0 25.0 1 2 2.0 2.0 17/11/2022 11 17 4 45.4783417 9.2315967
6 8 19.0 58.0 99058 365 745 0.01 0.0 25.0 27.0 27.0 1 1 1.0 1.0 17/11/2022 11 17 30 45.4783417 9.2315967
6 9 19.0 58.0 99059 352 734 0.01 0.0 25.0 27.0 27.0 1 2 2.0 2.0 17/11/2022 11 17 52 45.4783417 9.2315967
6 10 19.0 57.0 99060 385 741 0.01 0.0 22.0 24.0 26.0 1 2 2.0 1.0 17/11/2022 11 18 16 45.4783417 9.2315967
6 11 19.0 57.0 99060 364 730 0.01 0.0 21.0 23.0 23.0 1 1 1.0 1.0 17/11/2022 11 18 40 45.4783417 9.2315967
6 12 19.0 56.0 99061 311 732 0.01 0.0 22.0 24.0 25.0 1 2 2.0 2.0 17/11/2022 11 19 2 45.4782451 9.231545
6 13 19.0 56.0 99062 248 730 0.01 0.0 21.0 23.0 24.0 1 2 2.0 2.0 17/11/2022 11 19 26 45.4784 9.2315877
6 14 19.0 55.0 99063 210 676 0.01 0.0 21.0 23.0 24.0 1 2 2.0 2.0 17/11/2022 11 19 52 45.4784759 9.2314721
6 15 19.0 55.0 99063 162 785 0.01 0.0 21.0 23.0 24.0 2 2 3.0 2.0 17/11/2022 11 20 16 45.4784316 9.2309029
6 16 18.0 56.0 99063 117 699 0.01 0.0 25.0 27.0 28.0 1 2 1.0 2.0 17/11/2022 11 20 52 45.4784748 9.2306192
6 17 18.0 56.0 99062 93 630 0.01 0.0 22.0 23.0 23.0 1 2 2.0 2.0 17/11/2022 11 21 14 45.4785164 9.2302748
6 18 18.0 55.0 99062 88 740 0.01 0.0 23.0 25.0 25.0 1 1 2.0 1.0 17/11/2022 11 21 38 45.47822 9.2302197
6 19 18.0 55.0 99062 90 731 0.01 0.0 18.0 19.0 19.0 1 1 1.0 1.0 17/11/2022 11 22 8 45.4779685 9.2301759
6 20 18.0 55.0 99062 84 752 0.01 0.0 18.0 19.0 19.0 1 1 2.0 2.0 17/11/2022 11 22 28 45.477677 9.2301844
6 21 18.0 55.0 99061 94 732 0.01 0.0 18.0 19.0 19.0 1 2 1.0 2.0 17/11/2022 11 22 50 45.4772434 9.2302016
6 22 18.0 55.0 99061 94 760 0.01 0.0 21.0 23.0 23.0 2 1 1.0 1.0 17/11/2022 11 23 30 45.4770482 9.2302041
6 23 18.0 56.0 99061 90 726 0.01 0.0 28.0 29.0 29.0 1 1 2.0 1.0 17/11/2022 11 23 42 45.4768819 9.2301762
6 24 18.0 56.0 99060 77 690 0.01 0.0 28.0 29.0 29.0 1 2 2.0 2.0 17/11/2022 11 24 0 45.4768584 9.2297503
6 26 17.0 56.0 99060 0 0 0 0.0 24.0 25.0 25.0 1 1 0.0 1.0 17/11/2022 11 24 30 45.4768422 9.2294394
6 26 17.0 56.0 99059 76 704 0.01 0.0 24.0 25.0 25.0 1 2 2.0 2.0 17/11/2022 11 24 52 45.4768405 9.2290136
6 27 17.0 56.0 99059 81 767 0.01 0.0 24.0 25.0 25.0 1 3 2.0 2.0 17/11/2022 11 25 18 45.4768586 9.2285007
6 28 17.0 57.0 99058 69 677 0.01 0.0 25.0 26.0 26.0 1 1 1.0 1.0 17/11/2022 11 25 50 45.4768424 9.2280587
6 29 17.0 57.0 99057 49 752 0.01 0.0 23.0 25.0 25.0 1 2 2.0 2.0 17/11/2022 11 26 14 45.4768477 9.2277431
6 30 17.0 57.0 99057 35 672 0.01 0.0 23.0 25.0 26.0 2 2 2.0 2.0 17/11/2022 11 26 38 45.4768536 9.2273646
6 31 17.0 58.0 99056 35 791 0.01 0.0 22.0 24.0 24.0 2 2 2.0 2.0 17/11/2022 11 27 2 45.4767971 9.2269646
6 32 17.0 58.0 99055 40 713 0.01 0.0 26.0 27.0 27.0 1 2 2.0 2.0 17/11/2022 11 27 28 45.4763716 9.2266863
6 34 0 0 0 29 727 0.01 0.0 0.0 0.0 0.0 0 0 1.0 0.0 17/11/2022 11 28 4 45.4762877 9.2266431
6 34 17.0 58.0 99053 40 740 0.01 0.0 21.0 23.0 25.0 1 2 1.0 2.0 17/11/2022 11 28 16 45.4759636 9.2266175
6 35 17.0 58.0 99052 50 707 0.01 0.0 19.0 21.0 22.0 1 2 2.0 2.0 17/11/2022 11 28 38 45.4755972 9.2266403
6 36 17.0 58.0 99051 51 699 0.01 0.0 19.0 21.0 22.0 1 2 1.0 2.0 17/11/2022 11 29 6 45.4753618 9.2266572
6 37 17.0 58.0 99050 51 691 0.01 0.0 22.0 23.0 23.0 1 2 2.0 2.0 17/11/2022 11 29 30 45.4749159 9.2266594
6 38 17.0 58.0 99050 58 757 0.01 0.0 22.0 24.0 24.0 1 1 1.0 1.0 17/11/2022 11 30 4 45.4747386 9.2267134
6 39 17.0 59.0 99049 50 704 0.01 0.0 22.0 24.0 24.0 1 3 3.0 3.0 17/11/2022 11 30 18 45.4742306 9.2267171
6 40 16.0 59.0 99048 45 752 0.01 0.0 20.0 21.0 21.0 1 2 2.0 2.0 17/11/2022 11 30 54 45.4739387 9.2267129
6 41 16.0 59.0 99048 36 655 0.01 0.0 28.0 30.0 30.0 1 1 1.0 1.0 17/11/2022 11 31 18 45.4736692 9.2270074
6 42 16.0 59.0 99047 34 770 0.01 0.0 24.0 26.0 28.0 1 1 1.0 1.0 17/11/2022 11 31 50 45.4735187 9.2270358
6 43 16.0 58.0 99047 32 772 0.01 0.0 17.0 18.0 18.0 1 2 2.0 2.0 17/11/2022 11 32 2 45.4734292 9.2273206
6 44 17.0 58.0 99046 36 701 0.01 0.0 23.0 25.0 25.0 2 2 2.0 2.0 17/11/2022 11 32 26 45.4730582 9.2274114
6 45 17.0 58.0 99046 39 747 0.01 0.0 24.0 25.0 25.0 1 1 1.0 1.0 17/11/2022 11 32 50 45.4726236 9.2274237
6 46 17.0 59.0 99046 40 692 0.01 0.0 14.0 15.0 15.0 1 1 1.0 2.0 17/11/2022 11 33 22 45.4724254 9.2273347
6 47 16.0 59.0 99046 44 719 0.01 0.0 30.0 31.0 32.0 1 2 1.0 2.0 17/11/2022 11 33 42 45.472217 9.2273284
6 48 16.0 59.0 99046 33 761 0.01 0.0 29.0 31.0 31.0 1 2 2.0 2.0 17/11/2022 11 34 2 45.4721054 9.2271749
6 49 16.0 59.0 99046 23 768 0.01 0.0 18.0 19.0 19.0 1 1 1.0 1.0 17/11/2022 11 34 34 45.4720703 9.2272507
6 50 16.0 59.0 99046 50 734 0.01 0.0 18.0 19.0 19.0 1 2 2.0 2.0 17/11/2022 11 34 52 45.4721242 9.2271303
6 51 17.0 58.0 99046 64 732 0.01 0.0 18.0 19.0 19.0 1 2 3.0 3.0 17/11/2022 11 35 16 45.4721326 9.227123
6 53 0 0 0 81 707 0.01 0.0 25.0 26.0 26.0 1 0 1.0 1.0 17/11/2022 11 36 0 45.4721762 9.2270928
6 53 17.0 57.0 99047 110 700 0.01 0.0 20.0 22.0 22.0 1 1 2.0 1.0 17/11/2022 11 36 24 45.472155 9.227105
6 54 18.0 56.0 99046 124 762 0.01 0.0 23.0 25.0 25.0 1 2 1.0 2.0 17/11/2022 11 36 40 45.4721244 9.2271271
6 55 18.0 56.0 99047 199 732 0.01 0.0 16.0 18.0 18.0 1 2 2.0 2.0 17/11/2022 11 37 4 45.4721763 9.2270018
6 56 18.0 56.0 99047 285 788 0.01 0.0 23.0 25.0 25.0 1 1 2.0 1.0 17/11/2022 11 37 36 45.4722289 9.2268888
6 57 19.0 56.0 99047 294 749 0.01 0.0 23.0 25.0 25.0 1 2 2.0 1.0 17/11/2022 11 37 52 45.472296 9.2268527
6 58 19.0 56.0 99046 414 761 0.01 0.0 30.0 34.0 37.0 1 2 2.0 2.0 17/11/2022 11 38 16 45.47215 9.22703
6 60 19.0 56.0 99046 0 0 0 0.0 24.0 26.0 26.0 1 1 0.0 1.0 17/11/2022 11 38 52 45.4721494 9.2270172
6 60 19.0 55.0 99046 360 774 0.01 0.0 24.0 26.0 26.0 1 1 2.0 1.0 17/11/2022 11 39 8 45.4721583 9.2270449
6 61 19.0 55.0 99045 369 713 0.01 0.0 15.0 16.0 16.0 1 2 2.0 2.0 17/11/2022 11 39 24 45.4720319 9.227164
6 62 20.0 54.0 99044 361 885 0.01 0.0 16.0 17.0 17.0 1 2 2.0 2.0 17/11/2022 11 39 48 45.4720508 9.2268626
6 63 19.0 54.0 99043 228 722 0.01 0.0 16.0 17.0 17.0 1 2 2.0 3.0 17/11/2022 11 40 18 45.4721136 9.2269411
6 1 19.0 54.0 99041 338 807 0.01 0.0 7.0 7.0 7.0 1 1 1.0 1.0 17/11/2022 11 41 2 45.4720677 9.2269358
6 2 19.0 54.0 99034 279 871 0.01 0.0 8.0 8.0 8.0 1 2 2.0 2.0 17/11/2022 11 41 14 45.4722312 9.2264838
6 3 20.0 55.0 99026 306 874 0.01 0.0 10.0 12.0 12.0 1 2 1.0 1.0 17/11/2022 11 41 38 45.4721831 9.2270285
6 4 20.0 54.0 99018 252 920 0.01 0.0 5.0 5.0 5.0 1 1 1.0 1.0 17/11/2022 11 42 14 45.472138 9.2273571
6 5 21.0 54.0 99012 379 920 0.01 0.0 13.0 13.0 13.0 1 2 2.0 2.0 17/11/2022 11 42 26 45.4721057 9.2272128
6 7 21.0 54.0 99005 456 954 0.01 0.0 0.0 0.0 0.0 0 1 2.0 0.0 17/11/2022 11 42 52 45.4720986 9.2272079
6 7 21.0 55.0 98999 628 943 0.01 0.0 7.0 8.0 9.0 1 2 2.0 2.0 17/11/2022 11 43 16 45.4721182 9.2271772
6 8 21.0 55.0 98994 669 925 0.01 0.0 6.0 7.0 7.0 1 2 2.0 2.0 17/11/2022 11 43 40 45.4721667 9.2271783
6 9 22.0 55.0 98988 698 934 0.01 0.0 6.0 7.0 7.0 1 1 1.0 1.0 17/11/2022 11 44 4 45.4721183 9.2272283
6 10 22.0 55.0 98984 836 922 0.01 0.0 11.0 11.0 11.0 1 2 2.0 2.0 17/11/2022 11 44 28 45.4721183 9.2272283
6 11 22.0 55.0 98979 886 924 0.01 0.0 11.0 11.0 11.0 1 2 2.0 2.0 17/11/2022 11 44 52 45.4720938 9.2273576
6 12 22.0 55.0 98975 974 922 0.01 0.0 11.0 11.0 11.0 1 2 1.0 2.0 17/11/2022 11 45 16 45.4720808 9.2273167
6 13 22.0 55.0 98971 1035 935 0.01 0.0 13.0 16.0 18.0 1 2 2.0 2.0 17/11/2022 11 45 50 45.4720526 9.227261
6 14 23.0 55.0 98967 990 916 0.01 0.0 7.0 7.0 7.0 1 2 2.0 1.0 17/11/2022 11 46 14 45.4720904 9.2272706
6 15 23.0 54.0 98963 992 938 0.01 0.0 10.0 11.0 11.0 1 1 2.0 1.0 17/11/2022 11 46 48 45.4720569 9.227205
6 16 23.0 53.0 98960 1057 934 0.01 0.0 10.0 11.0 11.0 1 2 1.0 2.0 17/11/2022 11 47 4 45.4720838 9.2271157
6 17 24.0 54.0 98957 1082 926 0.01 0.0 11.0 12.0 12.0 1 1 2.0 1.0 17/11/2022 11 47 26 45.4720837 9.2271687
6 18 24.0 53.0 98954 1121 975 0.01 0.0 11.0 12.0 12.0 1 2 1.0 2.0 17/11/2022 11 47 56 45.4720963 9.2271983
6 19 24.0 54.0 98951 1134 981 0.01 0.0 15.0 16.0 16.0 1 1 1.0 1.0 17/11/2022 11 48 16 45.4721213 9.2271728
