286.18	1056.67	0	0.01	19.03	18.05	19.03		7.5	618.32	0	0.01	30.07	29.85	30.07		31.73	823.58	0	0.01	39.65	39.23	39.65		1.58	614.93	0	0.01	35.5	35.45	35.5		10.48	648.92	0	0.01	37.28	37.25	37.28		39.47	623.03	0	0.01	31.92	31.92	31.92		5.47	610.32	0	0.01	35.65	35.05	35.65
458.77	1183.6	0	0.01	21.2	20.68	21.2		124.53	680.72	0	0.01	32.15	30.78	32.15		228.78	984.08	0	0.01	41.15	40.63	41.15		25.4	778.47	0	0.01	43.1	41.35	43.1		5.86	685.85	0	0.01	40.98	40.12	40.98		29.37	588.93	0	0.01	37.15	37.15	37.15		17.75	627.08	0	0.01	35.67	34.87	35.67
542.15	1054.35	0	0.01	15.73	14.75	15.73		235.08	659.62	0	0.01	30.72	30.61	30.72		293.94	812.44	0	0.01	41.24	39.27	41.24		121.98	724.07	0	0.01	37.55	37.48	37.55		111.6	623.7	0	0.01	39.63	39.63	39.63		86	761.73	0	0.01	34.97	34.97	34.97		165.88	735.82	0	0.01	35.87	35.47	35.87
581.55	1009.15	0	0.01	15.5	14.63	15.5		372.52	654.15	0	0.01	32.81	30	32.81		187.48	694.45	0	0.01	35.52	35.52	35.52		64.32	627.1	0	0.01	34.08	34.08	34.08		175.27	671.6	0	0.01	40.6	40.6	40.6		148.6	829.3	0	0.01	50.17	48.57	50.17		234.33	681.13	0	0.01	33.78	33.78	33.78
567.25	911.88	0	0.01	16.87	16.47	16.87		353.15	623.24	0	0.01	40.5	39.61	40.5		234.68	635.13	0	0.01	35.75	34.45	35.75		277.29	613.03	0	0.01	38.07	37.78	38.07		83.57	648.14	0	0.01	38.85	38.85	38.85		83.08	729.43	0	0.01	46.1	44.83	46.1		663.36	639.36	0	0.01	32.45	32.45	32.45
545.33	886	0	0.01	7.68	6.7	7.68		21.08	586.88	0	0.01	10.89	10.89	10.89		1.5	624.9	0	0.01	9.88	8.85	9.88		17.52	637.28	0	0.01	11.8	11.8	11.8		8.8	637.08	0	0.01	16.38	15.45	16.38		7.38	650.27	0	0.01	17.33	16.97	17.33		5.87	659.62	0	0.01	15.73	15.73	15.73
651.93	886.95	0	0.01	5.17	4.7	5.17		30.75	613.45	0	0.01	6.58	6.58	6.58		68.6	614.58	0	0.01	8.6	7.62	8.6		17.97	628.24	0	0.01	10.83	10.83	10.83		70	626.22	0	0.01	7.98	7.22	7.98		41.63	637.27	0	0.01	17.22	17.22	17.22		27.87	636.82	0	0.01	17.2	17.2	17.2
640.93	893.48	0	0.01	6.3	5.07	6.3		127.3	610.92	0	0.01	5.07	5.07	5.07		168.33	618.25	0	0.01	6.65	5.83	6.65		95.1	623.68	0	0.01	7.67	7.32	7.67		88.32	610.77	0	0.01	14.35	12.45	14.35		112.8	628.83	0	0.01	19.15	18.72	19.15		90.22	637.9	0	0.01	17.57	17.57	17.57
626.67	884.3	0	0.01	5.07	4.5	5.07		203.23	631.68	0	0.01	4.07	4.07	4.07		216.95	631.93	0	0.01	7.38	6.98	7.38		170.17	594.88	0	0.01	10.5	10.05	10.5		115.18	611.67	0	0.01	12.45	11.48	12.45		57.05	633.5	0	0.01	20.73	20.73	20.73		169.55	617.43	0	0.01	16.23	16.2	16.23
591.93	870.9	0	0.01	6.27	6.27	6.27		790.2	613.5	0	0.01	6.04	6.04	6.04		149.55	614.37	0	0.01	7.95	7.95	7.95		315.62	613.88	0	0.01	10.85	9.52	10.85		86.45	589.23	0	0.01	11.27	11.27	11.27		36.48	637.33	0	0.01	17.17	17.03	17.17		185.92	613.18	0	0.01	19.08	17.6	19.08
698.17	1434.2	0	0.01	5.32	5.32	5.32		15.45	596.68	0	0.01	24.56	22.6	24.56		89.43	577.15	0	0.01	25.48	25.48	25.48		117.42	553.85	0	0.01	22.42	22.42	22.42		58.62	595	0	0.01	24.2	24.2	24.2		22	519.33	0	0.01	16.98	16.98	16.98		72.78	590.68	0	0.01	19.18	19.18	19.18
827.92	1296.48	0	0.01	6.45	5.9	6.45		99.08	572.52	0	0.01	22.05	22.05	22.05		11.78	593.93	0	0.01	23.45	23.45	23.45		103.07	581.25	0	0.01	26.3	25.62	26.3		6	578.35	0	0.01	20.6	20.6	20.6		23.41	561	0	0.01	26.68	24.68	26.68		304.05	580.45	0	0.01	20.65	20.65	20.65
871.28	1307.48	0	0.01	6.95	5.27	6.95		191.05	569.73	0	0.01	24.17	23.56	24.17		80.52	564.4	0	0.01	23.77	23.59	23.77		104.53	585.35	0	0.01	22.4	22.12	22.4		85.79	576.88	0	0.01	24.21	24.21	24.21		451.43	643.43	0	0.01	30.82	28.48	30.82		644.35	571.27	0	0.01	18.28	18.28	18.28
892.95	1354.4	0	0.01	5.6	5.57	5.6		194.05	564.07	0	0.01	25.11	23.48	25.11		194.12	562.45	0	0.01	25.97	24.98	25.97		173.06	601.47	0	0.01	29.38	29.38	29.38		204.75	577.37	0	0.01	22.96	22	22.96		671.93	617.7	0	0.01	18.88	18.88	18.88		1235.25	604.57	0	0.01	17.05	17.05	17.05
916.68	1412.57	0	0.01	2.53	2.53	2.53		247.7	584.67	0	0.01	27.75	26.71	27.75		154.38	567.75	0	0.01	19	18.68	19		387.8	568.51	0	0.01	21.25	21.25	21.25		177.62	518	0	0.01	25.51	25.51	25.51		787.8	574.4	0	0.01	18.83	18.83	18.83		1340.08	618.53	0	0.01	15.35	15.35	15.35
857.76	820.1	0	0.01	12.87	12.47	12.87		7.38	582.85	0	0.01	25.52	24.4	25.52		120.93	588.62	0	0.01	20.72	20.05	20.72		13.48	608.37	0	0.01	18.27	17.67	18.27		13.47	599.43	0	0.01	21.92	21.92	21.92		52.57	607.22	0	0.01	21.35	20.65	21.35		29.17	629.7	0	0.01	25.48	25.4	25.48
965.65	831.57	0	0.01	5.55	5.55	5.55		263.42	607.72	0	0.01	24.58	24.23	24.58		38.6	583.88	0	0.01	21.08	20.78	21.08		87.8	610.48	0	0.01	19.18	18.58	19.18		21.38	635.48	0	0.01	29.47	29.47	29.47		49.53	613.02	0	0.01	20.65	20.65	20.65		1.96	680.21	0	0.01	26.87	26.65	26.87
1002.82	888.1	0	0.01	11.28	10.88	11.28		631.85	606.87	0	0.01	19.47	19.08	19.47		309.08	595.35	0	0.01	24.58	24.58	24.58		116.1	564.21	0	0.01	20.25	19.67	20.25		24.38	593.82	0	0.01	17.43	17.43	17.43		53.07	617.78	0	0.01	19.97	19.67	19.97		27.23	607.86	0	0.01	26	25.95	26
984.35	891.58	0	0.01	9.57	9.57	9.57		598.53	598.42	0	0.01	19.6	19.55	19.6		348.95	582.55	0	0.01	21.78	21.78	21.78		211.86	606.34	0	0.01	20.42	20	20.42		93.1	625.43	0	0.01	15.95	15.95	15.95		182.33	607.28	0	0.01	28.13	23.87	28.13		203.65	596.95	0	0.01	26.25	26.25	26.25
969.18	883.68	0	0.01	7.87	7.87	7.87		747.83	610.45	0	0.01	18.68	18.68	18.68		199.62	575.83	0	0.01	19.58	19.58	19.58		407.47	602.68	0	0.01	17.53	17.53	17.53		98.37	598.87	0	0.01	23.18	22.12	23.18		256.8	585.13	0	0.01	17.9	17.37	17.9		600.85	604.82	0	0.01	24.42	24.42	24.42
506.43	929.8	0	0.01	14.8	14.8	14.8		168.53	600.23	0	0.01	32.67	31.82	32.67		31.87	612.85	0	0.01	28.12	27.33	28.12		93.56	672.54	0	0.01	30.27	29.55	30.27		75.11	606.81	0	0.01	29.5	28.95	29.5		0	595.53	0	0.01	34.65	34.65	34.65		35.75	597.35	0	0.01	24.58	24.58	24.58
548.08	873.35	0	0.01	13.94	13.94	13.94		293.3	589.87	0	0.01	32.93	32.85	32.93		159.36	674.5	0	0.01	31.32	31.32	31.32		159.88	828.03	0	0.01	31.47	31.12	31.47		45.33	677.1	0	0.01	30.83	29.85	30.83		17.04	611.27	0	0.01	27.88	27.88	27.88		496.9	688.73	0	0.01	27.4	26.2	27.4
543.92	806.12	0	0.01	17.28	17.28	17.28		401.37	598.08	0	0.01	79.5	63.64	79.5		355.45	749.38	0	0.01	32.45	32.45	32.45		426.53	686.45	0	0.01	30.4	28.94	30.4		141.63	700.6	0	0.01	33.95	32.52	33.95		16.17	639.62	0	0.01	32.03	31.06	32.03		916.4	751.27	0	0.01	28.3	28.3	28.3
537.28	784.2	0	0.01	14.77	14.77	14.77		351.87	643.68	0	0.01	42.67	39.4	42.67		449.48	714.78	0	0.01	31.8	31.6	31.8		324.53	647.15	0	0.01	26.82	26.02	26.82		429.25	647.8	0	0.01	36.18	35.58	36.18		129.53	619.48	0	0.01	35.48	34.03	35.48		1148.98	791.07	0	0.01	33.52	33.12	33.52
506.78	769.93	0	0.01	16.33	15.97	16.33		276.45	646.23	0	0.01	34.95	34.02	34.95		512.92	647.38	0	0.01	37.67	36.37	37.67		299.23	693.85	0	0.01	34.65	31.47	34.65		733.65	664.43	0	0.01	34.65	34.65	34.65		377.48	616.53	0	0.01	33.87	32.97	33.87		1183.12	741.27	0	0.01	29.92	29.92	29.9
523.33	1040.05	0	0.01	15.82	15.28	15.82		87.07	623.27	0	0.01	24.52	23.53	24.52		164.15	650.43	0	0.01	15.57	15.57	15.57		4.08	654.27	0	0.01	18.8	18.18	18.8		13.23	630.8	0	0.01	18.9	18.68	18.9		32.28	675.18	0	0.01	20.52	20.52	20.52		34.45	703.88	0	0.01	32.7	31.07	32.7
653.42	1068.58	0	0.01	14.87	12.6	14.87		287.5	644.1	0	0.01	19.06	18.08	19.06		476.42	633.97	0	0.01	14.3	14.3	14.3		62.48	616.23	0	0.01	16.46	16.34	16.46		4.44	697.29	0	0.01	20.75	20.38	20.75		112.28	679.68	0	0.01	20.12	20.12	20.12		83.55	721.22	0	0.01	33.72	33.72	33.72
641.56	1101.38	0	0.01	10.17	9	10.17		482.7	654.67	0	0.01	17.67	17.63	17.67		450.45	632.37	0	0.01	17.28	16.65	17.28		441.73	620.27	0	0.01	16.23	16.23	16.23		11.3	683.92	0	0.01	19.77	19.77	19.77		508.4	771.55	0	0.01	18.28	18.17	18.28		256.05	718.68	0	0.01	36.38	36.38	36.38
588.67	1091.08	0	0.01	10.37	10.18	10.37		547.83	643.6	0	0.01	19.03	19.03	19.03		296.18	625.47	0	0.01	21.92	19.95	21.92		497.73	625.33	0	0.01	17.57	17.57	17.57		62.44	639.51	0	0.01	15.17	15.12	15.17		511.83	691.92	0	0.01	24.72	24.43	24.72		381.32	715.73	0	0.01	31.63	30.57	31.63
583.6	1116.42	0	0.01	11.43	10.45	11.43		579.93	661.72	0	0.01	16.67	16.67	16.67		148.78	633.68	0	0.01	15.67	15.27	15.67		506.15	615.48	0	0.01	20.65	20.65	20.65		320.24	625.37	0	0.01	19.7	19.38	19.7		551.03	678.7	0	0.01	23.6	22.83	23.6		427.47	705.31	0	0.01	30.63	30.63	30.63
588.3	823.57	0	0.01	17.23	16.73	17.23		3.52	605.3	0	0.01	24.47	24.47	24.47		38.25	606.22	0	0.01	29.72	29.13	29.72		154.53	593.65	0	0.01	20.57	20.57	20.57		104.58	577.96	0	0.01	37.53	37.2	37.53		331.1	603.05	0	0.01	22.83	22.83	22.83		256.64	621.55	0	0.01	25.27	25.27	25.27
721.72	832.32	0	0.01	16.37	16.37	16.37		45.5	622.45	0	0.01	34.73	34.5	34.73		29.55	616.15	0	0.01	26.62	25.87	26.62		384.2	585.84	0	0.01	35.77	33.22	35.77		138.22	575.11	0	0.01	19.84	19.45	19.84		281.64	578.43	0	0.01	15.88	15.62	15.88		404.58	636.8	0	0.01	24.57	24.57	24.57
728.85	841.88	0	0.01	12.1	12.1	12.1		83.63	588.52	0	0.01	33.43	32.33	33.43		9.32	606.53	0	0.01	23.6	23.6	23.6		711.02	615.58	0	0.01	28.5	26.75	28.5		425.7	573.09	0	0.01	19.48	19.48	19.48		246.37	581.38	0	0.01	17.75	16.95	17.75		508.35	599.43	0	0.01	24.43	22.97	24.43
659	871.95	0	0.01	17.18	17.18	17.18		124.16	609.63	0	0.01	28.67	28.4	28.67		9.35	586.1	0	0.01	20.8	19.73	20.8		513.27	618.47	0	0.01	18.85	18.85	18.85		509.78	590.3	0	0.01	18.1	18.1	18.1		450.34	578.59	0	0.01	21.13	20.63	21.13		778.22	591.68	0	0.01	21.31	19.38	21.31
645.27	903.65	0	0.01	14.98	14.98	14.98		95.65	620.78	0	0.01	31.47	30.85	31.47		2.4	577.32	0	0.01	24.28	23.75	24.28		361.37	595.5	0	0.01	23.62	22.52	23.62		570.18	595.38	0	0.01	22.41	22.41	22.41		629.68	587.9	0	0.01	19.67	18.67	19.67		698.32	616.62	0	0.01	20.43	19.8	20.43
619.85	1098.42	0	0.01	1.92	0.97	1.92		362.05	542.7	0	0.01	8.55	2.34	8.55		82.83	563.67	0	0.01	2.79	1.86	2.79		12.7	560.87	0	0.01	0	0.98	0		82.9	520.57	0	0.01	2.75	1.95	2.75		25.74	509.82	0	0.01	1.91	1.33	1.91		76.33	576.63	0	0.01	5.17	3.15	5.17
638.27	1078.88	0	0.01	3.82	2.08	3.82		321.78	526.77	0	0.01	1.72	1.32	1.72		608.6	635.77	0	0.01	1.97	1.97	1.97		36.04	560.92	0	0.01	1.75	0.98	1.75		74.4	549	0	0.01	3.68	3.05	3.68		0	508.52	0	0.01	1.05	1.05	1.05		68.5	577.53	0	0.01	1.97	1.58	1.97
627.05	988.83	0	0.01	3.81	2.28	3.81		241.43	538.42	0	0.01	0.97	0.98	0.97		838.6	605.67	0	0.01	2.5	2.5	2.5		293.2	588.68	0	0.01	1.97	0.98	1.97		161.77	596.78	0	0.01	0.98	0.98	0.98		110.48	559.22	0	0.01	0	1.91	0		845.75	591.43	0	0.01	1.1	1.05	1.1
583.93	974.58	0	0.01	1.95	0.97	1.95		317.6	545.92	0	0.01	1.38	0.97	1.38		611.38	546.4	0	0.01	1.54	1.43	1.54		554.57	587.9	0	0.01	1.87	0.98	1.87		237.3	570.88	0	0.01	2.12	1.78	2.12		477.98	557.02	0	0.01	2.67	2.29	2.67		1175.58	600.8	0	0.01	2.92	1.62	2.92
574.1	945.48	0	0.01	0	1.96	0		777.42	515.23	0	0.01	1.39	1	1.39		850.62	610.23	0	0.01	1.96	1.07	1.96		992.43	575.4	0	0.01	1.82	1.22	1.82		569.18	557.38	0	0.01	2.73	1.37	2.73		762.55	562.38	0	0.01	5.9	3.93	5.9		1352.42	590.65	0	0.01	2.84	1.28	2.84
302.67	1135.17	0	0.01	10.43	9.65	10.43		17.12	651.05	0	0.01	32.1	31.9	32.1		10.45	664.58	0	0.01	32.87	32.87	32.87		12.22	682.93	0	0.01	32.57	31.68	32.57		12.97	703.63	0	0.01	38.28	38.28	38.28		2.25	690.47	0	0.01	40.37	40.37	40.37		12.2	673.22	0	0.01	44.2	41.71	44.2
329.47	1091.75	0	0.01	13.75	11.63	13.75		135.95	676.35	0	0.01	38.17	37.4	38.17		45.65	669.28	0	0.01	33.47	33.47	33.47		67.25	679.2	0	0.01	39.78	39.08	39.78		77.06	695.5	0	0.01	38.62	38.62	38.62		27.65	731.25	0	0.01	37.37	36.15	37.37		11.95	707.82	0	0.01	41.92	41.52	41.92
319.97	1092.78	0	0.01	10.55	9.83	10.55		257.87	669.83	0	0.01	34.35	34.28	34.35		103.22	671.88	0	0.01	34.1	32.8	34.1		187.02	675.53	0	0.01	37.38	36.88	37.38		186.22	686.87	0	0.01	41.95	40.93	41.95		87.48	743.02	0	0.01	35.97	35.25	35.97		35.85	702.18	0	0.01	40.42	40.22	40.42
296.37	1098.58	0	0.01	9.5	9.5	9.5		295.7	666	0	0.01	31.02	30.66	31.02		174.62	676.15	0	0.01	31.83	30.4	31.83		160.92	698.92	0	0.01	33.98	33.32	33.98		226.35	687.5	0	0.01	47.28	45.57	47.28		177.83	735.68	0	0.01	41.68	39.77	41.68		110.52	682.92	0	0.01	39.45	38.98	39.45
274.73	1114.58	0	0.01	6.67	5.9	6.67		273.52	664.7	0	0.01	28.4	28.4	28.4		177.42	636.95	0	0.01	41.4	41.4	41.4		133.32	669.78	0	0.01	39.18	38.38	39.18		218.7	669.68	0	0.01	39.62	38.85	39.62		235.5	712.25	0	0.01	41.45	40.23	41.45		170.75	696.55	0	0.01	41.68	41.15	41.68
718.7	1716.82	0	0.01	8.27	8.27	8.27		99.97	675.87	0	0.01	49.6	49.6	49.6		5.27	702.68	0	0.01	42.18	40.58	42.18		63.42	672.75	0	0.01	42.05	40.95	42.05		236.98	649.18	0	0.01	48.72	46.62	48.72		236.98	649.18	0	0.01	48.72	46.62	48.72		12.68	678.88	0	0.01	46.57	46.57	46.57
944.62	1739.55	0	0.01	11.67	11.27	11.67		136.7	665.02	0	0.01	45.55	45.55	45.55		88.97	684.65	0	0.01	38.85	38.12	38.85		150.22	665.88	0	0.01	49.38	48.18	49.38		287	657.2	0	0.01	45.35	43.85	45.35		287	657.2	0	0.01	45.35	43.85	45.35		89.27	666.82	0	0.01	45.97	45.97	45.97
970.87	1749.31	0	0.01	13.37	12.67	13.37		118.8	671.45	0	0.01	43.92	43.12	43.92		204.95	668.25	0	0.01	37.27	35.3	37.27		221.72	646.25	0	0.01	51.13	50.48	51.13		350.2	687.6	0	0.01	43.02	43.02	43.02		350.2	687.6	0	0.01	43.02	43.02	43.02		207.9	682.65	0	0.01	46.87	46.47	46.87
945.96	1780.15	0	0.01	10.25	9.27	10.25		118.05	658.88	0	0.01	43.9	43.9	43.9		234.15	645.58	0	0.01	43.7	43.2	43.7		354.65	675.15	0	0.01	51.13	48.18	51.13		164.47	620.53	0	0.01	51.53	50.78	51.53		164.47	620.53	0	0.01	51.53	50.78	51.53		251.98	665.48	0	0.01	51.57	51	51.57
988.5	1770.15	0	0.01	12.58	11.13	12.58		166.81	645.64	0	0.01	44.5	43.9	44.5		210.57	638.42	0	0.01	42.42	42.42	42.42		287	651.88	0	0.01	52.62	50.87	52.62		85.03	648.33	0	0.01	49.67	49.15	49.67		85.03	648.33	0	0.01	49.67	49.15	49.67		394.72	699.05	0	0.01	55.07	53.1	55.07
431.25	991.75	0	0.01	15.22	14.63	15.22		41.37	650.82	0	0.01	12.1	11.7	12.1		80.07	690.35	0	0.01	17.95	16.75	17.95		171.95	668.78	0	0.01	5.88	5.88	5.88		0	685.22	0	0.01	12.02	12.02	12.02		10.17	639.23	0	0.01	13.35	13.35	13.35		7.74	640.85	0	0.01	10.83	10.83	10.83
407.43	978.3	0	0.01	11.55	11.55	11.55		159.97	650.55	0	0.01	9.88	9.88	9.88		409.23	705.25	0	0.01	8.85	8.85	8.85		217.72	674.52	0	0.01	7.95	7.95	7.95		26.44	665.75	0	0.01	15.15	14.58	15.15		21.1	658.58	0	0.01	14.18	14.18	14.18		46.22	685.28	0	0.01	12.98	12.98	12.98
418.53	985.47	0	0.01	11.22	10.82	11.22		187.18	653.25	0	0.01	13.2	13.2	13.2		442.75	674	0	0.01	9.38	9.38	9.38		351.12	674.75	0	0.01	5.89	5.89	5.89		81.93	677.52	0	0.01	13.98	13.35	13.98		347.27	656.35	0	0.01	17.18	17.18	17.18		250.46	758.46	0	0.01	24.58	24.58	24.58
406.52	982.52	0	0.01	9.97	9.97	9.97		156.68	620.72	0	0.01	12.67	12.67	12.67		459.1	647.33	0	0.01	12.88	12.48	12.88		405.05	684.02	0	0.01	6.52	6.52	6.52		238.69	646.11	0	0.01	12.73	12.73	12.73		621.65	624.37	0	0.01	13.33	13.33	13.33		407.47	688.95	0	0.01	21.83	21.43	21.83
355.25	966.58	0	0.01	12.93	12.93	12.93		140	652.1	0	0.01	7.62	7.62	7.62		480.75	654.18	0	0.01	8.88	8.88	8.88		383.02	642.43	0	0.01	11.57	11.57	11.57		183.16	642.05	0	0.01	11.15	11.15	11.15		453.18	635.03	0	0.01	16.69	16.69	16.69		550.2	673.38	0	0.01	23.93	23.67	23.93
572.77	1104.02	0	0.01	4.28	3.93	4.28		18.61	608.2	0	0.01	22.34	22.34	22.34		3.47	541.93	0	0.01	26.9	26.9	26.9		124.87	649.65	0	0.01	17.38	16.4	17.38		57.92	731.76	0	0.01	26	26	26		37.78	658.95	0	0.01	19.35	19.35	19.35		64.28	685.52	0	0.01	41.53	39.33	41.53
541.93	1043.45	0	0.01	5.5	5.5	5.5		3.38	576.68	0	0.01	19.38	19.38	19.38		3.5	600.03	0	0.01	22.53	22.53	22.53		118.82	598.8	0	0.01	21.52	20.85	21.52		50.88	655.53	0	0.01	24.22	24.22	24.22		139.42	635.05	0	0.01	27.22	27.22	27.22		101.75	671.82	0	0.01	33.6	32.23	33.6
531.77	1022.05	0	0.01	5.9	5.9	5.9		16.25	597.75	0	0.01	24.15	24.15	24.15		43.85	587.7	0	0.01	19.42	19.42	19.42		110.48	595.85	0	0.01	26.58	26.58	26.58		74.28	602.6	0	0.01	28.28	28.08	28.28		300.55	613.17	0	0.01	27.1	27.1	27.1		197.73	659.07	0	0.01	29.68	29.55	29.68
504.57	1030.17	0	0.01	5.87	5.53	5.87		38.37	597.7	0	0.01	25.67	24.63	25.67		116.08	599.43	0	0.01	20.65	20.65	20.65		116.44	604.55	0	0.01	30.72	30.72	30.72		80.65	586.3	0	0.01	28.82	28.82	28.82		380.15	589.83	0	0.01	33.3	32.1	33.3		209.8	631.5	0	0.01	31.91	31.91	31.91
513.71	1011.62	0	0.01	4.93	4.93	4.93		14.17	582.17	0	0.01	26.07	24.77	26.07		148.35	595.62	0	0.01	23.05	22.25	23.05		60.34	578.87	0	0.01	24.35	24.35	24.35		70.65	611.33	0	0.01	32.58	32.58	32.58		445.27	602.53	0	0.01	30.63	30.63	30.63		214.67	637.65	0	0.01	30.57	30.52	30.57
