22.25
37.50
27.27
37.50
30.00
30.00
35.29
35.29
19.35
20.69
30.00
20.69
35.29
20.69
20.69
37.50
40.00
35.29
20.69
20.69
20.69
9.23
8.70
19.35
35.29
20.69
35.29
37.50
10.00
10.71
18.18
20.69
16.90
19.35
19.35
19.35
19.35
28.57
19.35
18.75
19.35
10.53
37.50
20.00
20.00
18.47
8.70
17.65
17.65
9.68
31.58
18.18
18.18
18.18
17.65
33.33
10.53
10.91
10.17
19.35
10.00
30.00
18.75
15.79
17.65
10.26
9.84
15.00
19.35
19.35
11.11
10.17
10.91
10.34
33.33
35.29
10.17
20.00
31.58
9.84
19.35
20.00
17.65
19.35
37.50
35.29
17.65
31.58
18.75
18.75
18.75
28.57
15.00
31.58
10.17
10.17
10.91
10.91
10.00
35.29
