0.0 96.6
1.0 88.2
2.0 82.5
3.0 91.4
4.0 94.1
5.0 97.8
6.0 111.2
7.0 104.0
8.0 108.3
9.0 108.4
10.0 108.2
11.0 113.4
12.0 114.6
13.0 115.4
14.0 125.0
15.0 122.2
16.0 122.0
17.0 117.6
18.0 104.4
19.0 88.4
20.0 89.4
21.0 94.9
22.0 114.8
23.0 124.6
24.0 127.1
25.0 120.0
26.0 119.4
27.0 118.3
28.0 110.3
29.0 102.8
30.0 97.5
31.0 94.5
32.0 97.3
33.0 102.0
34.0 112.6
35.0 126.8
36.0 136.9
37.0 136.1
38.0 117.9
39.0 108.5
40.0 102.8
41.0 106.4
42.0 111.4
43.0 109.0
44.0 99.7
45.0 91.9
46.0 91.8
47.0 103.0
48.0 110.3
49.0 118.3
50.0 122.9
51.0 125.7
52.0 125.6
53.0 124.0
54.0 125.9
55.0 131.3
56.0 123.7
57.0 123.6
58.0 117.7
59.0 90.4
60.0 88.3
61.0 99.8
62.0 108.7
63.0 121.2
64.0 125.4
65.0 111.8
66.0 121.3
67.0 121.9
68.0 114.6
69.0 118.7
70.0 122.7
71.0 126.1
72.0 119.4
73.0 112.0
74.0 119.1
75.0 116.1
76.0 101.4
77.0 93.0
78.0 88.2
79.0 90.0
80.0 104.0
81.0 115.5
82.0 114.5
83.0 111.6
84.0 106.2
85.0 110.0
86.0 115.4
87.0 121.2
88.0 124.7
89.0 127.8
90.0 113.4
91.0 113.8
92.0 118.9
93.0 119.4
94.0 124.2
95.0 114.1
96.0 111.3
97.0 106.8
98.0 87.7
99.0 86.4
