0.00 506.43 929.80 0.00 0.01 14.80 14.80 14.80
1.00 548.08 873.35 0.00 0.01 13.94 13.94 13.94
2.00 543.92 806.12 0.00 0.01 17.28 17.28 17.28
3.00 537.28 784.20 0.00 0.01 14.77 14.77 14.77
4.00 506.78 769.93 0.00 0.01 16.33 15.97 16.33
5.00 464.00 781.72 0.00 0.01 21.00 20.53 21.00
6.00 263.63 790.52 0.00 0.01 16.23 16.23 16.23
7.00 54.60 714.13 0.00 0.01 33.30 33.30 33.30
8.00 0.00 651.53 0.00 0.01 25.48 25.48 25.48
9.00 1.95 603.90 0.00 0.01 20.97 20.97 20.97
10.00 17.76 587.37 0.00 0.01 29.23 29.23 29.23
11.00 159.55 605.78 0.00 0.01 31.38 30.67 31.38
12.00 158.58 647.31 0.00 0.01 35.15 34.75 35.15
13.00 224.18 667.02 0.00 0.01 28.74 28.74 28.74
14.00 200.02 637.12 0.00 0.01 27.19 27.19 27.19
15.00 168.53 600.23 0.00 0.01 32.67 31.82 32.67
16.00 293.30 589.87 0.00 0.01 32.93 32.85 32.93
17.00 401.37 598.08 0.00 0.01 79.50 63.64 79.50
18.00 351.87 643.68 0.00 0.01 42.67 39.40 42.67
19.00 276.45 646.23 0.00 0.01 34.95 34.02 34.95
20.00 238.85 674.97 0.00 0.01 34.05 33.65 34.05
21.00 205.63 612.55 0.00 0.01 34.96 34.96 34.96
22.00 161.76 626.74 0.00 0.01 36.72 36.31 36.72
23.00 156.40 590.45 0.00 0.01 37.98 37.45 37.98
24.00 105.07 662.75 0.00 0.01 36.38 36.38 36.38
25.00 39.82 605.37 0.00 0.01 29.87 29.87 29.87
26.00 10.15 611.80 0.00 0.01 30.87 30.87 30.87
27.00 31.87 612.85 0.00 0.01 28.12 27.33 28.12
28.00 159.36 674.50 0.00 0.01 31.32 31.32 31.32
29.00 355.45 749.38 0.00 0.01 32.45 32.45 32.45
30.00 449.48 714.78 0.00 0.01 31.80 31.60 31.80
31.00 512.92 647.38 0.00 0.01 37.67 36.37 37.67
32.00 323.78 604.73 0.00 0.01 31.92 31.92 31.92
33.00 346.72 557.77 0.00 0.01 28.52 28.52 28.52
34.00 162.92 573.98 0.00 0.01 32.93 32.93 32.93
35.00 137.45 602.58 0.00 0.01 36.30 35.90 36.30
36.00 108.95 596.27 0.00 0.01 30.50 30.32 30.50
37.00 30.52 598.60 0.00 0.01 32.07 31.52 32.07
38.00 134.55 647.07 0.00 0.01 30.67 29.77 30.67
39.00 133.12 660.87 0.00 0.01 31.47 29.50 31.47
40.00 93.56 672.54 0.00 0.01 30.27 29.55 30.27
41.00 159.88 828.03 0.00 0.01 31.47 31.12 31.47
42.00 426.53 686.45 0.00 0.01 30.40 28.94 30.40
43.00 324.53 647.15 0.00 0.01 26.82 26.02 26.82
44.00 299.23 693.85 0.00 0.01 34.65 31.47 34.65
45.00 243.30 667.88 0.00 0.01 33.02 31.33 33.02
46.00 205.62 690.63 0.00 0.01 29.57 29.17 29.57
47.00 202.91 731.59 0.00 0.01 26.90 26.90 26.90
48.00 154.10 616.83 0.00 0.01 27.20 27.20 27.20
49.00 86.17 617.33 0.00 0.01 27.30 27.30 27.30
50.00 74.81 613.47 0.00 0.01 26.25 25.61 26.25
51.00 170.62 618.90 0.00 0.01 31.24 30.38 31.24
52.00 70.43 632.07 0.00 0.01 30.48 30.48 30.48
53.00 61.60 652.50 0.00 0.01 30.30 30.30 30.30
54.00 75.11 606.81 0.00 0.01 29.50 28.95 29.50
55.00 45.33 677.10 0.00 0.01 30.83 29.85 30.83
56.00 141.63 700.60 0.00 0.01 33.95 32.52 33.95
57.00 429.25 647.80 0.00 0.01 36.18 35.58 36.18
58.00 733.65 664.43 0.00 0.01 34.65 34.65 34.65
59.00 682.28 654.50 0.00 0.01 32.45 32.45 32.45
60.00 655.22 656.70 0.00 0.01 29.07 29.07 29.07
61.00 309.32 638.30 0.00 0.01 29.37 29.37 29.37
62.00 61.52 574.53 0.00 0.01 24.65 24.65 24.65
63.00 13.07 579.82 0.00 0.01 18.75 18.75 18.75
64.00 4.16 642.50 0.00 0.01 28.44 27.46 28.44
65.00 2.95 618.60 0.00 0.01 34.04 33.08 34.04
66.00 0.00 604.17 0.00 0.01 31.62 31.22 31.62
67.00 29.57 706.60 0.00 0.01 31.85 31.85 31.85
68.00 111.95 733.83 0.00 0.01 27.18 27.18 27.18
69.00 31.15 643.83 0.00 0.01 39.59 38.34 39.59
70.00 41.43 634.48 0.00 0.01 39.10 38.30 39.10
71.00 9.25 604.78 0.00 0.01 26.77 26.77 26.77
72.00 0.00 595.53 0.00 0.01 34.65 34.65 34.65
73.00 17.04 611.27 0.00 0.01 27.88 27.88 27.88
74.00 16.17 639.62 0.00 0.01 32.03 31.06 32.03
75.00 129.53 619.48 0.00 0.01 35.48 34.03 35.48
76.00 377.48 616.53 0.00 0.01 33.87 32.97 33.87
77.00 416.95 621.43 0.00 0.01 36.00 35.40 36.00
78.00 650.33 624.10 0.00 0.01 33.21 32.32 33.21
79.00 1098.47 642.20 0.00 0.01 27.10 27.10 27.10
80.00 620.40 660.13 0.00 0.01 27.09 26.35 27.09
81.00 221.17 619.23 0.00 0.01 27.68 26.88 27.68
82.00 171.78 593.47 0.00 0.01 29.15 29.15 29.15
83.00 182.95 585.33 0.00 0.01 33.78 32.80 33.78
84.00 75.63 636.77 0.00 0.01 26.70 25.88 26.70
85.00 238.00 680.17 0.00 0.01 23.42 23.42 23.42
86.00 108.18 657.75 0.00 0.01 32.12 32.12 32.12
87.00 8.84 597.95 0.00 0.01 25.58 25.12 25.58
88.00 0.96 601.47 0.00 0.01 27.83 27.40 27.83
89.00 22.29 594.60 0.00 0.01 29.66 28.68 29.66
90.00 53.65 621.13 0.00 0.01 36.18 35.22 36.18
91.00 127.82 651.53 0.00 0.01 26.22 25.95 26.22
92.00 142.93 617.25 0.00 0.01 31.00 30.13 31.00
93.00 146.87 641.82 0.00 0.01 27.92 27.85 27.92
94.00 170.15 633.32 0.00 0.01 31.48 30.72 31.48
95.00 35.75 597.35 0.00 0.01 24.58 24.58 24.58
96.00 496.90 688.73 0.00 0.01 27.40 26.20 27.40
97.00 916.40 751.27 0.00 0.01 28.30 28.30 28.30
98.00 1148.98 791.07 0.00 0.01 33.52 33.12 33.52
99.00 1183.12 741.27 0.00 0.01 29.92 29.92 29.92
100.00 3.58 2.25 0.00 0.00 0.11 0.11 0.11
