6 14 28.0 54.0 101332 482 936 0.01 0.0 15.0 16.0 16.0 1 1 2.0 1.0 27/10/2022 15 8 19 45.472092 9.2272976
6 15 28.0 53.0 101331 484 957 0.01 0.0 16.0 17.0 17.0 1 2 2.0 2.0 27/10/2022 15 8 35 45.4718266 9.2273164
6 16 29.0 53.0 101332 577 939 0.01 0.0 11.0 12.0 12.0 1 2 1.0 2.0 27/10/2022 15 8 59 45.4717548 9.2271666
6 18 29.0 52.0 101331 541 862 0.01 0.0 0.0 0.0 0.0 0 1 1.0 0.0 27/10/2022 15 9 39 45.4717582 9.2271855
6 18 29.0 51.0 101332 549 865 0.01 0.0 15.0 16.0 16.0 1 2 2.0 2.0 27/10/2022 15 9 51 45.4717103 9.227306
6 19 29.0 51.0 101332 559 839 0.01 0.0 14.0 15.0 15.0 1 2 2.0 2.0 27/10/2022 15 10 15 45.4717331 9.2274111
6 20 29.0 50.0 101331 547 811 0.01 0.0 17.0 19.0 19.0 1 1 2.0 1.0 27/10/2022 15 10 39 45.471885 9.2273067
6 21 30.0 50.0 101331 558 804 0.01 0.0 17.0 19.0 19.0 1 1 1.0 1.0 27/10/2022 15 11 7 45.4718933 9.22734
6 22 30.0 50.0 101331 565 804 0.01 0.0 13.0 14.0 14.0 1 2 1.0 2.0 27/10/2022 15 11 29 45.4718859 9.2273246
6 23 30.0 49.0 101331 529 791 0.01 0.0 13.0 14.0 14.0 1 2 2.0 2.0 27/10/2022 15 11 49 45.4719383 9.2273449
6 24 30.0 49.0 101330 515 780 0.01 0.0 13.0 14.0 14.0 1 2 2.0 2.0 27/10/2022 15 12 13 45.4718941 9.2272744
6 25 30.0 48.0 101330 516 788 0.01 0.0 19.0 20.0 21.0 1 2 2.0 2.0 27/10/2022 15 12 53 45.4719871 9.227216
6 26 30.0 48.0 101329 516 774 0.01 0.0 20.0 22.0 23.0 1 2 2.0 2.0 27/10/2022 15 13 17 45.4720633 9.227193
6 27 30.0 47.0 101329 432 813 0.01 0.0 19.0 20.0 20.0 1 2 2.0 1.0 27/10/2022 15 13 43 45.4723702 9.2270029
6 29 30.0 45.0 101327 218 789 0.01 0.0 14.0 14.0 14.0 1 1 2.0 1.0 27/10/2022 15 14 31 45.4724776 9.227044
6 31 0 0 0 189 820 0.01 0.0 14.0 14.0 14.0 1 0 2.0 1.0 27/10/2022 15 14 55 45.4723515 9.2271679
6 31 30.0 45.0 101334 109 777 0.01 0.0 35.0 37.0 37.0 1 2 2.0 2.0 27/10/2022 15 15 11 45.4724427 9.2272991
6 32 30.0 44.0 101340 7 682 0.01 0.0 30.0 32.0 32.0 1 2 2.0 2.0 27/10/2022 15 15 35 45.4725999 9.2274818
6 33 29.0 45.0 101346 0 722 0.01 0.0 30.0 32.0 32.0 1 2 1.0 1.0 27/10/2022 15 15 59 45.4727432 9.2279929
6 35 28.0 45.0 101351 0 625 0.01 0.0 0.0 0.0 0.0 0 1 2.0 0.0 27/10/2022 15 16 31 45.4727902 9.22831
6 35 28.0 46.0 101356 0 642 0.01 0.0 20.0 21.0 21.0 1 2 1.0 1.0 27/10/2022 15 16 49 45.4727812 9.2286741
6 36 28.0 46.0 101361 2 628 0.01 0.0 20.0 21.0 21.0 1 3 2.0 3.0 27/10/2022 15 17 15 45.4727341 9.2292728
6 37 27.0 46.0 101365 0 582 0.01 0.0 21.0 22.0 22.0 1 1 1.0 1.0 27/10/2022 15 17 51 45.4727329 9.2296051
6 38 27.0 47.0 101370 4 586 0.01 0.0 29.0 30.0 30.0 1 2 1.0 2.0 27/10/2022 15 18 11 45.4724162 9.2299531
6 39 27.0 47.0 101374 11 612 0.01 0.0 28.0 30.0 30.0 1 2 2.0 2.0 27/10/2022 15 18 37 45.47243 9.2302088
6 40 27.0 47.0 101378 85 592 0.01 0.0 28.0 29.0 29.0 1 1 2.0 2.0 27/10/2022 15 19 1 45.472682 9.2304663
6 41 27.0 47.0 101381 191 625 0.01 0.0 29.0 32.0 33.0 1 2 2.0 2.0 27/10/2022 15 19 25 45.4728793 9.2314
6 43 28.0 47.0 101385 0 0 0 0.0 0.0 0.0 0.0 0 1 0.0 0.0 27/10/2022 15 20 15 45.4728724 9.2315497
6 44 27.0 47.0 101387 0 0 0 0.0 37.0 41.0 42.0 1 1 0.0 1.0 27/10/2022 15 20 27 45.4728908 9.2317511
6 44 28.0 46.0 101390 150 678 0.01 0.0 32.0 34.0 34.0 1 2 2.0 2.0 27/10/2022 15 20 39 45.4728793 9.2321534
6 45 28.0 46.0 101393 193 664 0.01 0.0 32.0 34.0 34.0 1 2 1.0 2.0 27/10/2022 15 21 3 45.4727193 9.2325086
6 46 28.0 46.0 101395 244 686 0.01 0.0 25.0 27.0 27.0 1 1 2.0 2.0 27/10/2022 15 21 25 45.4728183 9.2331056
6 48 28.0 46.0 101397 235 667 0.01 0.0 0.0 0.0 0.0 0 1 1.0 0.0 27/10/2022 15 22 3 45.472833 9.2333807
6 48 28.0 46.0 101399 207 648 0.01 0.0 26.0 27.0 27.0 1 1 2.0 2.0 27/10/2022 15 22 19 45.4728163 9.2339007
6 49 28.0 46.0 101401 175 634 0.01 0.0 28.0 29.0 29.0 1 2 2.0 2.0 27/10/2022 15 22 47 45.4727941 9.2343908
6 50 28.0 46.0 101403 156 630 0.01 0.0 32.0 35.0 36.0 1 1 1.0 2.0 27/10/2022 15 23 13 45.4728707 9.2343916
6 51 28.0 46.0 101404 184 586 0.01 0.0 29.0 31.0 32.0 1 1 2.0 1.0 27/10/2022 15 23 37 45.4728617 9.2343917
6 52 28.0 45.0 101406 200 582 0.01 0.0 31.0 33.0 33.0 1 2 1.0 2.0 27/10/2022 15 24 9 45.4728617 9.2343917
6 53 28.0 46.0 101407 252 623 0.01 0.0 32.0 34.0 34.0 1 2 2.0 2.0 27/10/2022 15 24 29 45.47287 9.2344367
6 54 28.0 46.0 101408 663 587 0.01 0.0 32.0 34.0 34.0 1 2 2.0 2.0 27/10/2022 15 24 53 45.47287 9.2344367
6 55 28.0 46.0 101409 331 611 0.01 0.0 55.0 76.0 98.0 1 2 2.0 2.0 27/10/2022 15 25 17 45.47287 9.2344367
6 57 0 0 0 313 646 0.01 0.0 0.0 0.0 0.0 0 0 1.0 0.0 27/10/2022 15 25 57 45.47287 9.2344367
6 57 28.0 45.0 101411 308 643 0.01 0.0 39.0 48.0 56.0 1 2 2.0 2.0 27/10/2022 15 26 1 45.47287 9.2344367
6 58 28.0 45.0 101411 407 674 0.01 0.0 33.0 35.0 35.0 1 2 2.0 2.0 27/10/2022 15 26 25 45.47287 9.2344367
6 59 28.0 45.0 101412 355 638 0.01 0.0 33.0 35.0 36.0 1 2 2.0 2.0 27/10/2022 15 26 49 45.47287 9.2344367
6 60 28.0 45.0 101412 264 658 0.01 0.0 33.0 35.0 36.0 1 1 2.0 2.0 27/10/2022 15 27 13 45.4727754 9.2344649
6 61 28.0 45.0 101413 237 722 0.01 0.0 25.0 27.0 27.0 1 2 1.0 2.0 27/10/2022 15 27 57 45.472775 9.234465
6 62 28.0 45.0 101413 253 675 0.01 0.0 30.0 32.0 33.0 1 2 2.0 2.0 27/10/2022 15 28 17 45.472775 9.234465
6 63 29.0 44.0 101414 235 668 0.01 0.0 42.0 44.0 44.0 1 1 2.0 2.0 27/10/2022 15 28 41 45.472775 9.234465
6 1 29.0 44.0 101414 190 639 0.01 0.0 32.0 34.0 34.0 1 1 1.0 1.0 27/10/2022 15 29 5 45.4729034 9.2345742
6 3 29.0 44.0 101415 216 605 0.01 0.0 0.0 0.0 0.0 0 1 1.0 0.0 27/10/2022 15 29 25 45.473322 9.2346243
6 4 29.0 44.0 101415 0 0 0 0.0 0.0 0.0 0.0 0 1 0.0 0.0 27/10/2022 15 30 1 45.4735025 9.2344402
6 4 29.0 44.0 101415 155 658 0.01 0.0 34.0 36.0 36.0 1 2 1.0 1.0 27/10/2022 15 30 19 45.4737154 9.2344474
6 5 29.0 44.0 101415 171 627 0.01 0.0 37.0 39.0 40.0 1 1 1.0 2.0 27/10/2022 15 30 41 45.4741367 9.234375
6 6 29.0 44.0 101416 159 627 0.01 0.0 37.0 39.0 40.0 2 1 1.0 1.0 27/10/2022 15 31 13 45.4743781 9.2344249
6 7 28.0 44.0 101415 152 569 0.01 0.0 35.0 37.0 37.0 1 1 1.0 1.0 27/10/2022 15 31 29 45.4747816 9.2343984
6 9 0 0 0 137 645 0.01 0.0 35.0 37.0 37.0 1 0 1.0 1.0 27/10/2022 15 31 59 45.4750194 9.2344047
6 9 28.0 45.0 101415 89 696 0.01 0.0 35.0 37.0 37.0 1 3 3.0 3.0 27/10/2022 15 32 17 45.4756128 9.2343455
6 11 28.0 45.0 101415 62 638 0.01 0.0 0.0 0.0 0.0 0 1 1.0 0.0 27/10/2022 15 33 1 45.4757893 9.234363
6 11 28.0 45.0 101415 23 591 0.01 0.0 27.0 28.0 28.0 1 2 1.0 2.0 27/10/2022 15 33 15 45.475967 9.2348
6 12 28.0 45.0 101415 29 602 0.01 0.0 30.0 32.0 32.0 1 1 1.0 1.0 27/10/2022 15 33 39 45.4759053 9.2352201
6 13 28.0 45.0 101414 12 651 0.01 0.0 36.0 38.0 38.0 1 2 1.0 2.0 27/10/2022 15 34 3 45.476005 9.2356344
6 14 28.0 45.0 101414 3 606 0.01 0.0 24.0 26.0 26.0 1 2 2.0 2.0 27/10/2022 15 34 25 45.4757107 9.235971
6 15 28.0 45.0 101413 8 614 0.01 0.0 24.0 26.0 27.0 1 2 2.0 1.0 27/10/2022 15 34 53 45.47567 9.2359567
6 16 28.0 45.0 101412 32 633 0.01 0.0 26.0 28.0 29.0 1 2 2.0 2.0 27/10/2022 15 35 17 45.47567 9.2359567
6 17 28.0 45.0 101411 82 623 0.01 0.0 30.0 31.0 31.0 1 1 2.0 1.0 27/10/2022 15 35 40 45.47567 9.2359567
6 19 29.0 45.0 101410 0 0 0 0.0 30.0 31.0 31.0 1 1 0.0 1.0 27/10/2022 15 36 8 45.47567 9.2359567
6 19 29.0 45.0 101409 211 732 0.01 0.0 31.0 33.0 33.0 1 2 2.0 2.0 27/10/2022 15 36 26 45.47567 9.2359567
6 20 29.0 45.0 101408 317 793 0.01 0.0 31.0 33.0 33.0 1 2 2.0 2.0 27/10/2022 15 36 50 45.47567 9.2359567
6 21 29.0 45.0 101407 399 736 0.01 0.0 31.0 33.0 33.0 1 3 2.0 3.0 27/10/2022 15 37 18 45.47567 9.2359567
6 22 29.0 45.0 101406 420 733 0.01 0.0 26.0 28.0 29.0 1 1 1.0 1.0 27/10/2022 15 38 2 45.4757545 9.2360129
6 23 29.0 45.0 101405 447 733 0.01 0.0 30.0 32.0 32.0 1 2 2.0 2.0 27/10/2022 15 38 14 45.47576 9.2360167
6 24 29.0 44.0 101404 583 697 0.01 0.0 34.0 36.0 36.0 1 2 2.0 1.0 27/10/2022 15 38 38 45.47576 9.2360167
6 25 30.0 44.0 101404 556 657 0.01 0.0 35.0 39.0 42.0 1 2 2.0 2.0 27/10/2022 15 39 2 45.47576 9.2360167
6 26 30.0 43.0 101403 437 635 0.01 0.0 33.0 35.0 35.0 1 1 1.0 1.0 27/10/2022 15 39 28 45.47576 9.2360167
6 27 30.0 43.0 101403 288 645 0.01 0.0 33.0 35.0 35.0 1 1 2.0 1.0 27/10/2022 15 39 58 45.47576 9.2360167
6 28 29.0 43.0 101402 264 587 0.01 0.0 29.0 31.0 31.0 1 2 2.0 2.0 27/10/2022 15 40 14 45.4758119 9.2358569
6 29 30.0 43.0 101402 457 614 0.01 0.0 27.0 29.0 29.0 1 2 2.0 2.0 27/10/2022 15 40 38 45.475928 9.235619
6 30 30.0 42.0 101401 303 545 0.01 0.0 27.0 29.0 29.0 1 2 1.0 1.0 27/10/2022 15 41 6 45.4759888 9.2347637
6 32 30.0 42.0 101401 166 587 0.01 0.0 32.0 34.0 34.0 1 2 2.0 2.0 27/10/2022 15 41 52 45.4760515 9.234466
6 33 29.0 42.0 101401 137 589 0.01 0.0 32.0 34.0 34.0 1 3 3.0 3.0 27/10/2022 15 42 16 45.4764988 9.2344511
6 34 29.0 43.0 101401 124 616 0.01 0.0 37.0 39.0 40.0 1 2 2.0 1.0 27/10/2022 15 42 52 45.4768467 9.2344238
6 35 29.0 43.0 101401 154 616 0.01 0.0 33.0 35.0 35.0 1 1 2.0 1.0 27/10/2022 15 43 16 45.4774878 9.2344439
6 37 29.0 43.0 101401 94 602 0.01 0.0 25.0 27.0 27.0 2 1 2.0 2.0 27/10/2022 15 44 4 45.4778967 9.2343729
6 38 29.0 43.0 101400 75 600 0.01 0.0 30.0 33.0 34.0 1 1 1.0 1.0 27/10/2022 15 44 32 45.4781069 9.2343992
6 39 29.0 43.0 101400 42 608 0.01 0.0 30.0 33.0 33.0 1 2 2.0 1.0 27/10/2022 15 44 48 45.4784678 9.2344069
6 40 29.0 43.0 101399 13 611 0.01 0.0 28.0 31.0 32.0 1 1 1.0 1.0 27/10/2022 15 45 14 45.4786718 9.2344051
6 42 29.0 43.0 101398 186 672 0.01 0.0 28.0 30.0 30.0 1 2 2.0 2.0 27/10/2022 15 45 58 45.478935 9.2343882
6 43 29.0 43.0 101397 179 680 0.01 0.0 27.0 30.0 32.0 1 2 2.0 2.0 27/10/2022 15 46 22 45.479286 9.2344009
6 44 29.0 43.0 101397 151 669 0.01 0.0 27.0 30.0 32.0 1 2 2.0 1.0 27/10/2022 15 46 48 45.4796434 9.2343521
6 45 29.0 43.0 101396 108 673 0.01 0.0 27.0 30.0 32.0 1 2 2.0 2.0 27/10/2022 15 47 14 45.4802136 9.2344148
6 47 29.0 43.0 101395 0 0 0 0.0 26.0 28.0 28.0 1 1 0.0 1.0 27/10/2022 15 48 0 45.4802394 9.2343929
6 47 29.0 43.0 101394 83 674 0.01 0.0 29.0 31.0 31.0 1 2 1.0 2.0 27/10/2022 15 48 12 45.4802367 9.2343917
6 48 29.0 43.0 101393 113 882 0.01 0.0 29.0 31.0 32.0 1 1 1.0 2.0 27/10/2022 15 48 36 45.4802367 9.2343917
6 49 29.0 43.0 101393 190 820 0.01 0.0 30.0 32.0 32.0 1 1 2.0 2.0 27/10/2022 15 49 0 45.4802367 9.2343917
6 51 0 0 0 339 778 0.01 0.0 0.0 0.0 0.0 0 0 1.0 0.0 27/10/2022 15 49 38 45.4802438 9.2343032
6 51 30.0 42.0 101392 455 713 0.01 0.0 28.0 30.0 31.0 1 2 1.0 2.0 27/10/2022 15 49 46 45.4802517 9.2342633
6 52 30.0 42.0 101391 442 657 0.01 0.0 26.0 29.0 31.0 1 2 2.0 2.0 27/10/2022 15 50 12 45.4802517 9.2342633
6 53 30.0 42.0 101391 374 641 0.01 0.0 24.0 26.0 26.0 1 2 2.0 2.0 27/10/2022 15 50 38 45.4802517 9.2342633
6 54 30.0 42.0 101390 293 662 0.01 0.0 24.0 26.0 27.0 1 1 1.0 1.0 27/10/2022 15 51 2 45.480225 9.2344067
6 55 30.0 42.0 101390 316 732 0.01 0.0 27.0 32.0 36.0 1 1 2.0 1.0 27/10/2022 15 51 32 45.480225 9.2344067
6 56 30.0 42.0 101389 345 710 0.01 0.0 28.0 32.0 35.0 1 2 1.0 2.0 27/10/2022 15 51 50 45.4802344 9.2343674
6 57 30.0 42.0 101389 250 683 0.01 0.0 28.0 32.0 35.0 1 2 3.0 3.0 27/10/2022 15 52 14 45.480235 9.2343583
6 59 0 0 0 269 716 0.01 0.0 0.0 0.0 0.0 0 0 1.0 0.0 27/10/2022 15 53 2 45.480235 9.2343583
6 59 30.0 41.0 101389 231 652 0.01 0.0 30.0 32.0 32.0 1 2 1.0 2.0 27/10/2022 15 53 14 45.4802564 9.2343172
6 60 30.0 41.0 101388 195 688 0.01 0.0 31.0 33.0 33.0 1 2 2.0 2.0 27/10/2022 15 53 38 45.480385 9.2343753
6 61 31.0 41.0 101388 219 703 0.01 0.0 24.0 27.0 28.0 1 1 2.0 2.0 27/10/2022 15 54 2 45.4806709 9.234376
6 62 31.0 41.0 101388 211 778 0.01 0.0 25.0 26.0 26.0 1 1 2.0 1.0 27/10/2022 15 54 26 45.4808798 9.2342854
6 1 31.0 41.0 101387 0 0 0 0.0 25.0 26.0 26.0 1 2 0.0 2.0 27/10/2022 15 54 50 45.4810134 9.234346
6 1 31.0 41.0 101386 207 728 0.01 0.0 29.0 31.0 31.0 1 2 2.0 2.0 27/10/2022 15 55 16 45.4813288 9.2342175
6 2 31.0 40.0 101386 170 672 0.01 0.0 25.0 27.0 27.0 1 1 1.0 1.0 27/10/2022 15 55 40 45.481565 9.2342813
6 3 31.0 40.0 101386 150 563 0.01 0.0 25.0 27.0 27.0 1 2 2.0 2.0 27/10/2022 15 55 58 45.4819319 9.2342015
6 4 30.0 40.0 101385 90 636 0.01 0.0 26.0 28.0 28.0 1 1 1.0 1.0 27/10/2022 15 56 24 45.4822257 9.2342627
6 6 30.0 41.0 101385 91 619 0.01 0.0 0.0 0.0 0.0 0 1 2.0 0.0 27/10/2022 15 56 54 45.4825538 9.2342469
6 6 30.0 41.0 101385 80 627 0.01 0.0 26.0 28.0 28.0 1 1 2.0 2.0 27/10/2022 15 57 14 45.4829635 9.2342214
6 7 30.0 41.0 101385 74 623 0.01 0.0 23.0 25.0 26.0 1 2 2.0 1.0 27/10/2022 15 57 50 45.4829527 9.234188
6 9 30.0 41.0 101384 0 0 0 0.0 0.0 0.0 0.0 0 1 0.0 0.0 27/10/2022 15 58 26 45.4832481 9.2342025
6 10 30.0 41.0 101383 0 0 0 0.0 33.0 35.0 36.0 1 1 0.0 1.0 27/10/2022 15 58 52 45.4833151 9.2342051
6 10 30.0 41.0 101382 188 641 0.01 0.0 27.0 30.0 31.0 1 1 2.0 1.0 27/10/2022 15 59 0 45.4836445 9.2341985
6 11 30.0 40.0 101382 109 641 0.01 0.0 29.0 31.0 31.0 1 1 2.0 2.0 27/10/2022 15 59 24 45.4840179 9.2345395
6 12 30.0 40.0 101381 46 644 0.01 0.0 29.0 31.0 31.0 1 1 2.0 2.0 27/10/2022 15 59 52 45.4844147 9.2351082
6 14 0 0 0 43 637 0.01 0.0 0.0 0.0 0.0 0 0 1.0 0.0 27/10/2022 16 0 36 45.4844926 9.2352645
6 15 0 0 0 75 684 0.01 0.0 30.0 31.0 31.0 1 0 1.0 2.0 27/10/2022 16 0 46 45.4846789 9.2355538
6 15 30.0 41.0 101378 65 672 0.01 0.0 30.0 31.0 31.0 1 1 2.0 1.0 27/10/2022 16 1 6 45.4844847 9.235983
6 16 29.0 41.0 101378 78 638 0.01 0.0 27.0 30.0 30.0 1 2 2.0 2.0 27/10/2022 16 1 22 45.4845251 9.236285
6 18 29.0 42.0 101377 0 0 0 0.0 28.0 29.0 30.0 1 1 0.0 1.0 27/10/2022 16 1 52 45.4847967 9.2360771
6 18 29.0 42.0 101376 0 566 0.01 0.0 28.0 29.0 30.0 1 3 1.0 3.0 27/10/2022 16 2 20 45.4848086 9.2361267
6 19 29.0 42.0 101375 22 811 0.01 0.0 30.0 32.0 33.0 1 2 2.0 2.0 27/10/2022 16 2 52 45.4848083 9.2361267
6 20 30.0 42.0 101374 121 735 0.01 0.0 28.0 30.0 31.0 1 2 2.0 1.0 27/10/2022 16 3 16 45.4848083 9.2361267
6 21 31.0 41.0 101374 163 704 0.01 0.0 32.0 34.0 34.0 1 1 2.0 1.0 27/10/2022 16 3 42 45.4848083 9.2361267
6 23 31.0 41.0 101373 0 0 0 0.0 31.0 35.0 39.0 1 1 0.0 1.0 27/10/2022 16 4 6 45.4848083 9.2361267
6 23 32.0 40.0 101373 272 655 0.01 0.0 33.0 34.0 34.0 1 2 1.0 2.0 27/10/2022 16 4 32 45.4848083 9.2361267
6 24 33.0 40.0 101372 464 675 0.01 0.0 33.0 34.0 34.0 1 1 2.0 1.0 27/10/2022 16 4 52 45.4848083 9.2361267
6 25 33.0 40.0 101372 675 649 0.01 0.0 41.0 44.0 44.0 1 2 2.0 2.0 27/10/2022 16 5 10 45.4848083 9.2361267
6 26 34.0 39.0 101371 706 660 0.01 0.0 31.0 33.0 33.0 1 2 1.0 2.0 27/10/2022 16 5 34 45.4848083 9.2361267
6 27 34.0 39.0 101371 825 706 0.01 0.0 31.0 33.0 33.0 1 2 2.0 1.0 27/10/2022 16 5 58 45.4848083 9.2361267
6 28 34.0 38.0 101371 643 666 0.01 0.0 31.0 33.0 33.0 1 1 1.0 1.0 27/10/2022 16 6 30 45.4848083 9.2361267
6 29 35.0 37.0 101371 653 652 0.01 0.0 31.0 33.0 33.0 1 2 2.0 2.0 27/10/2022 16 6 50 45.4848083 9.2361267
6 30 35.0 36.0 101370 830 658 0.01 0.0 31.0 33.0 33.0 1 3 3.0 3.0 27/10/2022 16 7 14 45.4848083 9.2361267
6 31 35.0 35.0 101370 497 678 0.01 0.0 25.0 26.0 26.0 1 1 1.0 1.0 27/10/2022 16 7 50 45.4847038 9.2357014
6 32 35.0 36.0 101370 558 666 0.01 0.0 29.0 31.0 31.0 1 1 1.0 1.0 27/10/2022 16 8 22 45.4845971 9.2356562
6 33 34.0 35.0 101370 271 648 0.01 0.0 30.0 32.0 32.0 1 2 2.0 2.0 27/10/2022 16 8 34 45.4842995 9.2354141
6 34 34.0 35.0 101369 174 633 0.01 0.0 25.0 26.0 26.0 1 1 2.0 2.0 27/10/2022 16 9 2 45.4842999 9.234937
6 35 33.0 36.0 101369 77 561 0.01 0.0 23.0 25.0 25.0 1 2 2.0 2.0 27/10/2022 16 9 22 45.4841192 9.2345681
6 36 32.0 36.0 101369 37 596 0.01 0.0 23.0 25.0 25.0 1 1 2.0 1.0 27/10/2022 16 9 46 45.4837805 9.2344179
6 38 32.0 37.0 101368 0 0 0 0.0 0.0 0.0 0.0 0 1 0.0 0.0 27/10/2022 16 10 20 45.4836261 9.2343567
6 39 31.0 37.0 101368 12 589 0.01 0.0 0.0 0.0 0.0 0 2 1.0 0.0 27/10/2022 16 10 36 45.4831184 9.2341368
6 40 31.0 38.0 101368 8 630 0.01 0.0 0.0 0.0 0.0 0 1 1.0 0.0 27/10/2022 16 11 12 45.4829447 9.2341552
6 40 31.0 38.0 101367 0 676 0.01 0.0 26.0 28.0 29.0 1 1 1.0 1.0 27/10/2022 16 11 24 45.4825691 9.2343555
6 41 31.0 38.0 101367 3 634 0.01 0.0 26.0 28.0 29.0 1 1 1.0 1.0 27/10/2022 16 11 52 45.4822364 9.2342207
6 43 30.0 39.0 101367 3 636 0.01 0.0 0.0 0.0 0.0 0 1 2.0 0.0 27/10/2022 16 12 18 45.4817337 9.2342937
6 43 30.0 40.0 101367 3 614 0.01 0.0 33.0 36.0 37.0 1 1 1.0 1.0 27/10/2022 16 12 54 45.4814852 9.2342856
6 44 30.0 39.0 101367 0 633 0.01 0.0 28.0 31.0 32.0 1 1 2.0 2.0 27/10/2022 16 13 12 45.481112 9.2342899
6 45 30.0 39.0 101368 0 592 0.01 0.0 32.0 33.0 33.0 2 2 1.0 2.0 27/10/2022 16 13 38 45.4808208 9.2343665
6 46 30.0 39.0 101368 0 618 0.01 0.0 29.0 31.0 31.0 1 1 2.0 2.0 27/10/2022 16 14 0 45.4805885 9.2343632
6 48 30.0 40.0 101369 5 687 0.01 0.0 0.0 0.0 0.0 0 1 1.0 0.0 27/10/2022 16 14 26 45.480456 9.234193
6 48 30.0 40.0 101369 63 825 0.01 0.0 32.0 34.0 34.0 1 2 1.0 2.0 27/10/2022 16 14 52 45.4803827 9.2342144
6 49 30.0 40.0 101370 101 850 0.01 0.0 23.0 24.0 24.0 1 1 1.0 2.0 27/10/2022 16 15 16 45.480145 9.2341879
6 50 30.0 40.0 101370 127 678 0.01 0.0 27.0 29.0 29.0 1 2 2.0 2.0 27/10/2022 16 15 36 45.4795479 9.2342284
6 52 0 0 0 75 693 0.01 0.0 0.0 0.0 0.0 0 0 1.0 0.0 27/10/2022 16 16 20 45.4795092 9.2342232
6 52 30.0 40.0 101371 15 655 0.01 0.0 38.0 41.0 43.0 1 2 2.0 2.0 27/10/2022 16 16 24 45.4792217 9.2342154
6 53 30.0 40.0 101372 3 638 0.01 0.0 37.0 41.0 42.0 1 2 2.0 2.0 27/10/2022 16 16 48 45.4789007 9.2342655
6 54 30.0 40.0 101372 41 648 0.01 0.0 37.0 41.0 42.0 1 3 2.0 3.0 27/10/2022 16 17 12 45.4785528 9.233756
6 55 29.0 41.0 101373 54 635 0.01 0.0 28.0 30.0 30.0 1 1 2.0 1.0 27/10/2022 16 17 58 45.4785362 9.2335521
6 56 29.0 41.0 101373 1 619 0.01 0.0 22.0 24.0 24.0 1 2 1.0 2.0 27/10/2022 16 18 14 45.4784632 9.233407
6 57 29.0 41.0 101374 0 610 0.01 0.0 27.0 29.0 29.0 1 2 1.0 2.0 27/10/2022 16 18 40 45.478463 9.2330766
6 58 29.0 41.0 101374 0 579 0.01 0.0 36.0 39.0 39.0 1 2 1.0 2.0 27/10/2022 16 19 6 45.478495 9.2327749
6 59 29.0 41.0 101375 0 617 0.01 0.0 32.0 33.0 33.0 1 1 1.0 1.0 27/10/2022 16 19 30 45.4785687 9.2323014
6 60 29.0 41.0 101375 0 628 0.01 0.0 32.0 33.0 33.0 1 1 2.0 2.0 27/10/2022 16 19 52 45.4784676 9.2318826
6 61 29.0 41.0 101375 0 603 0.01 0.0 25.0 28.0 28.0 1 2 2.0 2.0 27/10/2022 16 20 16 45.4783478 9.231638
6 62 29.0 41.0 101375 18 633 0.01 0.0 25.0 27.0 27.0 1 2 2.0 2.0 27/10/2022 16 20 40 45.4781011 9.2316059
6 1 29.0 41.0 101375 14 680 0.01 0.0 0.0 0.0 0.0 0 1 2.0 0.0 27/10/2022 16 21 4 45.478128 9.2316183
6 1 30.0 41.0 101377 2 624 0.01 0.0 30.0 32.0 33.0 1 1 1.0 1.0 27/10/2022 16 21 32 45.4780764 9.2316024
6 2 30.0 41.0 101378 38 631 0.01 0.0 30.0 32.0 33.0 1 2 2.0 2.0 27/10/2022 16 21 50 45.478085 9.2315883
6 3 30.0 41.0 101378 94 627 0.01 0.0 30.0 32.0 33.0 1 3 3.0 3.0 27/10/2022 16 22 14 45.478085 9.2315883
6 4 30.0 41.0 101379 289 637 0.01 0.0 39.0 43.0 46.0 1 2 1.0 2.0 27/10/2022 16 22 50 45.478085 9.2315883
6 5 30.0 41.0 101380 419 637 0.01 0.0 27.0 28.0 28.0 1 1 1.0 1.0 27/10/2022 16 23 22 45.478085 9.2315883
6 6 30.0 41.0 101381 431 612 0.01 0.0 29.0 30.0 30.0 1 2 2.0 2.0 27/10/2022 16 23 38 45.478085 9.2315883
6 7 31.0 40.0 101382 399 646 0.01 0.0 34.0 36.0 36.0 1 2 2.0 2.0 27/10/2022 16 24 2 45.478085 9.2315883
6 8 31.0 40.0 101382 440 623 0.01 0.0 33.0 36.0 37.0 1 2 2.0 2.0 27/10/2022 16 24 26 45.478085 9.2315883
6 10 0 0 0 576 688 0.01 0.0 0.0 0.0 0.0 0 0 1.0 0.0 27/10/2022 16 25 12 45.478085 9.2315883
6 10 31.0 40.0 101383 644 633 0.01 0.0 31.0 35.0 37.0 1 2 1.0 2.0 27/10/2022 16 25 16 45.478085 9.2315883
6 11 31.0 40.0 101383 767 632 0.01 0.0 28.0 30.0 30.0 1 2 2.0 1.0 27/10/2022 16 25 36 45.478085 9.2315883
6 12 31.0 40.0 101384 1028 636 0.01 0.0 28.0 30.0 30.0 1 2 2.0 2.0 27/10/2022 16 26 0 45.478085 9.2315883
6 13 31.0 40.0 101384 1174 664 0.01 0.0 24.0 26.0 26.0 1 2 2.0 1.0 27/10/2022 16 26 24 45.4784147 9.2316032
6 15 0 0 0 1037 671 0.01 0.0 0.0 0.0 0.0 0 0 1.0 0.0 27/10/2022 16 27 8 45.4784432 9.2315811
6 15 31.0 40.0 101385 500 674 0.01 0.0 24.0 27.0 28.0 1 3 2.0 2.0 27/10/2022 16 27 14 45.4784616 9.2310286
6 16 31.0 40.0 101384 322 662 0.01 0.0 26.0 27.0 27.0 1 1 2.0 2.0 27/10/2022 16 27 54 45.4784625 9.2307162
6 17 30.0 40.0 101384 205 626 0.01 0.0 25.0 27.0 29.0 1 2 2.0 2.0 27/10/2022 16 28 14 45.4784814 9.2303636
6 18 30.0 39.0 101384 176 610 0.01 0.0 26.0 28.0 28.0 1 2 2.0 2.0 27/10/2022 16 28 38 45.4780389 9.2301878
6 20 30.0 40.0 101383 172 594 0.01 0.0 30.0 32.0 32.0 1 2 1.0 2.0 27/10/2022 16 29 32 45.4777547 9.2301694
6 22 30.0 40.0 101383 195 612 0.01 0.0 0.0 0.0 0.0 0 1 2.0 0.0 27/10/2022 16 29 56 45.4776109 9.2302106
6 22 30.0 40.0 101383 218 595 0.01 0.0 35.0 39.0 40.0 1 2 2.0 1.0 27/10/2022 16 30 12 45.4773821 9.2301986
6 23 29.0 41.0 101383 141 583 0.01 0.0 25.0 27.0 28.0 1 2 2.0 2.0 27/10/2022 16 30 36 45.4770733 9.230108
6 24 28.0 42.0 101383 39 642 0.01 0.0 25.0 27.0 28.0 1 2 1.0 2.0 27/10/2022 16 31 0 45.476825 9.2300816
6 26 0 0 0 80 603 0.01 0.0 0.0 0.0 0.0 0 0 1.0 0.0 27/10/2022 16 31 42 45.4768242 9.2300332
6 26 29.0 42.0 101383 224 722 0.01 0.0 22.0 23.0 23.0 1 2 1.0 2.0 27/10/2022 16 31 46 45.4768423 9.2296614
6 27 29.0 42.0 101384 264 691 0.01 0.0 22.0 23.0 23.0 1 3 3.0 3.0 27/10/2022 16 32 10 45.4767633 9.2290313
6 28 29.0 42.0 101384 177 638 0.01 0.0 27.0 29.0 29.0 1 2 2.0 2.0 27/10/2022 16 32 46 45.476757 9.2285704
6 29 29.0 42.0 101384 96 697 0.01 0.0 33.0 35.0 35.0 1 2 2.0 1.0 27/10/2022 16 33 10 45.4768102 9.2278809
6 30 29.0 42.0 101384 29 595 0.01 0.0 27.0 29.0 29.0 1 1 1.0 1.0 27/10/2022 16 33 46 45.4768206 9.2276274
6 31 29.0 42.0 101384 1 625 0.01 0.0 20.0 21.0 21.0 1 2 1.0 2.0 27/10/2022 16 34 2 45.4768389 9.2272483
6 32 29.0 42.0 101383 0 597 0.01 0.0 25.0 28.0 29.0 1 1 2.0 1.0 27/10/2022 16 34 24 45.4767324 9.2268619
6 33 29.0 42.0 101383 0 611 0.01 0.0 25.0 28.0 29.0 1 2 2.0 2.0 27/10/2022 16 34 48 45.4764184 9.2266818
6 34 28.0 42.0 101382 1 612 0.01 0.0 27.0 28.0 28.0 1 2 2.0 2.0 27/10/2022 16 35 12 45.4760794 9.2266449
6 36 28.0 42.0 101382 0 612 0.01 0.0 0.0 0.0 0.0 0 1 1.0 0.0 27/10/2022 16 35 38 45.4757271 9.2266448
6 37 28.0 42.0 101382 0 0 0 0.0 20.0 22.0 23.0 1 1 0.0 1.0 27/10/2022 16 36 10 45.4754576 9.2267368
6 37 28.0 43.0 101382 21 611 0.01 0.0 33.0 37.0 38.0 1 1 2.0 1.0 27/10/2022 16 36 30 45.4752615 9.2267162
6 38 28.0 43.0 101382 33 595 0.01 0.0 33.0 36.0 37.0 1 2 2.0 2.0 27/10/2022 16 36 46 45.474944 9.226572
6 39 28.0 43.0 101381 68 657 0.01 0.0 33.0 36.0 37.0 1 1 3.0 3.0 27/10/2022 16 37 14 45.4744848 9.2265966
6 40 28.0 43.0 101381 115 650 0.01 0.0 24.0 25.0 25.0 1 2 1.0 2.0 27/10/2022 16 37 48 45.4741526 9.2267043
6 41 29.0 43.0 101381 149 691 0.01 0.0 26.0 28.0 28.0 1 1 2.0 1.0 27/10/2022 16 38 18 45.4738983 9.226681
6 42 29.0 42.0 101381 132 630 0.01 0.0 23.0 27.0 29.0 2 2 1.0 2.0 27/10/2022 16 38 40 45.4736747 9.2266976
6 43 29.0 42.0 101381 152 615 0.01 0.0 32.0 34.0 35.0 1 2 2.0 2.0 27/10/2022 16 39 0 45.4733929 9.227053
6 44 29.0 42.0 101382 144 645 0.01 0.0 26.0 28.0 28.0 1 2 1.0 2.0 27/10/2022 16 39 28 45.4733533 9.2272229
6 45 29.0 42.0 101382 138 638 0.01 0.0 26.0 28.0 28.0 1 2 2.0 2.0 27/10/2022 16 39 48 45.4729465 9.2274411
6 47 0 0 0 193 738 0.01 0.0 0.0 0.0 0.0 0 0 1.0 0.0 27/10/2022 16 40 34 45.4728474 9.2274564
6 47 29.0 42.0 101383 194 653 0.01 0.0 30.0 33.0 34.0 1 2 1.0 2.0 27/10/2022 16 40 42 45.4725759 9.2274231
6 48 29.0 42.0 101383 187 664 0.01 0.0 30.0 33.0 34.0 1 1 2.0 2.0 27/10/2022 16 41 2 45.4722828 9.2273526
6 49 29.0 42.0 101384 115 587 0.01 0.0 23.0 25.0 25.0 1 2 1.0 2.0 27/10/2022 16 41 32 45.4721967 9.2270605
6 50 28.0 43.0 101384 29 589 0.01 0.0 23.0 25.0 25.0 2 2 2.0 2.0 27/10/2022 16 41 52 45.4722414 9.2271152
6 51 28.0 43.0 101385 22 635 0.01 0.0 23.0 25.0 25.0 1 1 1.0 1.0 27/10/2022 16 42 20 45.4722 9.2271583
6 52 28.0 43.0 101386 293 666 0.01 0.0 23.0 26.0 29.0 1 2 2.0 2.0 27/10/2022 16 42 48 45.4722 9.2271583
6 53 29.0 43.0 101386 658 733 0.01 0.0 24.0 26.0 26.0 1 2 2.0 2.0 27/10/2022 16 43 12 45.4721436 9.2275226
6 54 29.0 44.0 101387 986 744 0.01 0.0 30.0 32.0 32.0 1 2 2.0 2.0 27/10/2022 16 43 36 45.4722435 9.2273578
6 55 29.0 43.0 101388 901 759 0.01 0.0 25.0 26.0 26.0 1 1 1.0 1.0 27/10/2022 16 44 2 45.4722065 9.2271481
6 56 29.0 43.0 101389 922 817 0.01 0.0 29.0 31.0 31.0 1 1 2.0 1.0 27/10/2022 16 44 32 45.4722067 9.2271483
6 57 30.0 43.0 101389 1137 821 0.01 0.0 29.0 31.0 31.0 1 2 2.0 2.0 27/10/2022 16 44 48 45.472177 9.2271016
6 58 30.0 43.0 101390 1231 792 0.01 0.0 35.0 38.0 39.0 1 2 2.0 2.0 27/10/2022 16 45 12 45.4721767 9.2271017
6 59 30.0 43.0 101391 1315 770 0.01 0.0 27.0 29.0 29.0 1 2 2.0 1.0 27/10/2022 16 45 36 45.4721767 9.2271017
6 60 30.0 42.0 101391 1135 750 0.01 0.0 27.0 29.0 29.0 1 2 2.0 2.0 27/10/2022 16 46 0 45.4722467 9.2271133
6 61 30.0 42.0 101392 1178 739 0.01 0.0 33.0 35.0 35.0 1 1 1.0 1.0 27/10/2022 16 46 26 45.472205 9.2272367
6 63 30.0 42.0 101393 0 0 0 0.0 33.0 35.0 35.0 1 1 0.0 1.0 27/10/2022 16 46 58 45.472205 9.2272367
