6 29 26,0 52,0 100707 26 588 0,01 0,0 21,0 22,0 22,0 2 1 1,0 2,0 25/10/2022 15 53 6 45,4756633 9,2359974
6 30 26,0 51,0 100706 83 589 0,01 0,0 21,0 22,0 22,0 1 1 2,0 1,0 25/10/2022 15 53 32 45,47563 9,236015
6 31 27,0 51,0 100705 218 580 0,01 0,0 8,0 9,0 10,0 1 2 1,0 2,0 25/10/2022 15 53 52 45,47563 9,236015
6 32 27,0 50,0 100704 278 641 0,01 0,0 9,0 9,0 9,0 1 2 2,0 2,0 25/10/2022 15 54 12 45,4756167 9,236055
6 33 27,0 50,0 100703 334 649 0,01 0,0 9,0 9,0 9,0 1 2 2,0 2,0 25/10/2022 15 54 52 45,4756167 9,236055
6 34 27,0 50,0 100702 528 578 0,01 0,0 11,0 12,0 12,0 1 1 2,0 1,0 25/10/2022 15 55 16 45,4756167 9,236055
6 35 28,0 49,0 100701 525 583 0,01 0,0 22,0 23,0 23,0 1 1 1,0 1,0 25/10/2022 15 55 34 45,4756167 9,236055
6 36 28,0 48,0 100700 510 577 0,01 0,0 19,0 20,0 20,0 1 1 2,0 2,0 25/10/2022 15 56 0 45,4756167 9,236055
6 37 28,0 48,0 100699 342 563 0,01 0,0 11,0 12,0 12,0 1 2 1,0 2,0 25/10/2022 15 56 26 45,4756167 9,236055
6 38 28,0 48,0 100699 267 568 0,01 0,0 16,0 17,0 17,0 1 1 1,0 1,0 25/10/2022 15 56 48 45,4756167 9,236055
6 39 28,0 48,0 100698 276 568 0,01 0,0 17,0 18,0 18,0 1 2 2,0 2,0 25/10/2022 15 57 12 45,4756127 9,2360883
