4 2 111 97 03 25 10 15 53 8 43
4 2 110 97 03 25 10 15 53 8 843
4 2 110 97 03 25 10 15 53 9 942
4 2 110 97 03 25 10 15 53 10 742
4 2 109 97 03 25 10 15 53 11 841
4 2 110 97 03 25 10 15 53 14 140
4 2 110 97 03 25 10 15 53 15 239
4 1 110 97 03 25 10 15 53 16 38
4 0 111 97 03 25 10 15 53 16 838
4 0 113 97 03 25 10 15 53 18 37
4 0 115 97 03 25 10 15 53 18 837
4 0 116 97 03 25 10 15 53 20 36
4 0 116 97 03 25 10 15 53 20 836
4 0 115 97 03 25 10 15 53 21 935
4 0 115 97 03 25 10 15 53 23 134
4 0 114 97 03 25 10 15 53 23 934
4 0 113 97 03 25 10 15 53 25 133
4 0 112 97 03 25 10 15 53 25 932
4 0 112 97 03 25 10 15 53 27 32
4 0 111 97 03 25 10 15 53 27 831
4 0 111 97 03 25 10 15 53 29 30
4 0 110 97 03 25 10 15 53 29 829
4 0 109 97 03 25 10 15 53 31 828
4 0 107 97 03 25 10 15 53 33 28
4 0 106 97 03 25 10 15 53 33 827
4 0 106 97 03 25 10 15 53 35 27
4 0 105 97 03 25 10 15 53 35 826
4 0 105 97 03 25 10 15 53 37 26
4 0 104 97 03 25 10 15 53 37 825
4 0 104 97 03 25 10 15 53 39 25
4 0 104 97 03 25 10 15 53 39 824
4 0 104 97 03 25 10 15 53 41 24
4 0 103 97 03 25 10 15 53 41 824
4 0 103 97 03 25 10 15 53 43 23
4 0 103 97 03 25 10 15 53 43 823
4 0 103 97 03 25 10 15 53 45 23
4 0 102 97 03 25 10 15 53 45 823
4 0 102 97 03 25 10 15 53 47 22
4 0 102 97 03 25 10 15 53 49 21
4 0 102 97 03 25 10 15 53 49 821
4 0 101 97 03 25 10 15 53 51 20
4 0 101 97 03 25 10 15 53 51 820
4 0 101 97 03 25 10 15 53 53 19
4 0 100 97 03 25 10 15 53 53 819
4 0 100 97 03 25 10 15 53 55 18
4 0 99 97 03 25 10 15 53 55 819
4 0 99 97 03 25 10 15 53 57 17
4 0 98 97 03 25 10 15 53 57 818
4 0 98 97 03 25 10 15 53 59 17
4 0 97 97 03 25 10 15 53 59 817
4 0 98 97 03 25 10 15 54 1 16
4 0 98 97 03 25 10 15 54 1 816
4 0 99 97 03 25 10 15 54 3 15
4 0 98 97 03 25 10 15 54 3 816
4 0 98 97 03 25 10 15 54 5 414
4 0 100 97 03 25 10 15 54 5 814
4 0 100 97 03 25 10 15 54 7 13
4 0 100 97 03 25 10 15 54 7 813
4 0 101 97 03 25 10 15 54 9 12
4 0 102 97 03 25 10 15 54 9 812
4 0 102 97 03 25 10 15 54 11 12
4 0 102 97 03 25 10 15 54 11 812
4 0 103 97 03 25 10 15 54 13 10
4 0 104 97 03 25 10 15 54 13 811
4 0 104 97 03 25 10 15 54 15 10
4 0 104 97 03 25 10 15 54 16 210
4 0 104 97 03 25 10 15 54 17 409
4 0 104 97 03 25 10 15 54 17 809
4 0 104 97 03 25 10 15 54 19 8
4 0 103 97 03 25 10 15 54 19 808
4 0 103 97 03 25 10 15 54 21 306
4 0 103 97 03 25 10 15 54 22 106
4 0 104 97 03 25 10 15 54 22 905
4 0 104 97 03 25 10 15 54 24 104
4 0 105 97 03 25 10 15 54 25 204
4 0 106 97 03 25 10 15 54 26 3
4 0 106 97 03 25 10 15 54 26 803
4 0 106 97 03 25 10 15 54 27 902
4 0 105 97 03 25 10 15 54 29 1
4 0 104 97 03 25 10 15 54 29 801
4 0 103 97 03 25 10 15 54 31 300
4 0 102 97 03 25 10 15 54 32 99
4 0 102 97 03 25 10 15 54 32 899
4 0 102 97 03 25 10 15 54 34 98
4 0 103 97 03 25 10 15 54 34 898
4 0 103 97 03 25 10 15 54 36 97
4 0 103 97 03 25 10 15 54 37 196
4 0 102 97 03 25 10 15 54 37 995
4 0 103 97 03 25 10 15 54 38 795
4 0 104 97 03 25 10 15 54 39 994
4 0 104 97 03 25 10 15 54 40 793
4 0 105 97 03 25 10 15 54 42 792
4 0 105 97 03 25 10 15 54 43 891
4 0 105 97 03 25 10 15 54 45 91
4 0 105 97 03 25 10 15 54 45 890
4 0 105 97 03 25 10 15 54 47 90
4 0 105 97 03 25 10 15 54 47 889
4 0 105 97 03 25 10 15 54 49 88
4 0 106 97 03 25 10 15 54 49 888
4 0 106 97 03 25 10 15 54 51 87
4 0 105 97 03 25 10 15 54 51 886
4 0 105 97 03 25 10 15 54 53 86
4 0 105 97 03 25 10 15 54 54 285
4 0 105 97 03 25 10 15 54 55 85
4 0 103 97 03 25 10 15 54 55 884
4 0 102 97 03 25 10 15 54 57 84
4 0 103 97 03 25 10 15 54 57 883
4 0 102 97 03 25 10 15 54 59 83
4 0 102 97 03 25 10 15 54 59 882
4 0 102 97 03 25 10 15 55 1 82
4 0 102 97 03 25 10 15 55 1 882
4 0 102 97 03 25 10 15 55 3 81
4 0 102 97 03 25 10 15 55 3 880
4 0 102 97 03 25 10 15 55 5 80
4 0 101 97 03 25 10 15 55 5 880
4 0 101 97 03 25 10 15 55 7 79
4 0 101 97 03 25 10 15 55 7 879
4 0 99 97 03 25 10 15 55 14 673
4 0 100 97 03 25 10 15 55 15 72
4 0 101 97 03 25 10 15 55 15 872
4 0 102 97 03 25 10 15 55 17 71
4 0 102 97 03 25 10 15 55 17 871
4 0 102 97 03 25 10 15 55 19 70
4 0 103 97 03 25 10 15 55 19 870
4 0 102 97 03 25 10 15 55 20 969
4 0 102 97 03 25 10 15 55 21 768
4 0 102 97 03 25 10 15 55 22 968
4 0 101 97 03 25 10 15 55 23 768
4 0 101 97 03 25 10 15 55 25 266
4 0 101 97 03 25 10 15 55 26 66
4 0 101 97 03 25 10 15 55 26 865
4 0 100 97 03 25 10 15 55 28 65
4 0 100 97 03 25 10 15 55 28 864
4 0 100 97 03 25 10 15 55 29 964
4 0 100 97 03 25 10 15 55 30 763
4 0 100 97 03 25 10 15 55 31 863
4 0 100 97 03 25 10 15 55 32 962
4 0 100 97 03 25 10 15 55 33 762
4 0 100 97 03 25 10 15 55 35 261
4 0 100 97 03 25 10 15 55 36 61
4 0 100 97 03 25 10 15 55 36 861
4 0 100 97 03 25 10 15 55 37 960
4 0 100 97 03 25 10 15 55 38 760
4 0 100 97 03 25 10 15 55 39 959
4 0 100 97 03 25 10 15 55 40 760
4 0 100 97 03 25 10 15 55 41 959
4 0 100 97 03 25 10 15 55 42 759
4 0 100 97 03 25 10 15 55 43 858
4 0 100 97 03 25 10 15 55 45 58
4 0 100 97 03 25 10 15 55 45 858
4 0 101 97 03 25 10 15 55 47 57
4 0 101 97 03 25 10 15 55 47 857
4 0 101 97 03 25 10 15 55 48 956
4 0 101 97 03 25 10 15 55 49 756
4 0 101 97 03 25 10 15 55 50 955
4 0 101 97 03 25 10 15 55 51 756
4 0 101 97 03 25 10 15 55 53 754
4 0 101 97 03 25 10 15 55 55 253
4 0 101 97 03 25 10 15 55 56 53
4 1 101 97 03 25 10 15 55 56 852
4 0 101 97 03 25 10 15 55 58 52
4 0 101 97 03 25 10 15 55 58 851
4 0 101 97 03 25 10 15 56 0 51
4 0 101 97 03 25 10 15 56 0 850
4 0 101 97 01 25 10 15 56 2 49
4 0 101 97 01 25 10 15 56 2 849
4 0 101 97 01 25 10 15 56 4 48
4 0 100 97 01 25 10 15 56 4 848
4 0 100 97 01 25 10 15 56 6 47
4 0 100 97 01 25 10 15 56 6 846
4 0 100 97 01 25 10 15 56 8 46
4 0 100 97 01 25 10 15 56 8 846
4 0 99 97 01 25 10 15 56 10 45
4 0 99 97 01 25 10 15 56 10 845
4 0 99 97 01 25 10 15 56 12 44
4 0 99 97 01 25 10 15 56 12 844
4 0 99 97 01 25 10 15 56 14 43
4 0 100 97 01 25 10 15 56 14 843
4 0 100 97 01 25 10 15 56 16 42
4 0 101 97 03 25 10 15 56 16 842
4 0 102 97 03 25 10 15 56 18 42
4 0 102 97 03 25 10 15 56 18 841
4 0 102 97 03 25 10 15 56 20 41
4 0 102 97 03 25 10 15 56 20 841
4 0 102 97 03 25 10 15 56 22 440
4 0 102 97 03 25 10 15 56 22 840
4 0 102 97 03 25 10 15 56 24 39
4 0 102 97 03 25 10 15 56 24 839
4 0 101 97 03 25 10 15 56 26 39
4 0 101 97 03 25 10 15 56 26 838
4 0 101 97 03 25 10 15 56 28 38
4 0 101 97 03 25 10 15 56 28 837
4 0 101 97 03 25 10 15 56 30 37
4 0 101 97 03 25 10 15 56 30 837
4 0 101 97 03 25 10 15 56 32 36
4 0 101 97 03 25 10 15 56 32 836
4 0 101 97 03 25 10 15 56 34 35
4 0 102 97 03 25 10 15 56 34 835
4 0 102 97 03 25 10 15 56 36 34
4 0 102 97 03 25 10 15 56 36 833
4 0 102 97 01 25 10 15 56 38 33
4 0 103 97 01 25 10 15 56 38 832
4 0 104 97 01 25 10 15 56 39 932
4 0 105 97 01 25 10 15 56 40 731
4 0 105 97 01 25 10 15 56 41 930
4 0 106 97 01 25 10 15 56 42 730
4 0 106 97 03 25 10 15 56 43 929
4 0 105 97 03 25 10 15 56 44 729
4 0 104 97 03 25 10 15 56 45 828
4 0 104 97 03 25 10 15 56 46 927
4 0 104 97 03 25 10 15 56 47 727
4 0 103 97 03 25 10 15 56 49 226
4 0 103 97 03 25 10 15 56 50 26
4 0 103 97 03 25 10 15 56 50 825
4 0 103 97 03 25 10 15 56 51 925
4 0 103 97 03 25 10 15 56 52 724
4 0 103 97 03 25 10 15 56 53 924
4 0 103 97 03 25 10 15 56 54 723
4 0 102 97 03 25 10 15 56 55 922
4 0 102 97 03 25 10 15 56 56 722
4 0 102 97 03 25 10 15 56 57 821
4 0 102 97 03 25 10 15 56 59 20
4 0 101 97 03 25 10 15 57 1 819
4 0 100 97 03 25 10 15 57 2 918
4 0 99 97 03 25 10 15 57 3 718
4 0 98 97 03 25 10 15 57 4 917
4 0 98 97 03 25 10 15 57 5 716
4 0 97 97 03 25 10 15 57 6 917
4 0 95 97 03 25 10 15 57 7 715
4 0 95 97 03 25 10 15 57 8 915
4 0 93 97 03 25 10 15 57 9 714
4 0 92 97 03 25 10 15 57 11 313
4 0 91 97 03 25 10 15 57 11 713
4 0 91 97 03 25 10 15 57 12 912
4 0 90 97 03 25 10 15 57 13 712
4 0 90 97 03 25 10 15 57 14 912
4 0 89 97 03 25 10 15 57 15 711
4 0 88 97 03 25 10 15 57 16 911
4 0 89 97 03 25 10 15 57 17 710
4 0 90 97 03 25 10 15 57 18 910
4 0 90 97 03 25 10 15 57 19 709
4 0 91 97 03 25 10 15 57 20 909
4 0 92 97 03 25 10 15 57 21 709
4 0 92 97 03 25 10 15 57 22 908
4 0 93 97 03 25 10 15 57 23 708
4 0 93 97 03 25 10 15 57 24 908
4 0 93 97 03 25 10 15 57 25 707
4 0 93 97 03 25 10 15 57 26 907
4 0 93 97 03 25 10 15 57 27 707
4 0 93 97 03 25 10 15 57 29 706
4 0 93 97 03 25 10 15 57 30 905
4 0 93 97 03 25 10 15 57 31 705
4 0 93 97 03 25 10 15 57 32 904
4 0 93 97 03 25 10 15 57 33 703
4 0 94 97 03 25 10 15 57 34 903
4 0 94 97 03 25 10 15 57 35 702
4 0 94 97 03 25 10 15 57 36 902
4 0 93 97 03 25 10 15 57 37 701
4 0 93 97 03 25 10 15 57 38 900
4 0 93 97 03 25 10 15 57 39 700
4 0 93 97 03 25 10 15 57 40 899
4 0 93 97 03 25 10 15 57 41 699
4 0 93 97 03 25 10 15 57 43 198
4 0 93 97 03 25 10 15 57 43 997
4 0 93 97 03 25 10 15 57 44 797
4 0 93 97 03 25 10 15 57 46 796
4 0 93 97 03 25 10 15 57 47 895
4 0 93 97 03 25 10 15 57 48 700
4 0 94 97 03 25 10 15 57 55 814
4 0 95 97 01 25 10 15 58 1 801
4 0 96 97 01 25 10 15 58 4 329
4 0 97 97 01 25 10 15 58 4 729
4 0 98 97 01 25 10 15 58 5 928
4 0 98 97 01 25 10 15 58 6 728
4 0 100 97 01 25 10 15 58 7 927
4 0 100 97 01 25 10 15 58 8 726
4 0 102 97 01 25 10 15 58 9 926
4 0 103 97 01 25 10 15 58 10 725
4 0 104 97 01 25 10 15 58 11 824
4 0 105 97 01 25 10 15 58 12 924
4 0 105 97 01 25 10 15 58 13 723
4 0 105 97 01 25 10 15 58 15 222
4 0 105 97 01 25 10 15 58 16 21
4 0 104 97 01 25 10 15 58 16 820
4 0 104 97 01 25 10 15 58 17 920
4 0 103 97 01 25 10 15 58 18 720
4 0 103 97 01 25 10 15 58 20 319
4 0 102 97 01 25 10 15 58 20 718
