0.0 101.0
1.0 84.1
2.0 80.6
3.0 79.9
4.0 85.0
5.0 87.7
6.0 90.3
7.0 97.9
8.0 105.2
9.0 104.7
10.0 120.4
11.0 122.3
12.0 117.8
13.0 110.7
14.0 116.2
15.0 109.2
16.0 103.0
17.0 107.4
18.0 93.9
19.0 89.9
20.0 84.0
21.0 81.1
22.0 84.8
23.0 97.6
24.0 101.1
25.0 95.4
26.0 92.5
27.0 102.3
28.0 103.5
29.0 103.3
30.0 87.8
31.0 86.8
32.0 92.0
33.0 91.0
34.0 88.9
35.0 97.4
36.0 112.1
37.0 97.2
38.0 92.3
39.0 92.3
40.0 103.6
41.0 106.0
42.0 97.7
43.0 95.7
44.0 91.6
45.0 89.2
46.0 83.5
47.0 84.5
48.0 85.3
49.0 87.9
50.0 99.2
51.0 114.0
52.0 135.9
53.0 135.4
54.0 123.4
55.0 101.7
56.0 103.5
57.0 102.2
58.0 102.3
59.0 98.4
60.0 84.3
61.0 90.5
62.0 98.2
63.0 91.2
64.0 96.3
65.0 100.2
66.0 102.2
67.0 116.5
68.0 113.6
69.0 106.5
70.0 103.9
71.0 106.7
72.0 101.0
73.0 101.0
74.0 98.7
75.0 97.4
76.0 105.2
77.0 96.7
78.0 102.8
79.0 91.9
80.0 91.9
81.0 90.7
82.0 87.1
83.0 90.9
84.0 102.0
85.0 94.2
86.0 102.6
87.0 102.6
88.0 100.9
89.0 100.5
90.0 98.7
91.0 95.3
92.0 103.4
93.0 104.8
94.0 126.2
95.0 110.3
96.0 98.2
97.0 98.4
98.0 101.2
99.0 99.1
100.0 92.1
101.0 0.4
