0.00 25.57 57.08 99801.13 857.76 820.10 0.00 0.01 12.87 12.47 12.87
1.00 26.42 55.73 99801.33 965.65 831.57 0.00 0.01 5.55 5.55 5.55
2.00 26.55 54.77 99800.47 1002.82 888.10 0.00 0.01 11.28 10.88 11.28
3.00 26.55 54.07 99800.47 984.35 891.58 0.00 0.01 9.57 9.57 9.57
4.00 26.55 53.10 99800.47 969.18 883.68 0.00 0.01 7.87 7.87 7.87
5.00 27.13 52.92 99801.45 916.32 885.23 0.00 0.01 13.07 12.67 13.07
6.00 27.53 51.15 99801.25 518.04 827.92 0.00 0.01 10.37 9.80 10.37
7.00 26.90 49.17 99805.90 101.76 687.65 0.00 0.01 14.00 13.33 14.00
8.00 25.57 49.17 99820.63 0.00 608.15 0.00 0.01 22.33 22.33 22.33
9.00 24.78 49.75 99833.65 0.98 593.13 0.00 0.01 27.53 27.53 27.53
10.00 23.62 51.28 99845.35 3.88 669.63 0.00 0.01 19.83 19.43 19.83
11.00 23.54 51.98 99594.46 8.28 599.28 0.00 0.01 23.40 23.40 23.40
12.00 22.67 53.58 99865.73 1.85 636.42 0.00 0.01 21.77 20.97 21.77
13.00 22.62 54.08 99873.20 17.32 596.00 0.00 0.01 24.88 24.03 24.88
14.00 22.15 54.55 99881.17 22.68 603.93 0.00 0.01 28.75 26.67 28.75
15.00 21.68 55.67 99885.82 7.38 582.85 0.00 0.01 25.52 24.40 25.52
16.00 22.62 55.07 99891.22 263.42 607.72 0.00 0.01 24.58 24.23 24.58
17.00 23.53 54.15 99896.08 631.85 606.87 0.00 0.01 19.47 19.08 19.47
18.00 24.17 53.15 99899.95 598.53 598.42 0.00 0.01 19.60 19.55 19.60
19.00 24.58 52.38 99903.23 747.83 610.45 0.00 0.01 18.68 18.68 18.68
20.00 24.58 52.12 99905.47 740.50 586.88 0.00 0.01 21.75 21.75 21.75
21.00 25.54 50.48 99788.59 544.95 591.77 0.00 0.01 26.30 25.05 26.30
22.00 25.57 50.15 99912.52 310.95 575.30 0.00 0.01 25.95 25.95 25.95
23.00 25.57 49.30 99914.45 221.20 592.48 0.00 0.01 18.95 18.85 18.95
24.00 25.57 49.17 99916.15 217.73 571.75 0.00 0.01 26.55 24.58 26.55
25.00 24.90 50.05 99916.72 174.87 596.95 0.00 0.01 21.03 20.30 21.03
26.00 25.57 49.35 99917.48 288.73 622.22 0.00 0.01 18.47 17.67 18.47
27.00 24.88 49.85 99917.48 120.93 588.62 0.00 0.01 20.72 20.05 20.72
28.00 24.58 50.15 99916.25 38.60 583.88 0.00 0.01 21.08 20.78 21.08
29.00 24.58 50.15 99913.92 309.08 595.35 0.00 0.01 24.58 24.58 24.58
30.00 24.58 50.15 99913.15 348.95 582.55 0.00 0.01 21.78 21.78 21.78
31.00 24.58 50.15 99911.47 199.62 575.83 0.00 0.01 19.58 19.58 19.58
32.00 24.58 49.65 99910.60 178.10 581.72 0.00 0.01 18.48 18.48 18.48
33.00 25.32 49.11 99788.88 260.75 580.30 0.00 0.01 20.20 20.20 20.20
34.00 25.57 49.17 99909.62 210.08 575.40 0.00 0.01 19.75 19.75 19.75
35.00 25.08 49.17 99910.10 153.80 570.65 0.00 0.01 22.08 21.68 22.08
36.00 24.85 49.17 99911.27 105.03 581.12 0.00 0.01 22.05 22.05 22.05
37.00 25.57 49.17 99912.37 143.20 577.82 0.00 0.01 18.03 18.03 18.03
38.00 25.30 49.17 99912.57 75.93 586.82 0.00 0.01 18.37 18.37 18.37
39.00 24.58 49.17 99912.57 45.32 590.73 0.00 0.01 15.10 15.10 15.10
40.00 24.58 49.17 99911.60 13.48 608.37 0.00 0.01 18.27 17.67 18.27
41.00 24.58 49.00 99910.45 87.80 610.48 0.00 0.01 19.18 18.58 19.18
42.00 24.93 48.18 99909.27 116.10 564.21 0.00 0.01 20.25 19.67 20.25
43.00 25.57 48.18 99907.50 211.86 606.34 0.00 0.01 20.42 20.00 20.42
44.00 25.57 48.18 99905.98 407.47 602.68 0.00 0.01 17.53 17.53 17.53
45.00 25.57 48.18 99904.75 375.82 602.18 0.00 0.01 15.43 15.43 15.43
46.00 25.72 47.63 99904.15 396.50 590.62 0.00 0.01 18.80 18.05 18.80
47.00 26.55 47.20 99902.98 418.93 597.08 0.00 0.01 19.90 19.65 19.90
48.00 26.55 46.72 99902.25 431.22 585.77 0.00 0.01 20.60 19.40 20.60
49.00 25.95 46.82 99901.15 154.58 571.90 0.00 0.01 14.13 14.13 14.13
50.00 25.35 47.20 99900.55 41.63 669.13 0.00 0.01 13.65 13.65 13.65
51.00 24.48 47.00 99476.48 78.27 578.30 0.00 0.01 18.92 18.92 18.92
52.00 24.97 46.85 98602.76 16.16 558.03 0.00 0.01 16.68 16.68 16.68
53.00 24.58 48.18 99895.83 7.62 560.63 0.00 0.01 19.05 18.72 19.05
54.00 24.00 49.17 99893.12 12.37 614.83 0.00 0.01 20.22 19.82 20.22
55.00 23.60 49.40 99891.15 13.47 599.43 0.00 0.01 21.92 21.92 21.92
56.00 23.60 50.15 99889.77 21.38 635.48 0.00 0.01 29.47 29.47 29.47
57.00 23.60 50.15 99887.30 24.38 593.82 0.00 0.01 17.43 17.43 17.43
58.00 23.60 50.15 99885.27 93.10 625.43 0.00 0.01 15.95 15.95 15.95
59.00 23.73 50.02 99883.50 98.37 598.87 0.00 0.01 23.18 22.12 23.18
60.00 24.58 49.17 99882.03 203.77 611.38 0.00 0.01 24.88 22.97 24.88
61.00 24.58 49.17 99880.87 128.63 602.52 0.00 0.01 25.92 24.77 25.92
62.00 25.07 48.59 99758.68 215.95 588.55 0.00 0.01 21.71 21.20 21.71
63.00 25.30 48.18 99878.47 218.85 589.82 0.00 0.01 18.40 18.08 18.40
64.00 24.58 48.18 99877.57 57.17 561.80 0.00 0.01 16.38 16.38 16.38
65.00 24.58 48.85 99876.50 3.51 620.95 0.00 0.01 14.88 14.88 14.88
66.00 24.10 49.17 99876.18 11.76 592.17 0.00 0.01 17.98 17.98 17.98
67.00 23.60 49.53 99876.18 0.96 634.73 0.00 0.01 20.52 20.12 20.52
68.00 23.60 50.15 99876.18 30.60 608.96 0.00 0.01 22.33 22.33 22.33
69.00 23.60 50.15 99876.92 66.92 552.40 0.00 0.01 17.67 17.33 17.67
70.00 23.57 50.09 99756.80 28.70 588.48 0.00 0.01 13.75 12.77 13.75
71.00 23.60 51.05 99878.15 5.00 582.55 0.00 0.01 18.17 18.08 18.17
72.00 24.33 50.21 99618.83 47.44 600.03 0.00 0.01 21.90 20.70 21.90
73.00 24.58 50.05 99880.58 80.13 568.90 0.00 0.01 19.80 19.70 19.80
74.00 24.58 49.17 99881.78 52.57 607.22 0.00 0.01 21.35 20.65 21.35
75.00 24.58 49.17 99882.55 49.53 613.02 0.00 0.01 20.65 20.65 20.65
76.00 24.58 49.87 99883.15 53.07 617.78 0.00 0.01 19.97 19.67 19.97
77.00 24.65 49.77 99885.45 182.33 607.28 0.00 0.01 28.13 23.87 28.13
78.00 24.72 49.17 99888.40 256.80 585.13 0.00 0.01 17.90 17.37 17.90
79.00 24.58 49.17 99891.67 140.50 575.47 0.00 0.01 28.17 28.17 28.17
80.00 24.58 49.52 99894.00 90.80 576.20 0.00 0.01 21.63 21.63 21.63
81.00 24.54 49.61 99707.19 123.50 565.53 0.00 0.01 23.37 23.37 23.37
82.00 25.17 49.17 99897.60 400.07 582.60 0.00 0.01 21.20 20.40 21.20
83.00 25.23 49.50 99898.80 253.80 577.33 0.00 0.01 23.00 22.33 23.00
84.00 24.58 49.23 99897.88 70.18 544.43 0.00 0.01 24.45 23.80 24.45
85.00 24.58 49.77 99896.95 38.43 601.14 0.00 0.01 29.78 27.93 29.78
86.00 24.58 50.15 99896.12 18.53 597.60 0.00 0.01 24.49 23.18 24.49
87.00 24.58 49.25 99896.75 41.57 557.90 0.00 0.01 21.82 20.84 21.82
88.00 24.58 49.45 99896.83 27.35 598.50 0.00 0.01 24.45 23.75 24.45
89.00 24.58 49.85 99897.40 19.85 604.17 0.00 0.01 23.15 23.15 23.15
90.00 24.58 50.12 99896.68 72.38 596.75 0.00 0.01 22.55 22.55 22.55
91.00 24.18 50.15 99895.85 45.45 611.72 0.00 0.01 22.08 21.95 22.08
92.00 24.58 50.15 99895.85 9.69 634.04 0.00 0.01 23.85 23.12 23.85
93.00 24.42 50.15 99895.85 14.06 599.63 0.00 0.01 20.98 20.98 20.98
94.00 24.35 50.15 99895.85 45.10 636.97 0.00 0.01 24.12 23.37 24.12
95.00 23.68 51.05 99895.95 29.17 629.70 0.00 0.01 25.48 25.40 25.48
96.00 23.60 51.35 99896.83 1.96 680.21 0.00 0.01 26.87 26.65 26.87
97.00 24.27 51.18 99897.50 27.23 607.86 0.00 0.01 26.00 25.95 26.00
98.00 24.58 50.25 99898.30 203.65 596.95 0.00 0.01 26.25 26.25 26.25
99.00 25.25 49.88 99899.47 600.85 604.82 0.00 0.01 24.42 24.42 24.42
100.00 25.57 49.17 99901.08 901.45 580.48 0.00 0.01 26.73 26.73 26.73
101.00 25.57 49.17 99902.22 1103.38 615.48 0.00 0.01 25.93 25.07 25.93
102.00 0.09 0.18 370.05 4.12 2.38 0.00 0.00 0.08 0.08 0.08
