6 13 0 0 0 0 0 0 0.0 0.0 0.0 0.0 0 0 0.0 0.0 27/10/2022 10 43 11 45.4720948 9.2272097
6 14 26.0 59.0 101492 0 0 0 0.0 12.0 12.0 12.0 1 1 0.0 1.0 27/10/2022 10 43 23 45.4720736 9.2272102
6 14 26.0 58.0 101493 850 847 0.01 0.0 12.0 13.0 14.0 1 2 2.0 2.0 27/10/2022 10 43 31 45.4721334 9.2272176
6 15 26.0 57.0 101493 923 831 0.01 0.0 12.0 13.0 13.0 1 2 2.0 2.0 27/10/2022 10 43 55 45.4721784 9.2272783
6 16 27.0 57.0 101493 987 836 0.01 0.0 3.0 3.0 3.0 1 1 2.0 1.0 27/10/2022 10 44 19 45.4720429 9.2272428
6 17 27.0 56.0 101493 990 853 0.01 0.0 6.0 7.0 7.0 1 1 1.0 1.0 27/10/2022 10 44 51 45.4720328 9.2272413
6 18 27.0 56.0 101492 1013 894 0.01 0.0 6.0 7.0 7.0 1 2 2.0 2.0 27/10/2022 10 45 3 45.4719855 9.227265
6 19 27.0 56.0 101492 1032 909 0.01 0.0 12.0 14.0 15.0 1 1 2.0 2.0 27/10/2022 10 45 27 45.4720219 9.2271857
6 20 27.0 55.0 101492 1010 904 0.01 0.0 10.0 11.0 11.0 1 2 1.0 2.0 27/10/2022 10 45 51 45.47201 9.2271503
6 21 27.0 55.0 101492 995 904 0.01 0.0 10.0 11.0 11.0 1 1 2.0 1.0 27/10/2022 10 46 27 45.47201 9.22715
6 22 27.0 55.0 101492 999 911 0.01 0.0 8.0 8.0 8.0 1 2 2.0 2.0 27/10/2022 10 46 43 45.4720413 9.2271596
6 23 27.0 54.0 101492 985 895 0.01 0.0 8.0 8.0 8.0 1 2 2.0 2.0 27/10/2022 10 47 7 45.4720651 9.2270997
6 24 27.0 54.0 101492 986 901 0.01 0.0 8.0 8.0 8.0 1 2 2.0 2.0 27/10/2022 10 47 31 45.4720467 9.2271948
6 25 27.0 54.0 101493 959 913 0.01 0.0 17.0 18.0 19.0 1 2 2.0 1.0 27/10/2022 10 48 7 45.4720306 9.2272271
6 26 28.0 54.0 101493 939 894 0.01 0.0 9.0 10.0 10.0 1 2 2.0 2.0 27/10/2022 10 48 31 45.4720484 9.2271785
6 27 28.0 53.0 101493 857 886 0.01 0.0 8.0 8.0 8.0 1 2 2.0 2.0 27/10/2022 10 48 55 45.4720963 9.227175
6 29 28.0 52.0 101493 0 0 0 0.0 9.0 10.0 11.0 1 1 0.0 1.0 27/10/2022 10 49 19 45.4720986 9.2272911
6 29 28.0 51.0 101492 194 834 0.01 0.0 11.0 12.0 12.0 1 1 1.0 1.0 27/10/2022 10 49 53 45.472063 9.22734
6 30 28.0 50.0 101494 133 726 0.01 0.0 11.0 12.0 12.0 1 2 1.0 2.0 27/10/2022 10 50 5 45.4723547 9.2273288
6 31 27.0 50.0 101499 60 690 0.01 0.0 12.0 13.0 15.0 1 1 2.0 2.0 27/10/2022 10 50 35 45.4724589 9.2273637
6 32 26.0 50.0 101506 0 631 0.01 0.0 19.0 20.0 20.0 1 2 2.0 2.0 27/10/2022 10 50 55 45.4726296 9.2275402
6 33 26.0 50.0 101512 0 651 0.01 0.0 19.0 20.0 20.0 1 2 2.0 2.0 27/10/2022 10 51 19 45.4725718 9.2278776
6 34 26.0 50.0 101518 0 570 0.01 0.0 26.0 28.0 28.0 1 1 1.0 1.0 27/10/2022 10 51 43 45.4726345 9.2283774
6 35 25.0 50.0 101524 1 599 0.01 0.0 26.0 28.0 28.0 2 1 1.0 1.0 27/10/2022 10 52 15 45.4726466 9.2285824
6 36 25.0 51.0 101529 1 616 0.01 0.0 26.0 28.0 28.0 1 3 2.0 3.0 27/10/2022 10 52 27 45.4726445 9.2292108
6 37 24.0 52.0 101534 2 700 0.01 0.0 14.0 14.0 14.0 1 2 2.0 2.0 27/10/2022 10 53 3 45.4726171 9.2296034
6 38 24.0 52.0 101539 6 703 0.01 0.0 20.0 23.0 24.0 1 2 2.0 2.0 27/10/2022 10 53 27 45.4724059 9.230048
6 39 24.0 53.0 101544 4 589 0.01 0.0 23.0 25.0 25.0 1 1 1.0 1.0 27/10/2022 10 53 51 45.4725953 9.2305139
6 41 0 0 0 34 556 0.01 0.0 23.0 24.0 24.0 1 0 1.0 1.0 27/10/2022 10 54 31 45.4725948 9.2306417
6 41 24.0 53.0 101552 5 659 0.01 0.0 21.0 22.0 22.0 1 2 2.0 2.0 27/10/2022 10 54 39 45.472645 9.2310119
6 42 23.0 54.0 101556 1 663 0.01 0.0 21.0 22.0 22.0 1 2 2.0 2.0 27/10/2022 10 55 3 45.4727067 9.2314417
6 43 23.0 55.0 101560 2 648 0.01 0.0 18.0 20.0 22.0 1 2 2.0 2.0 27/10/2022 10 55 27 45.4726223 9.2318384
6 44 23.0 55.0 101563 3 593 0.01 0.0 22.0 23.0 23.0 1 2 1.0 2.0 27/10/2022 10 55 51 45.4726178 9.2325043
6 45 23.0 55.0 101567 16 630 0.01 0.0 22.0 23.0 23.0 1 1 1.0 1.0 27/10/2022 10 56 27 45.472632 9.2327334
6 46 23.0 55.0 101570 43 608 0.01 0.0 23.0 28.0 31.0 1 2 2.0 2.0 27/10/2022 10 56 41 45.472648 9.2331146
6 47 23.0 55.0 101573 36 629 0.01 0.0 23.0 27.0 29.0 1 2 2.0 2.0 27/10/2022 10 57 5 45.472725 9.2335313
6 48 22.0 56.0 101576 7 603 0.01 0.0 23.0 27.0 29.0 1 2 2.0 2.0 27/10/2022 10 57 29 45.4727902 9.2342269
6 49 22.0 57.0 101578 1 567 0.01 0.0 18.0 19.0 19.0 1 1 1.0 1.0 27/10/2022 10 58 17 45.472805 9.2343595
6 50 22.0 57.0 101581 4 595 0.01 0.0 24.0 26.0 27.0 1 2 2.0 1.0 27/10/2022 10 58 29 45.4728646 9.2344354
6 51 23.0 56.0 101583 65 609 0.01 0.0 23.0 24.0 25.0 1 1 2.0 2.0 27/10/2022 10 58 53 45.4729152 9.23438
6 52 23.0 56.0 101585 380 623 0.01 0.0 23.0 25.0 25.0 1 1 1.0 1.0 27/10/2022 10 59 17 45.4729233 9.2343517
6 54 24.0 55.0 101587 0 0 0 0.0 18.0 19.0 19.0 1 1 0.0 1.0 27/10/2022 10 59 59 45.4729233 9.2343517
6 54 24.0 55.0 101589 608 637 0.01 0.0 18.0 19.0 19.0 1 2 2.0 2.0 27/10/2022 11 0 7 45.4729233 9.2343517
6 55 24.0 55.0 101591 728 599 0.01 0.0 17.0 19.0 20.0 1 2 2.0 2.0 27/10/2022 11 0 31 45.4729067 9.2345
6 56 24.0 54.0 101592 647 576 0.01 0.0 18.0 20.0 20.0 1 1 2.0 1.0 27/10/2022 11 0 57 45.4728733 9.23448
6 57 25.0 54.0 101594 557 632 0.01 0.0 18.0 20.0 20.0 1 1 1.0 1.0 27/10/2022 11 1 19 45.4728733 9.23448
6 58 25.0 54.0 101595 696 619 0.01 0.0 18.0 19.0 19.0 1 1 1.0 1.0 27/10/2022 11 1 49 45.4728733 9.23448
6 59 25.0 53.0 101596 792 622 0.01 0.0 18.0 19.0 19.0 1 2 1.0 1.0 27/10/2022 11 2 9 45.4728733 9.23448
6 60 25.0 53.0 101598 778 621 0.01 0.0 18.0 19.0 19.0 1 1 3.0 3.0 27/10/2022 11 2 29 45.4728733 9.23448
6 61 25.0 53.0 101599 746 590 0.01 0.0 21.0 23.0 23.0 1 1 1.0 1.0 27/10/2022 11 3 5 45.4728733 9.23448
6 63 0 0 0 801 628 0.01 0.0 0.0 0.0 0.0 0 0 1.0 0.0 27/10/2022 11 3 51 45.4728733 9.23448
6 63 26.0 52.0 101602 579 618 0.01 0.0 18.0 20.0 21.0 1 2 1.0 2.0 27/10/2022 11 3 55 45.4728977 9.2345188
6 1 26.0 51.0 101603 550 596 0.01 0.0 27.0 30.0 32.0 1 2 2.0 2.0 27/10/2022 11 4 17 45.4731032 9.2346456
6 2 26.0 51.0 101605 395 566 0.01 0.0 25.0 27.0 27.0 1 2 2.0 2.0 27/10/2022 11 4 41 45.4733297 9.234614
6 3 26.0 51.0 101606 309 597 0.01 0.0 25.0 27.0 27.0 1 1 2.0 1.0 27/10/2022 11 5 5 45.4735657 9.2344691
6 4 26.0 51.0 101607 237 577 0.01 0.0 23.0 24.0 24.0 1 2 1.0 2.0 27/10/2022 11 5 37 45.4737557 9.2343978
6 5 26.0 50.0 101608 235 596 0.01 0.0 17.0 18.0 18.0 1 2 2.0 2.0 27/10/2022 11 5 57 45.4740267 9.2343886
6 6 26.0 50.0 101608 211 621 0.01 0.0 17.0 18.0 18.0 1 2 2.0 2.0 27/10/2022 11 6 21 45.4742881 9.2344182
6 7 26.0 50.0 101609 224 575 0.01 0.0 22.0 25.0 27.0 1 2 2.0 2.0 27/10/2022 11 6 45 45.474526 9.2344176
6 8 26.0 50.0 101610 220 585 0.01 0.0 22.0 25.0 27.0 1 2 2.0 2.0 27/10/2022 11 7 9 45.475066 9.2344103
6 9 25.0 51.0 101610 168 628 0.01 0.0 22.0 25.0 27.0 1 1 1.0 1.0 27/10/2022 11 7 53 45.4752341 9.2344039
6 10 25.0 51.0 101610 151 590 0.01 0.0 16.0 17.0 17.0 1 2 2.0 2.0 27/10/2022 11 8 9 45.4755186 9.23439
6 11 26.0 51.0 101611 220 623 0.01 0.0 19.0 20.0 20.0 1 2 2.0 2.0 27/10/2022 11 8 33 45.4757586 9.2343819
6 12 26.0 50.0 101611 274 655 0.01 0.0 19.0 20.0 21.0 1 2 2.0 2.0 27/10/2022 11 8 57 45.4760001 9.234582
6 13 26.0 50.0 101611 347 615 0.01 0.0 13.0 15.0 16.0 1 1 2.0 1.0 27/10/2022 11 9 21 45.4759705 9.2350883
6 14 26.0 50.0 101611 178 524 0.01 0.0 20.0 21.0 21.0 2 1 1.0 1.0 27/10/2022 11 9 51 45.4759707 9.2352579
6 15 25.0 51.0 101611 94 623 0.01 0.0 20.0 21.0 21.0 1 2 2.0 2.0 27/10/2022 11 10 3 45.4760025 9.2356027
6 16 25.0 51.0 101611 46 611 0.01 0.0 18.0 21.0 23.0 1 2 2.0 2.0 27/10/2022 11 10 27 45.4757717 9.2359387
6 17 25.0 51.0 101610 23 608 0.01 0.0 19.0 21.0 21.0 1 1 1.0 1.0 27/10/2022 11 10 53 45.4756889 9.2359537
6 18 25.0 51.0 101609 45 564 0.01 0.0 19.0 21.0 21.0 1 2 1.0 2.0 27/10/2022 11 11 21 45.47569 9.2359533
6 19 25.0 51.0 101608 179 615 0.01 0.0 24.0 25.0 25.0 1 2 2.0 2.0 27/10/2022 11 11 41 45.47569 9.2359533
6 20 25.0 51.0 101607 386 611 0.01 0.0 24.0 25.0 25.0 1 1 2.0 2.0 27/10/2022 11 12 5 45.47569 9.2359533
6 21 25.0 51.0 101607 411 579 0.01 0.0 24.0 25.0 25.0 1 3 3.0 3.0 27/10/2022 11 12 29 45.47569 9.2359533
6 22 25.0 51.0 101606 273 612 0.01 0.0 17.0 18.0 18.0 1 1 1.0 1.0 27/10/2022 11 13 17 45.47569 9.2359533
6 24 25.0 51.0 101606 0 0 0 0.0 17.0 19.0 19.0 1 1 0.0 1.0 27/10/2022 11 13 47 45.47569 9.2359533
6 24 25.0 51.0 101605 240 588 0.01 0.0 24.0 25.0 25.0 1 2 2.0 2.0 27/10/2022 11 13 55 45.47569 9.2359533
6 25 25.0 51.0 101604 142 579 0.01 0.0 14.0 15.0 15.0 1 2 2.0 2.0 27/10/2022 11 14 19 45.47569 9.2359533
6 26 25.0 51.0 101604 150 596 0.01 0.0 17.0 19.0 19.0 1 2 2.0 2.0 27/10/2022 11 14 43 45.47569 9.2359533
6 27 25.0 50.0 101604 212 589 0.01 0.0 17.0 19.0 19.0 1 2 2.0 2.0 27/10/2022 11 15 9 45.47569 9.2359533
6 29 0 0 0 266 594 0.01 0.0 0.0 0.0 0.0 0 0 1.0 0.0 27/10/2022 11 15 51 45.47569 9.2359533
6 29 26.0 50.0 101603 287 587 0.01 0.0 20.0 21.0 21.0 1 2 2.0 2.0 27/10/2022 11 15 55 45.47569 9.2359533
6 30 26.0 50.0 101603 271 594 0.01 0.0 20.0 21.0 21.0 1 2 2.0 2.0 27/10/2022 11 16 19 45.4756881 9.2359262
6 31 26.0 50.0 101603 207 586 0.01 0.0 19.0 20.0 20.0 1 2 2.0 2.0 27/10/2022 11 16 43 45.4758852 9.2357826
6 32 26.0 50.0 101603 217 579 0.01 0.0 19.0 20.0 20.0 1 2 2.0 2.0 27/10/2022 11 17 7 45.4759005 9.2355233
6 33 26.0 50.0 101603 179 599 0.01 0.0 19.0 20.0 20.0 1 2 2.0 2.0 27/10/2022 11 17 31 45.475951 9.2349484
6 34 25.0 50.0 101604 137 561 0.01 0.0 22.0 24.0 25.0 1 2 2.0 2.0 27/10/2022 11 18 7 45.47592 9.2345831
6 35 25.0 50.0 101604 114 561 0.01 0.0 23.0 25.0 25.0 1 2 2.0 2.0 27/10/2022 11 18 31 45.4761862 9.2344247
6 36 25.0 50.0 101605 89 602 0.01 0.0 19.0 20.0 20.0 1 2 2.0 2.0 27/10/2022 11 18 55 45.4764377 9.2344329
6 37 26.0 50.0 101605 125 610 0.01 0.0 22.0 23.0 23.0 1 1 1.0 1.0 27/10/2022 11 19 19 45.476765 9.2344273
6 38 26.0 50.0 101606 198 592 0.01 0.0 16.0 17.0 17.0 1 1 1.0 1.0 27/10/2022 11 19 47 45.4769424 9.234424
6 39 26.0 50.0 101606 139 576 0.01 0.0 16.0 17.0 17.0 2 2 2.0 2.0 27/10/2022 11 20 3 45.4771846 9.2344293
6 40 26.0 50.0 101606 84 579 0.01 0.0 17.0 18.0 18.0 1 2 2.0 2.0 27/10/2022 11 20 27 45.4775035 9.2344442
6 41 26.0 50.0 101606 88 598 0.01 0.0 17.0 19.0 19.0 1 2 2.0 2.0 27/10/2022 11 20 53 45.4778054 9.2344167
6 42 25.0 50.0 101606 53 616 0.01 0.0 17.0 19.0 19.0 2 1 1.0 1.0 27/10/2022 11 21 17 45.4781706 9.2343863
6 43 25.0 50.0 101606 28 594 0.01 0.0 13.0 14.0 14.0 1 2 1.0 2.0 27/10/2022 11 21 49 45.4783768 9.2344196
6 44 25.0 50.0 101606 57 596 0.01 0.0 13.0 14.0 14.0 1 2 1.0 2.0 27/10/2022 11 22 9 45.478659 9.2344065
6 45 25.0 50.0 101605 17 638 0.01 0.0 13.0 14.0 14.0 1 3 3.0 3.0 27/10/2022 11 22 33 45.4791072 9.2343837
6 46 25.0 50.0 101605 4 577 0.01 0.0 24.0 27.0 29.0 1 1 1.0 1.0 27/10/2022 11 23 13 45.4793 9.2344043
6 47 25.0 50.0 101604 42 627 0.01 0.0 15.0 16.0 16.0 1 2 2.0 2.0 27/10/2022 11 23 32 45.4795563 9.2344124
6 48 25.0 50.0 101604 119 621 0.01 0.0 19.0 21.0 22.0 1 2 2.0 2.0 27/10/2022 11 23 56 45.4798578 9.2343795
6 49 25.0 49.0 101603 140 610 0.01 0.0 18.0 20.0 21.0 1 2 2.0 2.0 27/10/2022 11 24 20 45.4801411 9.2343547
6 50 25.0 49.0 101603 107 561 0.01 0.0 19.0 20.0 20.0 1 1 2.0 1.0 27/10/2022 11 24 44 45.4802791 9.2343531
6 52 26.0 49.0 101602 0 0 0 0.0 19.0 20.0 21.0 1 2 0.0 2.0 27/10/2022 11 25 8 45.480275 9.2343533
6 52 26.0 49.0 101601 183 648 0.01 0.0 16.0 18.0 19.0 1 2 2.0 2.0 27/10/2022 11 25 30 45.480275 9.2343533
6 53 26.0 49.0 101601 222 588 0.01 0.0 21.0 22.0 22.0 1 1 2.0 2.0 27/10/2022 11 25 54 45.480275 9.2343533
6 54 26.0 49.0 101600 278 611 0.01 0.0 21.0 22.0 22.0 1 2 2.0 2.0 27/10/2022 11 26 18 45.480275 9.2343533
6 55 26.0 49.0 101599 488 616 0.01 0.0 15.0 16.0 16.0 1 1 1.0 1.0 27/10/2022 11 26 46 45.480275 9.2343533
6 57 26.0 49.0 101599 0 0 0 0.0 15.0 16.0 16.0 1 1 0.0 1.0 27/10/2022 11 27 20 45.480275 9.2343533
6 57 26.0 49.0 101598 352 611 0.01 0.0 15.0 16.0 16.0 1 2 3.0 3.0 27/10/2022 11 27 30 45.480275 9.2343533
6 58 26.0 49.0 101598 447 617 0.01 0.0 14.0 15.0 15.0 1 2 2.0 2.0 27/10/2022 11 28 8 45.480275 9.2343533
6 59 26.0 49.0 101598 432 602 0.01 0.0 21.0 24.0 27.0 1 1 1.0 1.0 27/10/2022 11 28 40 45.480275 9.2343533
6 60 26.0 48.0 101597 381 591 0.01 0.0 17.0 18.0 18.0 1 2 2.0 2.0 27/10/2022 11 28 52 45.480275 9.2343533
6 61 27.0 48.0 101597 356 599 0.01 0.0 16.0 17.0 18.0 1 2 2.0 2.0 27/10/2022 11 29 16 45.480275 9.2343533
6 62 27.0 48.0 101596 389 605 0.01 0.0 20.0 21.0 21.0 1 2 2.0 2.0 27/10/2022 11 29 40 45.480275 9.2343533
6 63 27.0 48.0 101596 523 616 0.01 0.0 20.0 21.0 21.0 1 1 2.0 2.0 27/10/2022 11 30 4 45.4803307 9.2343868
6 1 27.0 48.0 101596 540 580 0.01 0.0 16.0 22.0 28.0 1 1 1.0 1.0 27/10/2022 11 30 42 45.4803317 9.234385
6 2 27.0 47.0 101595 361 582 0.01 0.0 17.0 18.0 18.0 1 1 2.0 2.0 27/10/2022 11 30 54 45.4803317 9.234385
6 3 27.0 47.0 101595 263 626 0.01 0.0 17.0 18.0 18.0 1 2 2.0 2.0 27/10/2022 11 31 18 45.4805149 9.234431
6 4 26.0 48.0 101594 94 547 0.01 0.0 12.0 12.0 12.0 1 2 1.0 2.0 27/10/2022 11 31 46 45.4809402 9.2343422
6 5 26.0 48.0 101594 15 659 0.01 0.0 12.0 13.0 13.0 1 1 1.0 1.0 27/10/2022 11 32 20 45.4809369 9.2343428
6 6 26.0 48.0 101594 32 722 0.01 0.0 12.0 13.0 13.0 1 3 3.0 3.0 27/10/2022 11 32 32 45.4813631 9.2343414
6 7 25.0 48.0 101593 92 582 0.01 0.0 16.0 17.0 17.0 1 2 2.0 2.0 27/10/2022 11 33 8 45.4816482 9.2342879
6 8 25.0 48.0 101593 82 588 0.01 0.0 17.0 19.0 19.0 1 2 2.0 2.0 27/10/2022 11 33 32 45.4820551 9.2341865
6 10 0 0 0 61 594 0.01 0.0 21.0 22.0 22.0 1 0 1.0 1.0 27/10/2022 11 34 8 45.4822204 9.2341579
6 10 26.0 48.0 101591 30 570 0.01 0.0 16.0 18.0 18.0 1 2 2.0 2.0 27/10/2022 11 34 20 45.4824628 9.2341279
6 12 0 0 0 4 574 0.01 0.0 15.0 16.0 16.0 1 0 2.0 2.0 27/10/2022 11 34 44 45.4827859 9.2342688
6 12 25.0 49.0 101590 0 542 0.01 0.0 16.0 17.0 17.0 1 1 2.0 1.0 27/10/2022 11 35 10 45.4830671 9.2341156
6 13 25.0 49.0 101589 0 627 0.01 0.0 22.0 24.0 25.0 1 1 1.0 1.0 27/10/2022 11 35 38 45.4833535 9.2341183
6 14 25.0 49.0 101588 8 540 0.01 0.0 14.0 16.0 16.0 1 1 2.0 2.0 27/10/2022 11 35 58 45.4836167 9.234223
6 15 25.0 50.0 101587 20 599 0.01 0.0 14.0 16.0 16.0 1 2 2.0 2.0 27/10/2022 11 36 18 45.4838508 9.2343399
6 16 24.0 50.0 101586 10 664 0.01 0.0 21.0 23.0 24.0 1 2 2.0 2.0 27/10/2022 11 36 42 45.4841004 9.2347712
6 17 24.0 50.0 101585 2 598 0.01 0.0 21.0 23.0 23.0 1 2 2.0 2.0 27/10/2022 11 37 6 45.4841699 9.2349552
6 18 24.0 50.0 101584 17 587 0.01 0.0 21.0 23.0 23.0 1 2 2.0 2.0 27/10/2022 11 37 30 45.4843585 9.2355334
6 19 24.0 51.0 101584 17 672 0.01 0.0 19.0 20.0 20.0 1 2 2.0 2.0 27/10/2022 11 38 2 45.484398 9.2358016
6 20 24.0 51.0 101583 18 587 0.01 0.0 39.0 41.0 41.0 1 2 2.0 2.0 27/10/2022 11 38 26 45.4845302 9.2362589
6 21 24.0 51.0 101582 29 713 0.01 0.0 19.0 20.0 20.0 1 1 1.0 2.0 27/10/2022 11 38 54 45.4847224 9.2361163
6 22 24.0 51.0 101581 2 600 0.01 0.0 16.0 17.0 17.0 1 1 1.0 1.0 27/10/2022 11 39 18 45.4848336 9.236107
6 23 24.0 51.0 101580 13 580 0.01 0.0 17.0 18.0 18.0 1 2 2.0 2.0 27/10/2022 11 39 40 45.48483 9.2361083
6 24 24.0 51.0 101579 102 637 0.01 0.0 17.0 18.0 18.0 1 2 1.0 2.0 27/10/2022 11 40 4 45.48483 9.2361083
6 25 24.0 51.0 101578 119 618 0.01 0.0 10.0 11.0 11.0 1 2 2.0 2.0 27/10/2022 11 40 28 45.48483 9.2361083
6 26 24.0 51.0 101578 62 656 0.01 0.0 20.0 21.0 21.0 1 1 1.0 1.0 27/10/2022 11 40 52 45.48483 9.2361083
6 27 24.0 51.0 101577 65 605 0.01 0.0 20.0 21.0 21.0 1 2 1.0 1.0 27/10/2022 11 41 20 45.48483 9.2361083
6 28 24.0 51.0 101576 112 594 0.01 0.0 20.0 24.0 26.0 1 2 2.0 1.0 27/10/2022 11 41 40 45.48483 9.2361083
6 29 25.0 50.0 101575 185 623 0.01 0.0 21.0 23.0 25.0 1 2 2.0 2.0 27/10/2022 11 42 4 45.48486 9.23616
6 30 25.0 50.0 101575 218 624 0.01 0.0 21.0 23.0 25.0 1 1 2.0 1.0 27/10/2022 11 42 28 45.48486 9.23616
6 31 25.0 50.0 101574 182 585 0.01 0.0 27.0 30.0 31.0 1 2 2.0 2.0 27/10/2022 11 43 8 45.48486 9.23616
6 32 25.0 50.0 101574 111 645 0.01 0.0 21.0 24.0 26.0 1 2 1.0 2.0 27/10/2022 11 43 32 45.48486 9.23616
6 33 25.0 50.0 101573 88 599 0.01 0.0 19.0 20.0 20.0 1 2 2.0 2.0 27/10/2022 11 43 56 45.48486 9.23616
6 35 0 0 0 113 591 0.01 0.0 0.0 0.0 0.0 0 0 1.0 0.0 27/10/2022 11 44 36 45.48486 9.23616
6 35 26.0 49.0 101572 352 598 0.01 0.0 21.0 23.0 24.0 1 2 2.0 2.0 27/10/2022 11 44 40 45.48486 9.23616
6 36 26.0 49.0 101572 361 631 0.01 0.0 21.0 23.0 24.0 1 1 2.0 2.0 27/10/2022 11 45 8 45.4847662 9.235831
6 37 26.0 49.0 101571 198 591 0.01 0.0 14.0 15.0 15.0 1 2 2.0 2.0 27/10/2022 11 45 28 45.4846135 9.2356808
6 38 25.0 49.0 101571 95 576 0.01 0.0 17.0 18.0 18.0 1 2 2.0 2.0 27/10/2022 11 45 52 45.4842475 9.2352918
6 40 25.0 49.0 101570 0 0 0 0.0 17.0 18.0 18.0 1 1 0.0 1.0 27/10/2022 11 46 32 45.4841411 9.2351033
6 40 25.0 49.0 101570 4 554 0.01 0.0 14.0 14.0 14.0 1 1 1.0 1.0 27/10/2022 11 46 46 45.4839918 9.2349571
6 41 25.0 49.0 101570 0 631 0.01 0.0 14.0 15.0 15.0 2 2 2.0 2.0 27/10/2022 11 47 2 45.4839375 9.2344138
6 42 25.0 50.0 101569 3 635 0.01 0.0 14.0 15.0 15.0 1 3 3.0 3.0 27/10/2022 11 47 26 45.4836344 9.2344295
6 43 25.0 50.0 101569 9 602 0.01 0.0 16.0 17.0 17.0 1 2 1.0 2.0 27/10/2022 11 48 2 45.4832337 9.2342028
6 44 24.0 50.0 101569 17 588 0.01 0.0 19.0 20.0 20.0 1 1 2.0 1.0 27/10/2022 11 48 36 45.4830337 9.2341765
6 45 24.0 50.0 101569 0 626 0.01 0.0 18.0 19.0 19.0 1 2 2.0 2.0 27/10/2022 11 48 54 45.4826997 9.2342936
6 46 24.0 50.0 101569 0 706 0.01 0.0 16.0 18.0 19.0 1 2 2.0 1.0 27/10/2022 11 49 18 45.4824732 9.2342582
6 47 24.0 51.0 101569 1 591 0.01 0.0 22.0 24.0 24.0 1 2 2.0 2.0 27/10/2022 11 49 42 45.4822179 9.2342803
6 48 24.0 51.0 101569 26 637 0.01 0.0 22.0 24.0 24.0 1 2 2.0 2.0 27/10/2022 11 50 6 45.4816636 9.2342238
6 50 24.0 51.0 101569 0 0 0 0.0 17.0 19.0 19.0 2 1 0.0 1.0 27/10/2022 11 50 46 45.4815746 9.2342689
6 50 24.0 51.0 101569 61 556 0.01 0.0 19.0 20.0 20.0 1 2 2.0 2.0 27/10/2022 11 50 54 45.4813088 9.2343294
6 51 24.0 51.0 101570 80 581 0.01 0.0 19.0 20.0 20.0 1 2 2.0 2.0 27/10/2022 11 51 18 45.4810126 9.2342428
6 52 24.0 51.0 101570 59 543 0.01 0.0 12.0 13.0 14.0 1 2 2.0 2.0 27/10/2022 11 51 42 45.4804542 9.2343221
6 54 0 0 0 30 617 0.01 0.0 0.0 0.0 0.0 0 0 1.0 0.0 27/10/2022 11 52 26 45.4804464 9.234293
6 54 24.0 51.0 101571 6 639 0.01 0.0 12.0 13.0 14.0 1 3 3.0 3.0 27/10/2022 11 52 30 45.4801542 9.2342573
6 55 24.0 52.0 101571 0 617 0.01 0.0 19.0 20.0 20.0 1 2 2.0 2.0 27/10/2022 11 53 6 45.4798308 9.2342927
6 56 24.0 52.0 101571 0 565 0.01 0.0 17.0 18.0 18.0 1 2 2.0 2.0 27/10/2022 11 53 30 45.4793601 9.2343025
6 58 0 0 0 8 621 0.01 0.0 16.0 17.0 17.0 1 0 1.0 1.0 27/10/2022 11 54 10 45.479244 9.234301
6 58 25.0 51.0 101572 31 678 0.01 0.0 20.0 23.0 26.0 1 2 2.0 2.0 27/10/2022 11 54 18 45.4789671 9.2342956
6 59 25.0 51.0 101573 92 536 0.01 0.0 21.0 22.0 22.0 2 2 1.0 2.0 27/10/2022 11 54 42 45.4786434 9.2343005
6 60 25.0 51.0 101573 86 537 0.01 0.0 21.0 22.0 22.0 1 2 2.0 2.0 27/10/2022 11 55 6 45.4785304 9.2339235
6 61 25.0 51.0 101574 75 628 0.01 0.0 16.0 17.0 17.0 1 2 1.0 2.0 27/10/2022 11 55 30 45.4784556 9.2336386
6 62 25.0 50.0 101574 75 613 0.01 0.0 20.0 21.0 22.0 2 1 2.0 1.0 27/10/2022 11 55 52 45.4784716 9.2333129
6 63 25.0 50.0 101575 44 617 0.01 0.0 20.0 21.0 22.0 1 2 2.0 2.0 27/10/2022 11 56 16 45.4786815 9.232905
6 1 25.0 50.0 101575 44 623 0.01 0.0 20.0 21.0 21.0 1 2 2.0 2.0 27/10/2022 11 56 40 45.4787065 9.232505
6 2 25.0 50.0 101575 48 603 0.01 0.0 20.0 21.0 21.0 1 2 1.0 2.0 27/10/2022 11 57 4 45.478535 9.2321196
6 3 25.0 50.0 101576 54 641 0.01 0.0 20.0 21.0 21.0 1 3 1.0 3.0 27/10/2022 11 57 28 45.4782829 9.2316267
6 4 25.0 51.0 101576 64 618 0.01 0.0 20.0 21.0 21.0 2 2 2.0 2.0 27/10/2022 11 58 8 45.478097 9.2316113
6 5 25.0 51.0 101576 40 626 0.01 0.0 17.0 18.0 19.0 1 1 2.0 1.0 27/10/2022 11 58 32 45.4780966 9.231605
6 6 25.0 50.0 101577 56 655 0.01 0.0 19.0 20.0 20.0 1 2 2.0 2.0 27/10/2022 11 58 50 45.4780967 9.231605
6 7 25.0 51.0 101579 231 603 0.01 0.0 21.0 27.0 34.0 1 1 1.0 1.0 27/10/2022 11 59 14 45.4780967 9.231605
6 8 26.0 50.0 101580 390 571 0.01 0.0 19.0 20.0 21.0 1 1 1.0 1.0 27/10/2022 11 59 50 45.4780967 9.231605
6 9 25.0 50.0 101581 206 602 0.01 0.0 19.0 20.0 21.0 1 2 2.0 2.0 27/10/2022 12 0 2 45.4780967 9.231605
6 10 25.0 50.0 101582 282 598 0.01 0.0 13.0 13.0 13.0 1 2 1.0 2.0 27/10/2022 12 0 26 45.4780967 9.231605
6 11 25.0 50.0 101584 192 580 0.01 0.0 29.0 30.0 30.0 1 2 2.0 2.0 27/10/2022 12 0 50 45.4780967 9.231605
6 12 25.0 50.0 101585 110 597 0.01 0.0 29.0 30.0 30.0 1 1 1.0 1.0 27/10/2022 12 1 18 45.4780967 9.231605
6 13 25.0 50.0 101586 99 570 0.01 0.0 21.0 22.0 22.0 1 2 2.0 2.0 27/10/2022 12 1 42 45.4780967 9.231605
6 14 25.0 50.0 101587 101 611 0.01 0.0 21.0 22.0 22.0 1 2 2.0 2.0 27/10/2022 12 2 6 45.4780967 9.231605
6 15 25.0 51.0 101588 78 568 0.01 0.0 21.0 22.0 22.0 1 3 2.0 3.0 27/10/2022 12 2 30 45.4780967 9.231605
6 17 0 0 0 102 590 0.01 0.0 0.0 0.0 0.0 0 0 1.0 0.0 27/10/2022 12 3 20 45.4780967 9.231605
6 17 25.0 50.0 101589 189 580 0.01 0.0 24.0 26.0 26.0 1 2 2.0 2.0 27/10/2022 12 3 26 45.4780967 9.231605
6 18 25.0 50.0 101590 314 579 0.01 0.0 20.0 22.0 22.0 1 2 2.0 2.0 27/10/2022 12 3 50 45.4780967 9.231605
6 19 26.0 50.0 101591 501 608 0.01 0.0 15.0 18.0 20.0 1 2 2.0 2.0 27/10/2022 12 4 14 45.4783021 9.231572
6 20 26.0 50.0 101592 404 588 0.01 0.0 22.0 24.0 24.0 1 2 1.0 2.0 27/10/2022 12 4 38 45.4784556 9.2314113
6 21 26.0 50.0 101592 216 571 0.01 0.0 22.0 23.0 23.0 1 1 2.0 1.0 27/10/2022 12 5 12 45.4784546 9.2311916
6 22 25.0 51.0 101592 124 599 0.01 0.0 18.0 21.0 23.0 1 2 2.0 2.0 27/10/2022 12 5 28 45.4784901 9.2307832
6 23 25.0 50.0 101591 76 556 0.01 0.0 23.0 25.0 25.0 1 2 2.0 2.0 27/10/2022 12 5 52 45.4784725 9.2303939
6 24 25.0 50.0 101591 61 546 0.01 0.0 23.0 24.0 25.0 1 2 2.0 2.0 27/10/2022 12 6 16 45.4781103 9.2301706
6 26 25.0 51.0 101590 0 0 0 0.0 26.0 29.0 31.0 1 1 0.0 1.0 27/10/2022 12 6 54 45.4779289 9.2301974
6 26 25.0 50.0 101590 39 603 0.01 0.0 26.0 29.0 31.0 1 1 2.0 1.0 27/10/2022 12 7 10 45.4777083 9.2301523
6 27 25.0 51.0 101590 32 649 0.01 0.0 26.0 29.0 31.0 1 3 3.0 3.0 27/10/2022 12 7 26 45.4772773 9.2301431
6 28 25.0 51.0 101589 16 598 0.01 0.0 19.0 21.0 22.0 1 2 2.0 2.0 27/10/2022 12 8 2 45.4769895 9.2300084
6 30 25.0 51.0 101589 8 576 0.01 0.0 0.0 0.0 0.0 0 1 1.0 0.0 27/10/2022 12 8 34 45.4769942 9.2299006
6 30 25.0 50.0 101590 21 599 0.01 0.0 22.0 23.0 23.0 1 2 2.0 2.0 27/10/2022 12 8 50 45.4768244 9.229793
6 31 25.0 50.0 101590 71 529 0.01 0.0 17.0 19.0 21.0 2 2 2.0 2.0 27/10/2022 12 9 14 45.4768678 9.2293853
6 32 25.0 50.0 101590 41 587 0.01 0.0 22.0 23.0 24.0 1 2 1.0 2.0 27/10/2022 12 9 38 45.4768334 9.2290181
6 33 25.0 50.0 101590 27 631 0.01 0.0 22.0 23.0 24.0 1 2 2.0 2.0 27/10/2022 12 10 2 45.4768088 9.2285987
6 34 25.0 51.0 101590 15 600 0.01 0.0 26.0 27.0 27.0 1 2 1.0 2.0 27/10/2022 12 10 26 45.4768117 9.2279224
6 35 25.0 51.0 101591 15 625 0.01 0.0 19.0 21.0 21.0 1 1 1.0 1.0 27/10/2022 12 11 8 45.4768468 9.2277953
6 36 25.0 50.0 101591 32 625 0.01 0.0 20.0 21.0 21.0 1 2 1.0 2.0 27/10/2022 12 11 24 45.4768449 9.2275207
6 37 25.0 51.0 101590 66 585 0.01 0.0 22.0 23.0 23.0 1 2 2.0 2.0 27/10/2022 12 11 44 45.4768035 9.2271633
6 38 25.0 51.0 101590 88 602 0.01 0.0 22.0 23.0 23.0 1 1 2.0 1.0 27/10/2022 12 12 8 45.476723 9.2268584
6 39 25.0 51.0 101589 69 661 0.01 0.0 22.0 23.0 23.0 1 2 2.0 3.0 27/10/2022 12 12 30 45.4762567 9.2266291
6 40 24.0 51.0 101589 31 585 0.01 0.0 22.0 23.0 23.0 1 2 2.0 2.0 27/10/2022 12 13 8 45.4759775 9.2266772
6 41 25.0 51.0 101589 15 602 0.01 0.0 16.0 18.0 19.0 1 2 2.0 2.0 27/10/2022 12 13 32 45.4757154 9.2266667
6 42 25.0 51.0 101589 7 675 0.01 0.0 26.0 28.0 29.0 1 1 2.0 1.0 27/10/2022 12 13 56 45.4753699 9.2266326
6 44 25.0 51.0 101589 0 0 0 0.0 20.0 21.0 21.0 1 1 0.0 1.0 27/10/2022 12 14 24 45.4752254 9.2266866
6 44 25.0 51.0 101589 0 616 0.01 0.0 20.0 21.0 21.0 1 2 2.0 2.0 27/10/2022 12 14 40 45.4749767 9.2266819
6 45 25.0 51.0 101589 8 611 0.01 0.0 20.0 21.0 21.0 1 2 2.0 2.0 27/10/2022 12 15 4 45.4746067 9.226643
6 46 24.0 51.0 101589 30 593 0.01 0.0 22.0 23.0 23.0 2 2 2.0 2.0 27/10/2022 12 15 28 45.4743037 9.2266489
6 47 25.0 51.0 101589 50 672 0.01 0.0 22.0 24.0 25.0 1 1 2.0 1.0 27/10/2022 12 15 52 45.4739118 9.2266041
6 48 25.0 51.0 101589 54 636 0.01 0.0 22.0 24.0 25.0 1 1 1.0 1.0 27/10/2022 12 16 28 45.4737377 9.2266824
6 49 24.0 52.0 101589 32 540 0.01 0.0 24.0 26.0 26.0 1 2 2.0 2.0 27/10/2022 12 16 42 45.4735174 9.2268662
6 50 24.0 52.0 101589 0 728 0.01 0.0 24.0 26.0 26.0 2 2 2.0 2.0 27/10/2022 12 17 6 45.4733679 9.2271854
6 51 24.0 52.0 101590 2 695 0.01 0.0 24.0 26.0 26.0 1 3 3.0 3.0 27/10/2022 12 17 30 45.4726804 9.2275121
6 53 24.0 53.0 101590 0 0 0 0.0 28.0 31.0 32.0 1 1 0.0 1.0 27/10/2022 12 18 22 45.472485 9.2273417
6 53 24.0 52.0 101590 1 540 0.01 0.0 25.0 26.0 26.0 1 1 2.0 1.0 27/10/2022 12 18 38 45.4723287 9.2273534
6 54 25.0 52.0 101591 22 643 0.01 0.0 24.0 25.0 25.0 1 2 2.0 2.0 27/10/2022 12 18 54 45.4721818 9.2271472
6 55 25.0 52.0 101591 63 661 0.01 0.0 26.0 28.0 28.0 1 2 1.0 2.0 27/10/2022 12 19 18 45.4721782 9.2270436
6 56 25.0 51.0 101591 62 584 0.01 0.0 25.0 26.0 26.0 1 2 2.0 1.0 27/10/2022 12 19 40 45.4722189 9.2270056
6 57 25.0 51.0 101592 357 615 0.01 0.0 26.0 27.0 27.0 1 1 1.0 1.0 27/10/2022 12 20 4 45.4723413 9.227093
6 58 25.0 51.0 101592 588 622 0.01 0.0 21.0 23.0 23.0 1 1 1.0 1.0 27/10/2022 12 20 40 45.4723477 9.2271119
6 59 26.0 51.0 101593 614 599 0.01 0.0 23.0 25.0 25.0 1 2 2.0 2.0 27/10/2022 12 20 52 45.472385 9.227145
6 60 26.0 50.0 101593 735 634 0.01 0.0 23.0 25.0 25.0 1 2 2.0 2.0 27/10/2022 12 21 16 45.4723728 9.2271283
6 61 26.0 50.0 101594 869 584 0.01 0.0 26.0 27.0 27.0 1 2 2.0 2.0 27/10/2022 12 21 40 45.472275 9.2271
6 62 26.0 50.0 101595 1013 583 0.01 0.0 26.0 28.0 28.0 1 1 1.0 1.0 27/10/2022 12 22 4 45.4722168 9.2271333
6 63 26.0 50.0 101595 1159 618 0.01 0.0 26.0 28.0 28.0 1 2 3.0 2.0 27/10/2022 12 22 34 45.4722549 9.2271406
6 1 26.0 50.0 101596 1091 636 0.01 0.0 21.0 23.0 25.0 1 2 2.0 2.0 27/10/2022 12 23 2 45.4721512 9.2271528
6 2 26.0 50.0 101596 1132 653 0.01 0.0 20.0 21.0 22.0 1 2 2.0 2.0 27/10/2022 12 23 26 45.4721606 9.2270637
6 3 27.0 50.0 101597 1004 641 0.01 0.0 22.0 23.0 24.0 1 2 1.0 2.0 27/10/2022 12 23 52 45.4721168 9.2271532
6 4 27.0 50.0 101597 1182 645 0.01 0.0 39.0 43.0 46.0 1 1 1.0 1.0 27/10/2022 12 24 30 45.4721167 9.2271533
6 5 27.0 49.0 101598 948 599 0.01 0.0 25.0 26.0 26.0 1 2 2.0 2.0 27/10/2022 12 24 42 45.4721269 9.2271206
6 6 27.0 49.0 101598 877 623 0.01 0.0 25.0 26.0 26.0 1 2 2.0 2.0 27/10/2022 12 25 6 45.4720166 9.2269956
6 7 27.0 49.0 101598 899 629 0.01 0.0 31.0 33.0 33.0 1 1 2.0 2.0 27/10/2022 12 25 30 45.4720866 9.226871
6 8 27.0 48.0 101598 573 570 0.01 0.0 22.0 24.0 25.0 1 1 1.0 1.0 27/10/2022 12 25 58 45.4721011 9.2269441
6 9 27.0 48.0 101597 436 616 0.01 0.0 22.0 24.0 25.0 1 1 2.0 1.0 27/10/2022 12 26 22 45.4720849 9.2269339
6 10 27.0 48.0 101593 462 672 0.01 0.0 11.0 13.0 14.0 1 2 2.0 2.0 27/10/2022 12 26 38 45.472066 9.2270627
6 11 27.0 48.0 101586 498 735 0.01 0.0 12.0 13.0 14.0 1 2 2.0 2.0 27/10/2022 12 27 2 45.4720139 9.2272673
