0.00 286.18 1056.67 0.00 0.01 19.03 18.05 19.03
1.00 458.77 1183.60 0.00 0.01 21.20 20.68 21.20
2.00 542.15 1054.35 0.00 0.01 15.73 14.75 15.73
3.00 581.55 1009.15 0.00 0.01 15.50 14.63 15.50
4.00 567.25 911.88 0.00 0.01 16.87 16.47 16.87
5.00 532.48 1163.52 0.00 0.01 18.00 17.17 18.00
6.00 194.22 963.15 0.00 0.01 15.93 15.30 15.93
7.00 39.66 668.35 0.00 0.01 27.03 26.80 27.03
8.00 9.60 625.82 0.00 0.01 32.67 32.67 32.67
9.00 14.35 677.23 0.00 0.01 35.38 35.02 35.38
10.00 6.45 629.10 0.00 0.01 31.65 31.65 31.65
11.00 2.94 627.92 0.00 0.01 30.14 29.17 30.14
12.00 19.56 611.26 0.00 0.01 29.02 28.38 29.02
13.00 19.60 629.92 0.00 0.01 26.87 26.55 26.87
14.00 7.50 618.32 0.00 0.01 30.07 29.85 30.07
15.00 124.53 680.72 0.00 0.01 32.15 30.78 32.15
16.00 235.08 659.62 0.00 0.01 30.72 30.61 30.72
17.00 372.52 654.15 0.00 0.01 32.81 30.00 32.81
18.00 353.15 623.24 0.00 0.01 40.50 39.61 40.50
19.00 276.83 625.70 0.00 0.01 31.47 30.97 31.47
20.00 116.37 609.07 0.00 0.01 28.20 26.70 28.20
21.00 55.95 584.15 0.00 0.01 36.72 36.05 36.72
22.00 31.18 667.95 0.00 0.01 33.45 33.45 33.45
23.00 22.38 591.20 0.00 0.01 36.83 36.43 36.83
24.00 10.54 637.77 0.00 0.01 41.47 41.47 41.47
25.00 31.73 823.58 0.00 0.01 39.65 39.23 39.65
26.00 228.78 984.08 0.00 0.01 41.15 40.63 41.15
27.00 293.94 812.44 0.00 0.01 41.24 39.27 41.24
28.00 187.48 694.45 0.00 0.01 35.52 35.52 35.52
29.00 234.68 635.13 0.00 0.01 35.75 34.45 35.75
30.00 309.88 622.13 0.00 0.01 35.18 34.32 35.18
31.00 158.80 619.37 0.00 0.01 37.93 35.97 37.93
32.00 50.04 649.39 0.00 0.01 33.43 31.47 33.43
33.00 5.85 674.87 0.00 0.01 28.04 27.27 28.04
34.00 0.00 598.53 0.00 0.01 34.17 33.77 34.17
35.00 24.37 650.73 0.00 0.01 32.42 31.77 32.42
36.00 7.24 612.00 0.00 0.01 34.85 34.30 34.85
37.00 1.58 614.93 0.00 0.01 35.50 35.45 35.50
38.00 25.40 778.47 0.00 0.01 43.10 41.35 43.10
39.00 121.98 724.07 0.00 0.01 37.55 37.48 37.55
40.00 64.32 627.10 0.00 0.01 34.08 34.08 34.08
41.00 277.29 613.03 0.00 0.01 38.07 37.78 38.07
42.00 281.20 620.82 0.00 0.01 37.37 36.38 37.37
43.00 377.21 621.58 0.00 0.01 37.37 36.38 37.37
44.00 99.13 683.64 0.00 0.01 37.91 37.80 37.91
45.00 51.68 634.65 0.00 0.01 36.38 36.38 36.38
46.00 3.89 612.00 0.00 0.01 35.48 33.68 35.48
47.00 4.07 619.32 0.00 0.01 34.80 33.23 34.80
48.00 8.06 684.92 0.00 0.01 38.93 38.35 38.93
49.00 10.48 648.92 0.00 0.01 37.28 37.25 37.28
50.00 5.86 685.85 0.00 0.01 40.98 40.12 40.98
51.00 111.60 623.70 0.00 0.01 39.63 39.63 39.63
52.00 175.27 671.60 0.00 0.01 40.60 40.60 40.60
53.00 83.57 648.14 0.00 0.01 38.85 38.85 38.85
54.00 71.60 570.40 0.00 0.01 36.22 35.85 36.22
55.00 65.96 646.04 0.00 0.01 35.90 35.73 35.90
56.00 112.92 626.00 0.00 0.01 38.77 37.43 38.77
57.00 160.88 665.70 0.00 0.01 33.43 31.47 33.43
58.00 76.98 619.00 0.00 0.01 37.37 36.53 37.37
59.00 25.27 631.13 0.00 0.01 37.78 37.78 37.78
60.00 3.62 549.40 0.00 0.01 33.32 32.85 33.32
61.00 5.68 659.15 0.00 0.01 33.20 32.73 33.20
62.00 20.52 633.62 0.00 0.01 36.50 36.50 36.50
63.00 19.08 637.80 0.00 0.01 36.70 36.70 36.70
64.00 74.72 604.53 0.00 0.01 36.83 36.17 36.83
65.00 183.45 605.93 0.00 0.01 40.52 40.42 40.52
66.00 68.35 581.17 0.00 0.01 33.65 33.65 33.65
67.00 48.68 649.67 0.00 0.01 35.10 34.33 35.10
68.00 97.28 653.75 0.00 0.01 34.89 33.97 34.89
69.00 39.47 623.03 0.00 0.01 31.92 31.92 31.92
70.00 29.37 588.93 0.00 0.01 37.15 37.15 37.15
71.00 86.00 761.73 0.00 0.01 34.97 34.97 34.97
72.00 148.60 829.30 0.00 0.01 50.17 48.57 50.17
73.00 83.08 729.43 0.00 0.01 46.10 44.83 46.10
74.00 194.08 689.77 0.00 0.01 40.93 40.60 40.93
75.00 328.17 700.82 0.00 0.01 40.48 40.48 40.48
76.00 481.23 598.65 0.00 0.01 40.02 38.95 40.02
77.00 160.27 593.27 0.00 0.01 33.60 33.07 33.60
78.00 71.60 632.17 0.00 0.01 31.20 31.20 31.20
79.00 34.60 637.96 0.00 0.01 39.78 39.27 39.78
80.00 17.77 632.56 0.00 0.01 30.62 30.33 30.62
81.00 13.73 640.48 0.00 0.01 31.78 31.78 31.78
82.00 16.97 604.92 0.00 0.01 30.82 29.62 30.82
83.00 25.63 628.05 0.00 0.01 28.48 26.52 28.48
84.00 22.10 611.85 0.00 0.01 34.37 34.05 34.37
85.00 2.79 596.12 0.00 0.01 31.57 31.20 31.57
86.00 12.62 655.05 0.00 0.01 33.42 33.42 33.42
87.00 3.03 617.65 0.00 0.01 34.64 34.30 34.64
88.00 9.77 653.78 0.00 0.01 33.18 33.18 33.18
89.00 5.47 610.32 0.00 0.01 35.65 35.05 35.65
90.00 17.75 627.08 0.00 0.01 35.67 34.87 35.67
91.00 165.88 735.82 0.00 0.01 35.87 35.47 35.87
92.00 234.33 681.13 0.00 0.01 33.78 33.78 33.78
93.00 663.36 639.36 0.00 0.01 32.45 32.45 32.45
94.00 508.78 648.63 0.00 0.01 35.19 34.50 35.19
95.00 291.95 687.30 0.00 0.01 41.28 38.39 41.28
96.00 259.35 756.45 0.00 0.01 36.02 34.72 36.02
97.00 194.02 704.15 0.00 0.01 32.65 32.65 32.65
98.00 0.07 0.26 0.00 0.00 0.01 0.01 0.01
