0.0 117.5
1.0 119.1
2.0 97.2
3.0 89.0
4.0 88.4
5.0 92.1
6.0 105.2
7.0 112.0
8.0 126.1
9.0 114.9
10.0 105.1
11.0 107.0
12.0 116.1
13.0 127.2
14.0 120.4
15.0 111.2
16.0 105.3
17.0 102.9
18.0 99.1
19.0 90.2
20.0 89.8
21.0 95.2
22.0 99.8
23.0 116.2
24.0 104.0
25.0 120.0
26.0 124.0
27.0 123.3
28.0 110.7
29.0 99.3
30.0 97.8
31.0 96.1
32.0 101.7
33.0 113.2
34.0 120.6
35.0 115.2
36.0 115.2
37.0 123.1
38.0 126.6
39.0 120.3
40.0 117.5
41.0 105.1
42.0 108.2
43.0 115.3
44.0 122.4
45.0 124.3
46.0 125.2
47.0 117.2
48.0 115.4
49.0 112.8
50.0 129.3
51.0 122.4
52.0 124.7
53.0 122.2
54.0 105.7
55.0 105.2
56.0 100.5
57.0 100.3
58.0 102.0
59.0 105.3
60.0 106.2
61.0 116.8
62.0 126.8
63.0 122.7
64.0 123.7
65.0 117.7
66.0 114.4
67.0 111.5
68.0 112.9
69.0 118.8
70.0 114.6
71.0 117.3
72.0 104.8
73.0 97.6
74.0 100.1
75.0 95.0
76.0 87.4
77.0 90.9
78.0 93.2
79.0 107.4
80.0 104.3
81.0 114.5
82.0 119.3
83.0 134.4
84.0 125.9
85.0 127.6
86.0 123.6
87.0 124.5
88.0 119.1
89.0 113.0
90.0 124.5
91.0 126.2
92.0 110.9
93.0 94.0
94.0 90.0
95.0 89.9
96.0 88.2
97.0 98.3
98.0 98.2
