6 17 0 0 0 0 0 0 0.0 0.0 0.0 0.0 0 0 0.0 0.0 25/10/2022 10 22 34 45.4720833 9.2272059
6 17 27.0 59.0 100636 173 1030 0.01 0.0 16.0 17.0 18.0 1 2 2.0 2.0 25/10/2022 10 22 38 45.4720603 9.2272607
6 18 27.0 59.0 100636 354 1025 0.01 0.0 16.0 17.0 18.0 1 2 2.0 2.0 25/10/2022 10 23 4 45.4720445 9.2272776
6 19 27.0 59.0 100636 435 1305 0.01 0.0 23.0 25.0 26.0 1 2 2.0 2.0 25/10/2022 10 23 28 45.4719923 9.2273603
6 21 27.0 59.0 100636 0 0 0 0.0 16.0 17.0 17.0 1 1 0.0 1.0 25/10/2022 10 24 8 45.4719953 9.2273391
6 21 27.0 59.0 100637 527 1036 0.01 0.0 16.0 17.0 17.0 1 1 2.0 1.0 25/10/2022 10 24 20 45.4720194 9.2273182
6 22 27.0 60.0 100637 539 1087 0.01 0.0 13.0 15.0 16.0 1 2 2.0 2.0 25/10/2022 10 24 36 45.4720727 9.2272374
6 23 27.0 60.0 100637 546 1049 0.01 0.0 13.0 15.0 16.0 1 2 2.0 2.0 25/10/2022 10 25 2 45.4720683 9.2272733
6 24 27.0 60.0 100637 595 1091 0.01 0.0 13.0 15.0 16.0 1 2 2.0 2.0 25/10/2022 10 25 26 45.4719629 9.2274011
6 25 28.0 60.0 100637 590 956 0.01 0.0 13.0 15.0 16.0 1 2 1.0 2.0 25/10/2022 10 26 8 45.4719834 9.2273318
6 26 28.0 60.0 100637 579 931 0.01 0.0 13.0 14.0 14.0 1 2 2.0 2.0 25/10/2022 10 26 28 45.4720033 9.2273333
6 27 28.0 59.0 100637 564 910 0.01 0.0 16.0 17.0 18.0 1 2 2.0 2.0 25/10/2022 10 26 52 45.471965 9.2272255
6 28 28.0 59.0 100637 592 947 0.01 0.0 18.0 19.0 19.0 1 1 2.0 1.0 25/10/2022 10 27 16 45.4719297 9.2272693
6 29 28.0 58.0 100638 595 992 0.01 0.0 16.0 17.0 18.0 1 2 1.0 2.0 25/10/2022 10 27 40 45.4719883 9.2272533
6 30 29.0 58.0 100637 511 1418 0.01 54.88 16.0 17.0 18.0 1 2 2.0 2.0 25/10/2022 10 28 4 45.4720359 9.2271574
6 31 29.0 56.0 100637 277 1151 0.01 0.0 21.0 22.0 22.0 1 2 2.0 2.0 25/10/2022 10 28 30 45.4720945 9.227087
6 32 28.0 54.0 100638 157 891 0.01 0.0 11.0 12.0 13.0 1 2 2.0 2.0 25/10/2022 10 28 54 45.4722974 9.2272875
6 34 0 0 0 92 771 0.01 0.0 11.0 12.0 13.0 1 0 1.0 1.0 25/10/2022 10 29 30 45.4724678 9.227312
6 34 27.0 54.0 100648 13 641 0.01 0.0 30.0 32.0 32.0 2 1 1.0 2.0 25/10/2022 10 29 46 45.4726245 9.2276631
6 35 26.0 55.0 100654 0 704 0.01 0.0 30.0 32.0 32.0 1 1 1.0 1.0 25/10/2022 10 30 12 45.4726562 9.2278617
6 36 26.0 57.0 100660 0 599 0.01 0.0 30.0 32.0 32.0 2 3 2.0 1.0 25/10/2022 10 30 24 45.4727618 9.2286126
6 37 25.0 58.0 100666 10 691 0.01 0.0 33.0 35.0 35.0 1 2 2.0 2.0 25/10/2022 10 31 6 45.4727046 9.2290236
6 38 25.0 58.0 100671 17 718 0.01 0.0 35.0 37.0 38.0 1 1 2.0 1.0 25/10/2022 10 31 30 45.4726679 9.2294315
6 39 25.0 59.0 100677 16 634 0.01 0.0 34.0 36.0 36.0 1 1 2.0 2.0 25/10/2022 10 31 52 45.472511 9.229756
6 40 25.0 59.0 100682 9 726 0.01 0.0 31.0 33.0 33.0 1 1 1.0 1.0 25/10/2022 10 32 14 45.4724133 9.2301403
6 41 24.0 60.0 100686 5 606 0.01 0.0 31.0 32.0 32.0 2 2 2.0 2.0 25/10/2022 10 32 40 45.4725803 9.2304424
6 42 24.0 60.0 100691 7 634 0.01 0.0 31.0 32.0 32.0 1 2 2.0 2.0 25/10/2022 10 33 4 45.4726896 9.2308517
6 44 24.0 61.0 100695 2 739 0.01 0.0 0.0 0.0 0.0 0 2 2.0 0.0 25/10/2022 10 33 28 45.4728252 9.2312636
6 44 24.0 61.0 100698 4 543 0.01 0.0 29.0 30.0 31.0 1 2 2.0 2.0 25/10/2022 10 33 52 45.4728638 9.2316747
6 46 24.0 61.0 100702 0 0 0 0.0 29.0 30.0 31.0 1 1 0.0 1.0 25/10/2022 10 34 16 45.4727038 9.232469
6 47 0 0 0 12 650 0.01 0.0 0.0 0.0 0.0 0 0 1.0 0.0 25/10/2022 10 35 0 45.4727598 9.2326287
6 48 0 0 0 24 628 0.01 0.0 25.0 27.0 27.0 2 0 2.0 1.0 25/10/2022 10 35 8 45.4727195 9.2330604
6 48 24.0 62.0 100712 27 656 0.01 0.0 25.0 27.0 27.0 1 2 2.0 3.0 25/10/2022 10 35 32 45.4727546 9.2336164
6 49 24.0 62.0 100714 6 617 0.01 0.0 25.0 27.0 28.0 2 1 1.0 1.0 25/10/2022 10 36 6 45.4727802 9.2342139
6 50 24.0 62.0 100717 0 652 0.01 0.0 28.0 30.0 30.0 1 1 1.0 2.0 25/10/2022 10 36 38 45.4728433 9.2344553
6 51 24.0 62.0 100719 0 605 0.01 0.0 31.0 33.0 33.0 1 1 1.0 2.0 25/10/2022 10 37 2 45.4728192 9.2345008
6 52 24.0 62.0 100722 12 625 0.01 0.0 30.0 32.0 32.0 1 2 2.0 2.0 25/10/2022 10 37 18 45.4728183 9.2345
6 53 24.0 62.0 100724 138 728 0.01 0.0 28.0 31.0 33.0 1 1 1.0 1.0 25/10/2022 10 37 42 45.4728183 9.2345
6 54 25.0 62.0 100726 232 713 0.01 0.0 28.0 31.0 33.0 1 2 1.0 2.0 25/10/2022 10 38 6 45.4728679 9.2343843
6 56 0 0 0 219 671 0.01 0.0 29.0 30.0 30.0 1 0 2.0 2.0 25/10/2022 10 38 26 45.47287 9.234375
6 57 25.0 62.0 100731 0 0 0 0.0 34.0 36.0 36.0 1 1 0.0 1.0 25/10/2022 10 39 6 45.47287 9.234375
6 60 26.0 62.0 100733 383 667 0.01 0.0 0.0 0.0 0.0 0 1 1.0 0.0 25/10/2022 10 39 16 45.47287 9.234375
6 61 0 0 0 344 641 0.01 0.0 0.0 0.0 0.0 0 0 1.0 0.0 25/10/2022 10 41 2 45.47287 9.234375
6 61 26.0 60.0 100740 377 667 0.01 0.0 29.0 32.0 35.0 1 2 1.0 1.0 25/10/2022 10 41 6 45.47287 9.234375
6 62 27.0 59.0 100742 357 634 0.01 0.0 44.0 47.0 47.0 1 2 1.0 2.0 25/10/2022 10 41 32 45.47287 9.234375
6 1 27.0 58.0 100743 0 0 0 0.0 0.0 0.0 0.0 0 1 0.0 0.0 25/10/2022 10 41 58 45.47287 9.234375
6 1 27.0 57.0 100745 352 606 0.01 0.0 28.0 31.0 32.0 1 2 1.0 2.0 25/10/2022 10 42 12 45.4730873 9.2344657
6 2 27.0 57.0 100746 252 670 0.01 0.0 30.0 32.0 32.0 1 1 1.0 1.0 25/10/2022 10 42 50 45.4732237 9.2344598
6 3 27.0 57.0 100747 178 666 0.01 0.0 30.0 32.0 32.0 1 1 2.0 2.0 25/10/2022 10 43 2 45.4734923 9.234419
6 4 26.0 57.0 100749 122 621 0.01 0.0 23.0 26.0 28.0 1 2 2.0 2.0 25/10/2022 10 43 28 45.4738436 9.234413
6 6 0 0 0 86 596 0.01 0.0 0.0 0.0 0.0 0 0 1.0 0.0 25/10/2022 10 43 58 45.4741301 9.2344199
6 6 26.0 58.0 100751 66 642 0.01 0.0 40.0 45.0 47.0 1 1 2.0 2.0 25/10/2022 10 44 18 45.4743835 9.2344302
6 7 26.0 58.0 100752 63 536 0.01 0.0 30.0 32.0 32.0 1 2 2.0 2.0 25/10/2022 10 44 38 45.4746519 9.2343857
6 8 25.0 59.0 100753 35 623 0.01 0.0 30.0 33.0 33.0 1 2 2.0 2.0 25/10/2022 10 45 2 45.4749976 9.2344271
6 9 25.0 59.0 100754 31 733 0.01 0.0 30.0 33.0 33.0 0 2 1.0 2.0 25/10/2022 10 45 30 45.4754288 9.2344062
6 10 25.0 60.0 100754 30 559 0.01 0.0 37.0 39.0 39.0 1 1 2.0 1.0 25/10/2022 10 46 6 45.4756398 9.2344368
6 11 25.0 60.0 100755 16 649 0.01 54.88 33.0 36.0 37.0 1 2 2.0 2.0 25/10/2022 10 46 26 45.4759414 9.2344871
6 12 25.0 60.0 100755 27 569 0.01 0.0 35.0 37.0 37.0 1 1 1.0 1.0 25/10/2022 10 46 50 45.4759447 9.2348821
6 13 25.0 60.0 100756 11 650 0.01 0.0 42.0 44.0 44.0 2 2 2.0 2.0 25/10/2022 10 47 14 45.4759704 9.2352985
6 14 24.0 61.0 100756 0 603 0.01 0.0 39.0 41.0 41.0 2 2 2.0 2.0 25/10/2022 10 47 38 45.4759216 9.2357253
6 15 24.0 61.0 100756 0 737 0.01 0.0 39.0 41.0 41.0 1 2 2.0 1.0 25/10/2022 10 48 2 45.4757073 9.2359462
6 17 24.0 62.0 100756 0 0 0 0.0 32.0 34.0 34.0 1 1 0.0 1.0 25/10/2022 10 48 28 45.4756724 9.2359018
6 17 24.0 62.0 100756 33 905 0.01 0.0 40.0 44.0 45.0 1 1 1.0 1.0 25/10/2022 10 48 48 45.4756733 9.2359017
6 18 25.0 61.0 100756 158 933 0.01 0.0 40.0 44.0 45.0 1 2 1.0 2.0 25/10/2022 10 49 18 45.4756733 9.2359017
6 20 0 0 0 312 1072 0.01 0.0 37.0 39.0 39.0 1 0 2.0 1.0 25/10/2022 10 49 40 45.4756733 9.2359017
6 20 25.0 61.0 100755 363 917 0.01 0.0 36.0 40.0 42.0 1 1 1.0 1.0 25/10/2022 10 50 10 45.4756733 9.2359017
6 22 25.0 61.0 100755 0 0 0 0.0 36.0 40.0 42.0 1 3 0.0 1.0 25/10/2022 10 50 24 45.4756733 9.2359017
6 23 0 0 0 187 724 0.01 0.0 0.0 0.0 0.0 0 0 1.0 0.0 25/10/2022 10 51 6 45.4756733 9.2359017
6 24 0 0 0 0 0 0 0.0 35.0 37.0 37.0 1 0 0.0 1.0 25/10/2022 10 51 46 45.4756733 9.2359017
6 24 26.0 59.0 100755 213 652 0.01 0.0 35.0 37.0 37.0 1 1 1.0 1.0 25/10/2022 10 52 2 45.4756733 9.2359017
6 25 26.0 59.0 100755 219 642 0.01 0.0 34.0 37.0 40.0 1 1 2.0 2.0 25/10/2022 10 52 14 45.4756733 9.2359017
6 26 26.0 58.0 100755 250 652 0.01 0.0 31.0 33.0 33.0 1 2 2.0 2.0 25/10/2022 10 52 40 45.4756733 9.2359017
6 27 26.0 58.0 100755 307 632 0.01 0.0 31.0 33.0 33.0 1 1 2.0 1.0 25/10/2022 10 53 4 45.4757404 9.2358779
6 29 0 0 0 312 668 0.01 0.0 30.0 33.0 35.0 1 0 1.0 1.0 25/10/2022 10 53 42 45.4758658 9.2358764
6 29 26.0 58.0 100754 337 604 0.01 0.0 37.0 41.0 43.0 1 1 2.0 2.0 25/10/2022 10 53 54 45.4759719 9.2356066
6 30 26.0 59.0 100755 160 660 0.01 0.0 37.0 41.0 43.0 2 2 1.0 1.0 25/10/2022 10 54 18 45.475952 9.2352413
6 31 26.0 59.0 100755 102 618 0.01 0.0 29.0 32.0 34.0 1 1 2.0 1.0 25/10/2022 10 54 38 45.476 9.2344669
6 33 0 0 0 0 0 0 0.0 29.0 32.0 34.0 1 0 0.0 1.0 25/10/2022 10 55 26 45.4760387 9.2344622
6 33 25.0 60.0 100757 24 684 0.01 0.0 29.0 32.0 34.0 2 3 3.0 3.0 25/10/2022 10 55 30 45.4764505 9.2344782
6 34 24.0 61.0 100758 6 676 0.01 0.0 23.0 25.0 26.0 1 1 2.0 1.0 25/10/2022 10 56 6 45.4768882 9.2344583
6 36 0 0 0 0 719 0.01 0.0 0.0 0.0 0.0 0 0 1.0 0.0 25/10/2022 10 56 46 45.4769922 9.2344758
6 36 24.0 62.0 100759 0 700 0.01 0.0 36.0 38.0 38.0 2 2 1.0 1.0 25/10/2022 10 56 54 45.4773495 9.2344723
6 37 24.0 62.0 100759 0 528 0.01 0.0 32.0 34.0 35.0 1 1 1.0 2.0 25/10/2022 10 57 20 45.4776288 9.2344763
6 38 24.0 62.0 100759 0 637 0.01 0.0 30.0 32.0 32.0 1 1 1.0 2.0 25/10/2022 10 57 44 45.4778139 9.2344973
6 39 24.0 62.0 100760 32 622 0.01 0.0 30.0 32.0 32.0 2 1 1.0 1.0 25/10/2022 10 58 4 45.4782404 9.2344946
6 40 23.0 63.0 100759 19 615 0.01 0.0 28.0 31.0 33.0 1 1 1.0 1.0 25/10/2022 10 58 36 45.4783756 9.2344904
6 41 24.0 63.0 100759 14 784 0.01 0.0 31.0 34.0 35.0 2 2 1.0 2.0 25/10/2022 10 58 48 45.478709 9.2344629
6 42 23.0 63.0 100760 5 557 0.01 0.0 31.0 34.0 35.0 1 2 2.0 2.0 25/10/2022 10 59 12 45.4790028 9.2344946
6 43 23.0 64.0 100759 0 628 0.01 0.0 33.0 36.0 36.0 2 2 2.0 1.0 25/10/2022 10 59 36 45.4793088 9.2344649
6 44 23.0 64.0 100759 0 612 0.01 0.0 33.0 36.0 36.0 2 1 1.0 1.0 25/10/2022 11 0 0 45.4795902 9.2344346
6 45 23.0 64.0 100758 1 632 0.01 0.0 33.0 36.0 36.0 1 3 3.0 3.0 25/10/2022 11 0 24 45.4800651 9.2344585
6 46 23.0 65.0 100758 24 680 0.01 0.0 35.0 39.0 42.0 1 2 1.0 2.0 25/10/2022 11 1 0 45.4802557 9.2344653
6 47 23.0 65.0 100758 27 863 0.01 0.0 40.0 44.0 45.0 1 2 1.0 1.0 25/10/2022 11 1 24 45.4802467 9.2344667
6 49 0 0 0 88 874 0.01 0.0 35.0 38.0 38.0 1 0 1.0 1.0 25/10/2022 11 2 4 45.4802467 9.2344667
6 49 24.0 64.0 100757 155 732 0.01 0.0 36.0 38.0 38.0 1 2 2.0 2.0 25/10/2022 11 2 16 45.4802467 9.2344667
6 50 24.0 64.0 100757 125 616 0.01 0.0 35.0 37.0 37.0 1 1 2.0 1.0 25/10/2022 11 2 42 45.4802467 9.2344667
6 52 24.0 63.0 100756 72 668 0.01 0.0 0.0 0.0 0.0 0 2 2.0 0.0 25/10/2022 11 3 0 45.4802467 9.2344667
6 52 24.0 63.0 100756 59 617 0.01 0.0 33.0 35.0 35.0 1 1 1.0 1.0 25/10/2022 11 3 24 45.480275 9.234335
6 54 24.0 63.0 100756 0 0 0 0.0 37.0 39.0 39.0 1 1 0.0 2.0 25/10/2022 11 3 58 45.480275 9.234335
6 54 25.0 62.0 100756 279 611 0.01 0.0 37.0 39.0 39.0 1 1 1.0 1.0 25/10/2022 11 4 24 45.480275 9.234335
6 55 25.0 62.0 100756 292 651 0.01 0.0 35.0 37.0 38.0 1 2 1.0 2.0 25/10/2022 11 4 40 45.480275 9.234335
6 56 25.0 62.0 100756 254 625 0.01 0.0 35.0 37.0 38.0 1 2 1.0 2.0 25/10/2022 11 5 4 45.480275 9.234335
6 57 26.0 61.0 100756 389 641 0.01 0.0 35.0 37.0 38.0 1 2 2.0 1.0 25/10/2022 11 5 44 45.480275 9.234335
6 60 26.0 60.0 100756 0 0 0 0.0 34.0 37.0 38.0 1 2 0.0 1.0 25/10/2022 11 6 28 45.4805647 9.234509
6 61 26.0 60.0 100756 161 748 0.01 0.0 0.0 0.0 0.0 0 1 2.0 0.0 25/10/2022 11 7 0 45.4807307 9.2344633
6 61 25.0 60.0 100757 86 690 0.01 0.0 38.0 40.0 40.0 2 2 1.0 1.0 25/10/2022 11 7 16 45.4809675 9.2344138
6 62 25.0 60.0 100756 58 648 0.01 0.0 35.0 37.0 37.0 2 2 1.0 2.0 25/10/2022 11 7 40 45.4813106 9.2342994
6 63 24.0 61.0 100756 50 655 0.01 0.0 35.0 37.0 37.0 1 1 1.0 1.0 25/10/2022 11 8 8 45.4815487 9.2344009
6 2 24.0 61.0 100755 0 0 0 0.0 35.0 37.0 37.0 2 2 0.0 1.0 25/10/2022 11 8 30 45.4818013 9.2343489
6 3 24.0 61.0 100755 0 0 0 0.0 31.0 34.0 36.0 1 1 0.0 1.0 25/10/2022 11 8 58 45.4819747 9.2343319
6 3 24.0 62.0 100754 4 629 0.01 0.0 31.0 34.0 36.0 1 1 1.0 1.0 25/10/2022 11 9 16 45.4825718 9.234327
6 6 23.0 63.0 100752 5 602 0.01 54.88 0.0 0.0 0.0 0 2 1.0 0.0 25/10/2022 11 10 10 45.4830433 9.2341591
6 6 23.0 63.0 100751 2 707 0.01 0.0 33.0 35.0 36.0 2 1 1.0 1.0 25/10/2022 11 10 40 45.4834205 9.2341388
6 8 23.0 64.0 100750 0 0 0 0.0 41.0 43.0 43.0 2 1 0.0 1.0 25/10/2022 11 11 4 45.4837411 9.2342419
6 8 23.0 64.0 100750 12 703 0.01 0.0 34.0 37.0 38.0 2 2 1.0 2.0 25/10/2022 11 11 28 45.4841355 9.234626
6 9 23.0 64.0 100749 4 635 0.01 54.88 41.0 43.0 43.0 1 1 2.0 1.0 25/10/2022 11 11 52 45.4843051 9.2350975
6 10 23.0 64.0 100748 17 681 0.01 0.0 32.0 33.0 33.0 1 2 1.0 1.0 25/10/2022 11 12 20 45.4845888 9.235692
6 12 0 0 0 17 714 0.01 0.0 0.0 0.0 0.0 0 0 1.0 0.0 25/10/2022 11 12 56 45.4845265 9.2357447
6 12 23.0 64.0 100746 1 682 0.01 0.0 38.0 40.0 40.0 2 1 2.0 1.0 25/10/2022 11 13 0 45.4844344 9.2362577
6 13 23.0 65.0 100746 0 715 0.01 0.0 40.0 44.0 46.0 1 2 2.0 2.0 25/10/2022 11 13 24 45.4847302 9.2361301
6 15 23.0 64.0 100745 0 0 0 0.0 38.0 40.0 40.0 1 1 0.0 1.0 25/10/2022 11 13 48 45.4848619 9.2361283
6 16 23.0 64.0 100744 0 0 0 0.0 38.0 40.0 40.0 1 1 0.0 2.0 25/10/2022 11 14 22 45.4848617 9.2361283
6 16 24.0 63.0 100744 124 693 0.01 0.0 39.0 42.0 42.0 1 1 1.0 2.0 25/10/2022 11 14 38 45.4848617 9.2361283
6 18 24.0 63.0 100743 217 679 0.01 0.0 0.0 0.0 0.0 0 1 1.0 0.0 25/10/2022 11 15 8 45.4848617 9.2361283
6 19 24.0 63.0 100743 0 0 0 0.0 39.0 42.0 42.0 1 2 0.0 2.0 25/10/2022 11 15 38 45.4848617 9.2361283
6 20 24.0 64.0 100742 0 0 0 0.0 0.0 0.0 0.0 0 1 0.0 0.0 25/10/2022 11 16 6 45.484835 9.23614
6 21 0 0 0 90 698 0.01 0.0 35.0 37.0 37.0 1 0 2.0 1.0 25/10/2022 11 16 32 45.484835 9.23614
6 22 24.0 62.0 100741 0 0 0 0.0 38.0 40.0 40.0 1 1 0.0 1.0 25/10/2022 11 16 58 45.484835 9.23614
6 22 24.0 62.0 100741 65 505 0.01 0.0 30.0 33.0 34.0 1 2 1.0 2.0 25/10/2022 11 17 18 45.484835 9.23614
6 23 24.0 62.0 100741 66 658 0.01 0.0 34.0 36.0 36.0 1 2 2.0 2.0 25/10/2022 11 17 40 45.484835 9.23614
6 25 0 0 0 68 658 0.01 0.0 34.0 36.0 36.0 1 0 1.0 1.0 25/10/2022 11 18 6 45.484835 9.23614
6 26 25.0 61.0 100741 0 0 0 0.0 36.0 40.0 42.0 1 1 0.0 2.0 25/10/2022 11 18 38 45.484835 9.23614
6 26 25.0 61.0 100741 114 645 0.01 0.0 34.0 37.0 38.0 1 1 1.0 1.0 25/10/2022 11 19 4 45.484835 9.23614
6 27 25.0 61.0 100741 117 641 0.01 0.0 34.0 37.0 38.0 1 2 2.0 2.0 25/10/2022 11 19 18 45.4848375 9.2358415
6 28 25.0 61.0 100741 182 667 0.01 0.0 30.0 32.0 34.0 1 2 2.0 2.0 25/10/2022 11 19 42 45.4846979 9.2356282
6 29 25.0 60.0 100741 147 686 0.01 0.0 30.0 32.0 34.0 1 1 1.0 1.0 25/10/2022 11 20 10 45.4843671 9.2350859
6 30 25.0 60.0 100741 92 631 0.01 0.0 30.0 32.0 34.0 1 1 1.0 1.0 25/10/2022 11 20 52 45.4842574 9.2348659
6 31 24.0 61.0 100741 49 582 0.01 0.0 40.0 42.0 42.0 0 1 2.0 1.0 25/10/2022 11 21 6 45.4841437 9.2346433
6 32 24.0 61.0 100741 53 663 0.01 0.0 37.0 39.0 39.0 1 2 1.0 2.0 25/10/2022 11 21 28 45.4838445 9.2342279
6 33 24.0 62.0 100741 29 622 0.01 0.0 31.0 33.0 33.0 1 1 1.0 1.0 25/10/2022 11 22 0 45.4836263 9.2342125
6 34 24.0 62.0 100742 2 636 0.01 0.0 39.0 41.0 41.0 2 2 2.0 1.0 25/10/2022 11 22 14 45.4833917 9.2342177
6 35 23.0 62.0 100742 0 551 0.01 0.0 32.0 34.0 34.0 1 1 2.0 1.0 25/10/2022 11 22 40 45.4830087 9.2343485
6 36 23.0 63.0 100742 0 531 0.01 0.0 32.0 34.0 34.0 1 1 1.0 1.0 25/10/2022 11 23 4 45.4827586 9.2343405
6 37 23.0 63.0 100742 4 606 0.01 0.0 27.0 31.0 33.0 1 1 1.0 2.0 25/10/2022 11 23 24 45.4824249 9.2342563
6 38 23.0 64.0 100742 2 707 0.01 0.0 32.0 34.0 34.0 2 2 1.0 1.0 25/10/2022 11 23 52 45.4820732 9.2342599
6 40 0 0 0 15 657 0.01 0.0 32.0 34.0 34.0 2 0 1.0 2.0 25/10/2022 11 24 22 45.4817019 9.2342267
6 40 23.0 64.0 100743 33 589 0.01 0.0 36.0 38.0 38.0 2 1 1.0 1.0 25/10/2022 11 24 50 45.4815883 9.2342445
6 41 23.0 65.0 100744 20 672 0.01 0.0 36.0 38.0 38.0 1 2 2.0 2.0 25/10/2022 11 25 2 45.4813346 9.2342481
6 42 23.0 65.0 100744 16 628 0.01 0.0 36.0 38.0 38.0 1 2 2.0 2.0 25/10/2022 11 25 26 45.4808553 9.234237
6 43 23.0 65.0 100745 20 687 0.01 0.0 36.0 38.0 38.0 2 2 1.0 2.0 25/10/2022 11 26 6 45.4805983 9.2341364
6 44 23.0 64.0 100746 37 588 0.01 0.0 29.0 30.0 30.0 2 2 2.0 1.0 25/10/2022 11 26 30 45.4804828 9.2341799
6 45 23.0 64.0 100747 47 632 0.01 0.0 36.0 38.0 39.0 1 1 1.0 1.0 25/10/2022 11 26 54 45.4804832 9.23418
6 46 24.0 63.0 100748 142 623 0.01 0.0 38.0 42.0 43.0 1 1 2.0 2.0 25/10/2022 11 27 14 45.480496 9.2342007
6 47 24.0 62.0 100749 213 619 0.01 0.0 39.0 41.0 41.0 1 2 2.0 2.0 25/10/2022 11 27 40 45.4801385 9.2342278
6 48 24.0 62.0 100750 171 612 0.01 0.0 39.0 41.0 41.0 1 1 2.0 1.0 25/10/2022 11 28 6 45.4798037 9.2342499
6 50 24.0 62.0 100751 0 0 0 0.0 25.0 26.0 26.0 1 1 0.0 1.0 25/10/2022 11 28 36 45.4796729 9.2342374
6 50 24.0 62.0 100752 77 575 0.01 0.0 34.0 36.0 36.0 2 2 2.0 1.0 25/10/2022 11 28 48 45.4793572 9.2342375
6 51 23.0 63.0 100752 46 613 0.01 0.0 34.0 36.0 36.0 1 2 1.0 2.0 25/10/2022 11 29 12 45.4790373 9.2342311
6 53 23.0 64.0 100753 0 0 0 0.0 0.0 0.0 0.0 0 1 0.0 0.0 25/10/2022 11 29 40 45.4787972 9.2342395
6 53 23.0 64.0 100754 46 683 0.01 0.0 33.0 35.0 36.0 1 2 2.0 2.0 25/10/2022 11 30 0 45.4786233 9.2340339
6 54 23.0 64.0 100755 97 653 0.01 0.0 33.0 35.0 36.0 1 2 2.0 3.0 25/10/2022 11 30 28 45.4785476 9.2334415
6 56 24.0 64.0 100756 105 686 0.01 0.0 0.0 0.0 0.0 0 1 1.0 0.0 25/10/2022 11 31 4 45.4785377 9.2331102
6 56 24.0 63.0 100757 58 606 0.01 0.0 32.0 34.0 34.0 1 2 2.0 2.0 25/10/2022 11 31 28 45.4785951 9.232747
6 58 24.0 63.0 100758 36 695 0.01 0.0 0.0 0.0 0.0 0 1 2.0 0.0 25/10/2022 11 31 52 45.4785974 9.2323662
6 58 23.0 63.0 100758 20 584 0.01 0.0 29.0 31.0 31.0 2 2 2.0 2.0 25/10/2022 11 32 14 45.4785476 9.2319538
6 59 24.0 63.0 100759 31 568 0.01 0.0 37.0 39.0 39.0 2 2 1.0 2.0 25/10/2022 11 32 38 45.4782787 9.2315583
6 60 24.0 63.0 100760 33 673 0.01 0.0 37.0 39.0 39.0 1 1 2.0 1.0 25/10/2022 11 33 12 45.4781144 9.2315411
6 61 24.0 63.0 100761 47 628 0.01 0.0 31.0 32.0 32.0 2 2 1.0 2.0 25/10/2022 11 33 28 45.4781115 9.2315417
6 62 24.0 63.0 100762 91 857 0.01 0.0 36.0 38.0 38.0 1 2 2.0 2.0 25/10/2022 11 33 52 45.4781117 9.2315417
6 63 24.0 63.0 100764 212 948 0.01 0.0 36.0 38.0 38.0 1 1 1.0 1.0 25/10/2022 11 34 20 45.4781117 9.2315417
6 1 24.0 63.0 100765 161 796 0.01 0.0 47.0 52.0 54.0 1 2 2.0 2.0 25/10/2022 11 34 38 45.4781117 9.2315417
6 2 24.0 63.0 100766 109 847 0.01 0.0 47.0 52.0 54.0 1 1 2.0 2.0 25/10/2022 11 35 4 45.4781117 9.2315417
6 3 24.0 63.0 100767 91 772 0.01 0.0 47.0 52.0 54.0 1 2 3.0 2.0 25/10/2022 11 35 28 45.4781117 9.2315417
6 4 24.0 63.0 100769 71 680 0.01 0.0 32.0 34.0 34.0 1 1 1.0 1.0 25/10/2022 11 36 4 45.4781117 9.2315417
6 5 24.0 63.0 100770 155 670 0.01 0.0 36.0 38.0 39.0 1 2 1.0 2.0 25/10/2022 11 36 32 45.4781117 9.2315417
6 6 25.0 62.0 100771 241 726 0.01 0.0 41.0 44.0 44.0 1 2 2.0 2.0 25/10/2022 11 36 52 45.4781117 9.2315417
6 7 25.0 62.0 100772 297 725 0.01 0.0 47.0 49.0 49.0 1 2 2.0 2.0 25/10/2022 11 37 18 45.4781117 9.2315417
6 8 26.0 61.0 100774 361 701 0.01 0.0 33.0 35.0 35.0 1 1 1.0 1.0 25/10/2022 11 37 50 45.4781117 9.2315417
6 9 26.0 61.0 100775 366 707 0.01 0.0 33.0 35.0 35.0 1 1 2.0 1.0 25/10/2022 11 38 12 45.4781117 9.2315417
6 10 26.0 61.0 100776 502 640 0.01 0.0 41.0 43.0 43.0 1 2 1.0 2.0 25/10/2022 11 38 28 45.478232 9.2315547
6 11 26.0 60.0 100777 500 572 0.01 54.88 35.0 38.0 40.0 1 2 2.0 2.0 25/10/2022 11 38 50 45.478502 9.2314386
6 12 25.0 60.0 100778 223 564 0.01 0.0 35.0 38.0 40.0 1 1 1.0 1.0 25/10/2022 11 39 26 45.4784775 9.2312499
6 13 25.0 60.0 100778 125 635 0.01 0.0 30.0 32.0 32.0 2 1 2.0 2.0 25/10/2022 11 39 38 45.4784682 9.2308285
6 14 24.0 61.0 100778 96 584 0.01 0.0 30.0 32.0 32.0 2 2 2.0 1.0 25/10/2022 11 40 6 45.4785046 9.2304288
6 15 24.0 61.0 100777 76 649 0.01 0.0 30.0 32.0 32.0 1 1 1.0 2.0 25/10/2022 11 40 30 45.4782792 9.2301511
6 16 24.0 62.0 100777 53 663 0.01 54.88 30.0 31.0 31.0 2 1 2.0 1.0 25/10/2022 11 41 4 45.4779871 9.2302082
6 17 24.0 61.0 100777 38 604 0.01 0.0 41.0 45.0 46.0 1 2 1.0 2.0 25/10/2022 11 41 24 45.4776744 9.2301449
6 19 0 0 0 29 700 0.01 0.0 35.0 37.0 37.0 2 0 2.0 1.0 25/10/2022 11 41 52 45.47739 9.2301657
6 20 24.0 62.0 100777 0 0 0 0.0 26.0 28.0 29.0 1 1 0.0 1.0 25/10/2022 11 42 16 45.477092 9.2302199
6 20 24.0 62.0 100777 22 640 0.01 0.0 30.0 32.0 32.0 1 2 2.0 1.0 25/10/2022 11 42 36 45.4768674 9.2298673
6 21 24.0 62.0 100778 6 672 0.01 0.0 30.0 32.0 32.0 1 2 1.0 2.0 25/10/2022 11 43 8 45.4768607 9.2293961
6 22 24.0 62.0 100777 11 671 0.01 0.0 27.0 29.0 29.0 2 1 1.0 1.0 25/10/2022 11 43 38 45.4768333 9.2291872
6 23 24.0 62.0 100777 21 630 0.01 0.0 32.0 34.0 34.0 1 1 2.0 2.0 25/10/2022 11 43 50 45.4768392 9.2287901
6 24 24.0 61.0 100777 26 557 0.01 0.0 32.0 35.0 35.0 1 1 2.0 1.0 25/10/2022 11 44 16 45.4768211 9.2283696
6 25 24.0 62.0 100778 9 669 0.01 0.0 24.0 27.0 29.0 2 1 1.0 2.0 25/10/2022 11 44 40 45.476848 9.2279128
6 26 24.0 62.0 100777 17 619 0.01 0.0 24.0 27.0 29.0 1 2 2.0 1.0 25/10/2022 11 45 4 45.476831 9.227457
6 27 24.0 62.0 100777 28 649 0.01 0.0 24.0 27.0 29.0 2 2 3.0 3.0 25/10/2022 11 45 30 45.4767569 9.2267976
6 29 24.0 62.0 100778 38 602 0.01 0.0 0.0 0.0 0.0 0 1 1.0 0.0 25/10/2022 11 46 11 45.4764149 9.22664
6 30 24.0 62.0 100777 0 0 0 0.0 34.0 37.0 38.0 2 1 0.0 1.0 25/10/2022 11 46 37 45.4763045 9.2266011
6 30 24.0 62.0 100777 9 645 0.01 0.0 32.0 34.0 34.0 1 2 2.0 1.0 25/10/2022 11 46 49 45.4759456 9.2266575
6 31 24.0 62.0 100777 3 571 0.01 0.0 29.0 31.0 32.0 2 2 1.0 1.0 25/10/2022 11 47 17 45.4756999 9.2266533
6 32 24.0 62.0 100777 2 619 0.01 0.0 30.0 32.0 32.0 1 1 1.0 1.0 25/10/2022 11 47 39 45.4753298 9.2266275
6 33 23.0 63.0 100777 0 647 0.01 0.0 30.0 32.0 32.0 1 2 1.0 2.0 25/10/2022 11 48 5 45.4750769 9.2266141
6 34 23.0 63.0 100777 18 717 0.01 0.0 33.0 35.0 35.0 2 2 2.0 2.0 25/10/2022 11 48 25 45.4747195 9.2266931
6 36 23.0 63.0 100777 2 573 0.01 0.0 0.0 0.0 0.0 0 1 2.0 0.0 25/10/2022 11 48 57 45.4743064 9.2266029
6 36 23.0 63.0 100777 1 595 0.01 0.0 34.0 37.0 38.0 0 1 1.0 1.0 25/10/2022 11 49 25 45.4741193 9.2266783
6 37 23.0 63.0 100777 5 683 0.01 0.0 32.0 34.0 34.0 2 1 1.0 2.0 25/10/2022 11 49 41 45.4738714 9.2267224
6 38 23.0 63.0 100777 4 643 0.01 0.0 32.0 34.0 34.0 1 2 2.0 2.0 25/10/2022 11 50 1 45.47368 9.2269876
6 39 23.0 63.0 100777 12 663 0.01 0.0 32.0 34.0 34.0 2 2 3.0 2.0 25/10/2022 11 50 25 45.4733452 9.2273014
6 40 23.0 64.0 100778 10 741 0.01 0.0 28.0 31.0 31.0 1 1 1.0 2.0 25/10/2022 11 51 5 45.4729682 9.2275158
6 41 23.0 64.0 100778 4 591 0.01 0.0 41.0 45.0 47.0 1 1 2.0 1.0 25/10/2022 11 51 29 45.4727416 9.2275365
6 42 23.0 64.0 100778 3 541 0.01 0.0 30.0 32.0 32.0 1 2 1.0 2.0 25/10/2022 11 51 47 45.4724013 9.227307
6 43 23.0 64.0 100779 7 675 0.01 0.0 33.0 36.0 38.0 2 2 2.0 2.0 25/10/2022 11 52 17 45.4722237 9.2271165
6 44 23.0 64.0 100779 23 618 0.01 0.0 34.0 36.0 36.0 1 2 2.0 2.0 25/10/2022 11 52 41 45.4722175 9.226964
6 45 24.0 64.0 100780 107 755 0.01 0.0 34.0 36.0 36.0 1 1 2.0 1.0 25/10/2022 11 53 5 45.4722167 9.226965
6 46 24.0 63.0 100781 182 781 0.01 0.0 35.0 37.0 38.0 1 1 1.0 1.0 25/10/2022 11 53 23 45.4721702 9.2270248
6 47 24.0 62.0 100782 199 704 0.01 0.0 33.0 35.0 35.0 2 2 2.0 1.0 25/10/2022 11 53 47 45.47217 9.227025
6 48 25.0 61.0 100783 192 691 0.01 0.0 33.0 35.0 35.0 1 2 1.0 1.0 25/10/2022 11 54 13 45.472165 9.2270317
6 49 25.0 61.0 100783 369 696 0.01 0.0 31.0 33.0 33.0 1 1 1.0 1.0 25/10/2022 11 54 47 45.472165 9.2270317
6 51 25.0 61.0 100785 0 0 0 0.0 31.0 33.0 33.0 1 1 0.0 1.0 25/10/2022 11 55 1 45.472165 9.2270317
6 51 25.0 61.0 100786 691 666 0.01 0.0 31.0 33.0 33.0 1 2 2.0 2.0 25/10/2022 11 55 41 45.47218 9.2270867
6 52 26.0 61.0 100787 605 675 0.01 0.0 31.0 34.0 35.0 1 2 2.0 1.0 25/10/2022 11 56 5 45.4721584 9.2271117
6 54 0 0 0 439 631 0.01 0.0 0.0 0.0 0.0 0 0 1.0 0.0 25/10/2022 11 56 41 45.4721581 9.2270929
6 54 26.0 59.0 100788 349 638 0.01 0.0 36.0 38.0 38.0 1 2 2.0 2.0 25/10/2022 11 56 49 45.4721583 9.2270917
6 55 26.0 59.0 100789 240 660 0.01 0.0 35.0 40.0 44.0 1 2 2.0 2.0 25/10/2022 11 57 13 45.4721583 9.2270917
6 57 26.0 58.0 100790 339 764 0.01 0.0 0.0 0.0 0.0 0 1 1.0 0.0 25/10/2022 11 57 39 45.4721533 9.2271483
6 57 26.0 58.0 100791 299 736 0.01 0.0 31.0 32.0 32.0 1 1 1.0 1.0 25/10/2022 11 58 3 45.4720575 9.2271336
6 58 26.0 58.0 100791 259 814 0.01 0.0 32.0 37.0 40.0 1 2 2.0 2.0 25/10/2022 11 58 23 45.4719957 9.2268595
6 59 26.0 58.0 100791 219 731 0.01 0.0 35.0 37.0 37.0 1 2 1.0 2.0 25/10/2022 11 58 49 45.4722334 9.2268668
6 60 25.0 58.0 100791 185 700 0.01 0.0 35.0 37.0 37.0 1 2 2.0 2.0 25/10/2022 11 59 13 45.472042 9.227055
6 61 25.0 59.0 100787 207 738 0.01 0.0 22.0 23.0 23.0 1 1 1.0 1.0 25/10/2022 11 59 45 45.4720519 9.2272777
6 62 25.0 59.0 100780 242 804 0.01 0.0 22.0 23.0 23.0 1 2 1.0 2.0 25/10/2022 12 0 3 45.4720593 9.2272436
