6 3 26,0 52,0 100692 21 579 0,01 0,0 0,0 0,0 0,0 0 1 1,0 0,0 25/10/2022 15 41 46 45,4729667 9,2344167
6 5 27,0 51,0 100693 0 0 0 0,0 18,0 19,0 20,0 1 2 0,0 2,0 25/10/2022 15 42 14 45,472961 9,2344737
6 6 28,0 51,0 100696 0 0 0 0,0 19,0 20,0 20,0 1 2 0,0 2,0 25/10/2022 15 43 4 45,4729533 9,2344967
6 6 28,0 50,0 100698 586 619 0,01 0,0 19,0 20,0 20,0 1 1 1,0 1,0 25/10/2022 15 43 24 45,4729283 9,2343533
6 7 28,0 50,0 100699 533 596 0,01 0,0 37,0 39,0 39,0 1 2 1,0 1,0 25/10/2022 15 43 52 45,4729283 9,2343533
6 8 29,0 50,0 100700 604 592 0,01 0,0 37,0 39,0 39,0 1 1 2,0 2,0 25/10/2022 15 44 16 45,4729283 9,2343533
6 9 29,0 50,0 100701 695 625 0,01 0,0 37,0 39,0 39,0 1 1 2,0 1,0 25/10/2022 15 44 52 45,4729283 9,2343533
6 10 29,0 49,0 100703 708 624 0,01 0,0 15,0 15,0 15,0 1 1 2,0 2,0 25/10/2022 15 45 12 45,4729283 9,2343533
6 11 29,0 49,0 100704 745 607 0,01 0,0 21,0 23,0 24,0 1 2 1,0 2,0 25/10/2022 15 45 36 45,4729283 9,2343533
6 12 30,0 48,0 100705 684 604 0,01 0,0 17,0 18,0 18,0 1 1 2,0 1,0 25/10/2022 15 46 8 45,4730193 9,2343669
6 13 30,0 47,0 100706 656 572 0,01 0,0 20,0 21,0 21,0 1 2 2,0 2,0 25/10/2022 15 46 24 45,4730192 9,2343206
