4 1 114 97 01 25 10 15 41 47 198
4 0 112 97 01 25 10 15 41 47 997
4 0 112 97 01 25 10 15 41 49 196
4 0 112 97 01 25 10 15 41 49 996
4 0 112 97 01 25 10 15 41 51 195
4 0 112 97 01 25 10 15 41 51 994
4 0 111 97 01 25 10 15 41 53 194
4 0 111 97 01 25 10 15 41 54 393
4 0 110 97 01 25 10 15 41 55 192
4 0 110 97 01 25 10 15 41 55 992
4 1 111 97 01 25 10 15 41 57 192
4 0 111 97 01 25 10 15 41 57 991
4 1 110 97 01 25 10 15 41 59 190
4 1 111 97 01 25 10 15 41 59 990
4 2 111 97 01 25 10 15 42 1 189
4 2 110 97 01 25 10 15 42 1 988
4 2 111 97 01 25 10 15 42 3 188
4 2 112 97 01 25 10 15 42 3 987
4 1 113 97 01 25 10 15 42 5 186
4 1 113 97 01 25 10 15 42 5 986
4 1 113 97 01 25 10 15 42 7 185
4 0 113 97 01 25 10 15 42 7 985
4 1 114 97 01 25 10 15 42 9 184
4 1 114 97 01 25 10 15 42 9 984
4 1 115 97 01 25 10 15 42 11 83
4 2 116 97 01 25 10 15 42 12 282
4 1 116 97 01 25 10 15 42 13 82
4 1 117 97 01 25 10 15 42 14 281
4 0 118 97 01 25 10 15 42 14 981
4 0 119 97 01 25 10 15 42 16 180
4 0 120 97 01 25 10 15 42 17 279
4 0 120 97 01 25 10 15 42 18 79
4 0 120 97 01 25 10 15 42 19 178
4 0 122 97 01 25 10 15 42 19 978
4 0 122 97 01 25 10 15 42 21 77
4 0 123 97 01 25 10 15 42 22 276
4 0 123 97 01 25 10 15 42 23 476
4 0 123 97 01 25 10 15 42 24 275
4 0 124 97 01 25 10 15 42 25 75
4 0 124 97 01 25 10 15 42 26 274
4 0 124 97 03 25 10 15 42 26 973
4 0 123 97 03 25 10 15 42 28 173
4 0 123 97 03 25 10 15 42 28 972
4 0 123 97 03 25 10 15 42 30 172
4 0 123 97 03 25 10 15 42 30 971
4 0 123 97 03 25 10 15 42 32 170
4 0 123 97 03 25 10 15 42 33 269
4 0 124 97 03 25 10 15 42 34 69
4 0 124 97 03 25 10 15 42 35 269
4 0 124 97 03 25 10 15 42 36 68
4 0 124 97 03 25 10 15 42 37 267
4 0 123 97 03 25 10 15 42 39 266
4 0 123 97 03 25 10 15 42 40 66
4 0 123 97 03 25 10 15 42 41 265
4 0 122 97 03 25 10 15 42 42 65
4 0 122 97 03 25 10 15 42 43 265
4 0 122 97 03 25 10 15 42 45 264
4 0 123 97 03 25 10 15 42 46 63
4 0 123 97 03 25 10 15 42 47 263
4 0 123 97 03 25 10 15 42 48 63
4 0 124 97 03 25 10 15 42 49 262
4 0 124 97 03 25 10 15 42 50 62
4 0 124 97 03 25 10 15 42 51 261
4 0 125 97 03 25 10 15 42 52 61
4 0 125 97 03 25 10 15 42 53 260
4 0 126 97 03 25 10 15 42 54 60
4 0 126 97 03 25 10 15 42 55 259
4 0 126 97 03 25 10 15 42 56 59
4 0 126 97 03 25 10 15 42 57 259
4 0 127 97 03 25 10 15 42 59 657
4 0 126 97 03 25 10 15 43 0 57
4 0 127 97 03 25 10 15 43 1 256
4 0 127 97 03 25 10 15 43 2 56
4 0 127 97 03 25 10 15 43 3 256
4 0 127 97 03 25 10 15 43 4 55
4 0 127 97 03 25 10 15 43 5 255
4 0 127 97 03 25 10 15 43 6 55
4 0 126 97 03 25 10 15 43 7 254
4 0 126 97 03 25 10 15 43 8 54
4 0 125 97 03 25 10 15 43 9 253
4 0 125 97 03 25 10 15 43 10 53
4 0 125 97 03 25 10 15 43 11 252
4 0 125 97 03 25 10 15 43 12 52
4 0 125 97 03 25 10 15 43 13 651
4 0 125 97 03 25 10 15 43 14 451
4 0 125 97 03 25 10 15 43 15 250
4 0 125 97 03 25 10 15 43 16 51
4 0 125 97 03 25 10 15 43 17 250
4 0 125 97 03 25 10 15 43 19 248
4 0 125 97 03 25 10 15 43 20 48
4 0 125 97 03 25 10 15 43 21 148
4 0 125 97 03 25 10 15 43 21 947
4 0 124 97 03 25 10 15 43 23 147
4 0 124 97 03 25 10 15 43 23 946
4 0 124 97 03 25 10 15 43 25 45
4 0 124 97 03 25 10 15 43 26 645
4 0 124 97 03 25 10 15 43 27 344
4 0 123 97 03 25 10 15 43 28 144
4 0 124 97 03 25 10 15 43 29 243
4 0 124 97 03 25 10 15 43 31 142
4 0 124 97 03 25 10 15 43 31 942
4 0 124 97 03 25 10 15 43 33 41
4 0 124 97 03 25 10 15 43 35 40
4 0 123 97 03 25 10 15 43 36 239
4 0 123 97 03 25 10 15 43 37 39
4 0 123 97 03 25 10 15 43 38 238
4 0 123 97 03 25 10 15 43 40 136
4 0 123 97 03 25 10 15 43 40 936
4 0 123 97 03 25 10 15 43 42 135
4 0 123 97 03 25 10 15 43 42 934
4 0 123 97 03 25 10 15 43 44 133
4 0 122 97 03 25 10 15 43 45 233
4 0 122 97 03 25 10 15 43 46 32
4 0 121 97 03 25 10 15 43 47 231
4 0 121 97 03 25 10 15 43 49 230
4 0 121 97 03 25 10 15 43 50 29
4 0 122 97 03 25 10 15 43 51 229
4 0 122 97 03 25 10 15 43 53 227
4 0 121 97 03 25 10 15 43 54 27
4 0 121 97 03 25 10 15 43 55 226
4 0 121 97 03 25 10 15 43 56 25
4 0 121 97 03 25 10 15 43 57 225
4 0 121 97 03 25 10 15 43 58 24
4 0 121 97 03 25 10 15 43 59 223
4 0 121 97 03 25 10 15 44 0 23
4 0 121 97 03 25 10 15 44 1 222
4 0 121 97 03 25 10 15 44 2 21
4 0 121 97 03 25 10 15 44 4 21
4 0 120 97 03 25 10 15 44 5 220
4 0 120 97 03 25 10 15 44 6 20
4 0 120 97 03 25 10 15 44 7 619
4 0 120 97 03 25 10 15 44 8 19
4 0 119 97 03 25 10 15 44 9 219
4 0 119 97 03 25 10 15 44 10 18
4 0 118 97 03 25 10 15 44 11 218
4 0 117 97 03 25 10 15 44 12 18
4 0 116 97 03 25 10 15 44 13 217
4 0 115 97 03 25 10 15 44 14 17
4 0 114 97 03 25 10 15 44 15 217
4 0 112 97 03 25 10 15 44 16 16
4 0 111 97 03 25 10 15 44 17 216
4 0 109 97 03 25 10 15 44 18 15
4 0 107 97 03 25 10 15 44 19 215
4 0 103 97 03 25 10 15 44 21 214
4 0 102 97 03 25 10 15 44 22 14
4 0 100 97 03 25 10 15 44 23 213
4 0 98 97 03 25 10 15 44 24 13
4 0 96 97 03 25 10 15 44 25 114
4 0 94 97 03 25 10 15 44 25 912
4 0 92 97 03 25 10 15 44 27 112
4 0 91 97 03 25 10 15 44 27 912
4 0 89 97 01 25 10 15 44 29 11
4 0 88 97 01 25 10 15 44 30 211
4 0 87 97 01 25 10 15 44 31 311
4 0 86 97 03 25 10 15 44 32 110
4 0 85 97 03 25 10 15 44 32 910
4 0 84 97 03 25 10 15 44 34 9
4 0 84 97 03 25 10 15 44 35 109
4 0 85 97 03 25 10 15 44 35 908
4 0 85 97 03 25 10 15 44 37 8
4 0 86 97 03 25 10 15 44 39 307
4 0 86 97 03 25 10 15 44 40 106
4 0 86 97 03 25 10 15 44 41 205
4 0 87 97 03 25 10 15 44 42 5
4 0 86 97 03 25 10 15 44 43 204
4 0 86 97 03 25 10 15 44 44 4
4 0 86 97 03 25 10 15 44 45 603
4 0 85 97 03 25 10 15 44 46 2
4 0 85 97 03 25 10 15 44 47 101
4 0 85 97 03 25 10 15 44 47 901
4 0 85 97 03 25 10 15 44 49 100
4 0 86 97 03 25 10 15 44 49 900
4 0 86 97 03 25 10 15 44 51 99
4 0 87 97 03 25 10 15 44 51 899
4 0 87 97 03 25 10 15 44 52 998
4 0 87 97 03 25 10 15 44 54 197
4 0 87 97 03 25 10 15 44 54 997
4 0 87 97 03 25 10 15 44 56 196
4 0 87 97 03 25 10 15 44 56 995
4 0 87 97 03 25 10 15 44 58 195
4 0 87 97 03 25 10 15 44 58 994
4 0 87 97 03 25 10 15 45 0 193
4 0 87 97 03 25 10 15 45 0 993
4 0 87 97 03 25 10 15 45 2 192
4 0 86 97 03 25 10 15 45 2 992
4 0 86 97 03 25 10 15 45 4 191
4 0 86 97 03 25 10 15 45 4 990
4 0 86 97 03 25 10 15 45 6 190
4 0 86 97 03 25 10 15 45 6 989
4 0 86 97 03 25 10 15 45 8 188
4 0 86 97 03 25 10 15 45 8 988
4 0 86 97 03 25 10 15 45 10 187
4 0 86 97 03 25 10 15 45 10 987
4 0 86 97 03 25 10 15 45 12 186
4 0 86 97 03 25 10 15 45 12 986
4 0 86 97 03 25 10 15 45 14 585
4 0 86 97 03 25 10 15 45 14 985
4 0 86 97 03 25 10 15 45 16 184
4 0 86 97 03 25 10 15 45 16 983
4 0 85 97 03 25 10 15 45 18 183
4 0 85 97 03 25 10 15 45 18 982
4 0 85 97 03 25 10 15 45 20 182
4 0 85 97 03 25 10 15 45 20 981
4 0 85 97 03 25 10 15 45 22 181
4 0 85 97 03 25 10 15 45 22 980
4 0 85 97 03 25 10 15 45 24 180
4 0 85 97 03 25 10 15 45 26 178
4 0 83 97 03 25 10 15 45 30 76
4 0 83 97 03 25 10 15 45 32 74
4 0 83 97 03 25 10 15 45 32 874
4 0 83 97 03 25 10 15 45 33 973
4 0 82 97 03 25 10 15 45 35 872
4 0 83 97 03 25 10 15 45 36 972
4 0 83 97 03 25 10 15 45 38 170
4 0 83 97 03 25 10 15 45 39 270
4 0 83 97 03 25 10 15 45 40 69
4 0 83 97 03 25 10 15 45 40 869
4 0 83 97 03 25 10 15 45 41 969
4 0 83 97 03 25 10 15 45 43 68
4 0 83 97 03 25 10 15 45 43 868
4 0 83 97 03 25 10 15 45 45 67
4 0 83 97 03 25 10 15 45 45 866
4 0 83 97 03 25 10 15 45 47 66
4 0 83 97 03 25 10 15 45 47 865
4 0 84 97 03 25 10 15 45 48 965
4 0 84 97 03 25 10 15 45 50 164
4 0 84 97 03 25 10 15 45 50 964
4 0 85 97 03 25 10 15 45 52 163
4 0 85 97 03 25 10 15 45 52 963
4 0 85 97 03 25 10 15 45 54 162
4 0 84 97 03 25 10 15 45 55 261
4 0 84 97 03 25 10 15 45 56 61
4 0 84 97 03 25 10 15 45 56 860
4 0 84 97 03 25 10 15 45 58 59
4 0 84 97 03 25 10 15 45 58 859
4 0 84 97 03 25 10 15 46 0 857
4 0 84 97 03 25 10 15 46 1 957
4 0 84 97 03 25 10 15 46 3 156
4 0 84 97 01 25 10 15 46 3 956
4 0 84 97 01 25 10 15 46 5 155
4 0 84 97 01 25 10 15 46 5 955
4 0 85 97 01 25 10 15 46 7 154
4 0 87 97 01 25 10 15 46 7 953
4 0 87 97 01 25 10 15 46 9 153
4 0 87 97 01 25 10 15 46 9 952
4 0 86 97 01 25 10 15 46 11 152
4 0 86 97 01 25 10 15 46 11 951
4 0 85 97 03 25 10 15 46 13 151
4 0 84 97 03 25 10 15 46 15 150
4 0 84 97 03 25 10 15 46 15 949
4 0 84 97 03 25 10 15 46 17 149
4 0 83 97 03 25 10 15 46 17 948
4 0 83 97 03 25 10 15 46 19 148
4 0 84 97 03 25 10 15 46 19 948
4 0 84 97 03 25 10 15 46 21 147
4 0 86 97 03 25 10 15 46 22 346
4 0 86 97 03 25 10 15 46 23 946
4 0 86 97 03 25 10 15 46 25 145
4 0 86 97 03 25 10 15 46 25 945
4 0 86 97 03 25 10 15 46 27 144
4 0 86 97 03 25 10 15 46 27 944
4 0 86 97 03 25 10 15 46 29 543
4 0 86 97 03 25 10 15 46 29 943
4 0 85 97 03 25 10 15 46 31 942
4 0 85 97 03 25 10 15 46 33 141
4 0 85 97 03 25 10 15 46 33 940
4 0 85 97 03 25 10 15 46 35 139
4 0 85 97 03 25 10 15 46 35 939
4 0 84 97 03 25 10 15 46 37 138
4 0 84 97 03 25 10 15 46 37 937
4 0 84 97 03 25 10 15 46 39 136
4 0 84 97 03 25 10 15 46 39 936
4 0 83 97 03 25 10 15 46 41 135
4 0 83 97 03 25 10 15 46 41 934
4 0 83 97 03 25 10 15 46 43 34
4 0 83 97 03 25 10 15 46 44 233
4 0 83 97 03 25 10 15 46 45 332
4 0 82 97 03 25 10 15 46 46 132
4 0 82 97 03 25 10 15 46 47 231
4 0 82 97 03 25 10 15 46 48 30
4 0 82 97 03 25 10 15 46 49 130
4 0 81 97 03 25 10 15 46 50 329
4 0 81 97 03 25 10 15 46 51 29
4 0 81 97 03 25 10 15 46 52 228
4 0 80 97 03 25 10 15 46 53 328
4 0 80 97 03 25 10 15 46 56 126
4 0 80 97 03 25 10 15 46 56 926
4 0 80 97 03 25 10 15 46 58 125
4 0 80 97 03 25 10 15 46 59 224
4 0 79 97 03 25 10 15 47 0 24
4 0 79 97 03 25 10 15 47 1 223
4 0 79 97 03 25 10 15 47 2 22
4 0 78 97 03 25 10 15 47 3 222
4 0 78 97 03 25 10 15 47 4 21
4 0 80 97 03 25 10 15 47 5 220
4 0 80 97 03 25 10 15 47 6 19
4 0 79 97 03 25 10 15 47 7 218
4 0 79 97 03 25 10 15 47 8 17
4 0 79 97 03 25 10 15 47 9 217
