16.0 17.0 18.0 10:22:38
16.0 17.0 18.0 10:23:4
23.0 25.0 26.0 10:23:28
16.0 17.0 17.0 10:24:8
16.0 17.0 17.0 10:24:20
13.0 15.0 16.0 10:24:36
13.0 15.0 16.0 10:25:2
13.0 15.0 16.0 10:25:26
13.0 15.0 16.0 10:26:8
13.0 14.0 14.0 10:26:28
16.0 17.0 18.0 10:26:52
18.0 19.0 19.0 10:27:16
16.0 17.0 18.0 10:27:40
16.0 17.0 18.0 10:28:4
21.0 22.0 22.0 10:28:30
11.0 12.0 13.0 10:28:54
11.0 12.0 13.0 10:29:30
30.0 32.0 32.0 10:29:46
30.0 32.0 32.0 10:30:12
30.0 32.0 32.0 10:30:24
33.0 35.0 35.0 10:31:6
35.0 37.0 38.0 10:31:30
34.0 36.0 36.0 10:31:52
31.0 33.0 33.0 10:32:14
31.0 32.0 32.0 10:32:40
31.0 32.0 32.0 10:33:4
29.0 30.0 31.0 10:33:52
29.0 30.0 31.0 10:34:16
25.0 27.0 27.0 10:35:8
25.0 27.0 27.0 10:35:32
25.0 27.0 28.0 10:36:6
28.0 30.0 30.0 10:36:38
31.0 33.0 33.0 10:37:2
30.0 32.0 32.0 10:37:18
28.0 31.0 33.0 10:37:42
28.0 31.0 33.0 10:38:6
29.0 30.0 30.0 10:38:26
34.0 36.0 36.0 10:39:6
29.0 32.0 35.0 10:41:6
44.0 47.0 47.0 10:41:32
28.0 31.0 32.0 10:42:12
30.0 32.0 32.0 10:42:50
30.0 32.0 32.0 10:43:2
23.0 26.0 28.0 10:43:28
40.0 45.0 47.0 10:44:18
30.0 32.0 32.0 10:44:38
30.0 33.0 33.0 10:45:2
30.0 33.0 33.0 10:45:30
37.0 39.0 39.0 10:46:6
33.0 36.0 37.0 10:46:26
35.0 37.0 37.0 10:46:50
42.0 44.0 44.0 10:47:14
39.0 41.0 41.0 10:47:38
39.0 41.0 41.0 10:48:2
32.0 34.0 34.0 10:48:28
40.0 44.0 45.0 10:48:48
40.0 44.0 45.0 10:49:18
37.0 39.0 39.0 10:49:40
36.0 40.0 42.0 10:50:10
36.0 40.0 42.0 10:50:24
35.0 37.0 37.0 10:51:46
35.0 37.0 37.0 10:52:2
34.0 37.0 40.0 10:52:14
31.0 33.0 33.0 10:52:40
31.0 33.0 33.0 10:53:4
30.0 33.0 35.0 10:53:42
37.0 41.0 43.0 10:53:54
37.0 41.0 43.0 10:54:18
29.0 32.0 34.0 10:54:38
29.0 32.0 34.0 10:55:26
29.0 32.0 34.0 10:55:30
23.0 25.0 26.0 10:56:6
36.0 38.0 38.0 10:56:54
32.0 34.0 35.0 10:57:20
30.0 32.0 32.0 10:57:44
30.0 32.0 32.0 10:58:4
28.0 31.0 33.0 10:58:36
31.0 34.0 35.0 10:58:48
31.0 34.0 35.0 10:59:12
33.0 36.0 36.0 10:59:36
33.0 36.0 36.0 11:0:0
33.0 36.0 36.0 11:0:24
35.0 39.0 42.0 11:1:0
40.0 44.0 45.0 11:1:24
35.0 38.0 38.0 11:2:4
36.0 38.0 38.0 11:2:16
35.0 37.0 37.0 11:2:42
33.0 35.0 35.0 11:3:24
37.0 39.0 39.0 11:3:58
37.0 39.0 39.0 11:4:24
35.0 37.0 38.0 11:4:40
35.0 37.0 38.0 11:5:4
35.0 37.0 38.0 11:5:44
34.0 37.0 38.0 11:6:28
38.0 40.0 40.0 11:7:16
35.0 37.0 37.0 11:7:40
35.0 37.0 37.0 11:8:8
35.0 37.0 37.0 11:8:30
31.0 34.0 36.0 11:8:58
31.0 34.0 36.0 11:9:16
33.0 35.0 36.0 11:10:40
41.0 43.0 43.0 11:11:4
34.0 37.0 38.0 11:11:28
41.0 43.0 43.0 11:11:52
32.0 33.0 33.0 11:12:20
38.0 40.0 40.0 11:13:0
40.0 44.0 46.0 11:13:24
38.0 40.0 40.0 11:13:48
38.0 40.0 40.0 11:14:22
39.0 42.0 42.0 11:14:38
39.0 42.0 42.0 11:15:38
35.0 37.0 37.0 11:16:32
38.0 40.0 40.0 11:16:58
30.0 33.0 34.0 11:17:18
34.0 36.0 36.0 11:17:40
34.0 36.0 36.0 11:18:6
36.0 40.0 42.0 11:18:38
34.0 37.0 38.0 11:19:4
34.0 37.0 38.0 11:19:18
30.0 32.0 34.0 11:19:42
30.0 32.0 34.0 11:20:10
30.0 32.0 34.0 11:20:52
40.0 42.0 42.0 11:21:6
37.0 39.0 39.0 11:21:28
31.0 33.0 33.0 11:22:0
39.0 41.0 41.0 11:22:14
32.0 34.0 34.0 11:22:40
32.0 34.0 34.0 11:23:4
27.0 31.0 33.0 11:23:24
32.0 34.0 34.0 11:23:52
32.0 34.0 34.0 11:24:22
36.0 38.0 38.0 11:24:50
36.0 38.0 38.0 11:25:2
36.0 38.0 38.0 11:25:26
36.0 38.0 38.0 11:26:6
29.0 30.0 30.0 11:26:30
36.0 38.0 39.0 11:26:54
38.0 42.0 43.0 11:27:14
39.0 41.0 41.0 11:27:40
39.0 41.0 41.0 11:28:6
25.0 26.0 26.0 11:28:36
34.0 36.0 36.0 11:28:48
34.0 36.0 36.0 11:29:12
33.0 35.0 36.0 11:30:0
33.0 35.0 36.0 11:30:28
32.0 34.0 34.0 11:31:28
29.0 31.0 31.0 11:32:14
37.0 39.0 39.0 11:32:38
37.0 39.0 39.0 11:33:12
31.0 32.0 32.0 11:33:28
36.0 38.0 38.0 11:33:52
36.0 38.0 38.0 11:34:20
47.0 52.0 54.0 11:34:38
47.0 52.0 54.0 11:35:4
47.0 52.0 54.0 11:35:28
32.0 34.0 34.0 11:36:4
36.0 38.0 39.0 11:36:32
41.0 44.0 44.0 11:36:52
47.0 49.0 49.0 11:37:18
33.0 35.0 35.0 11:37:50
33.0 35.0 35.0 11:38:12
41.0 43.0 43.0 11:38:28
35.0 38.0 40.0 11:38:50
35.0 38.0 40.0 11:39:26
30.0 32.0 32.0 11:39:38
30.0 32.0 32.0 11:40:6
30.0 32.0 32.0 11:40:30
30.0 31.0 31.0 11:41:4
41.0 45.0 46.0 11:41:24
35.0 37.0 37.0 11:41:52
26.0 28.0 29.0 11:42:16
30.0 32.0 32.0 11:42:36
30.0 32.0 32.0 11:43:8
27.0 29.0 29.0 11:43:38
32.0 34.0 34.0 11:43:50
32.0 35.0 35.0 11:44:16
24.0 27.0 29.0 11:44:40
24.0 27.0 29.0 11:45:4
24.0 27.0 29.0 11:45:30
34.0 37.0 38.0 11:46:37
32.0 34.0 34.0 11:46:49
29.0 31.0 32.0 11:47:17
30.0 32.0 32.0 11:47:39
30.0 32.0 32.0 11:48:5
33.0 35.0 35.0 11:48:25
34.0 37.0 38.0 11:49:25
32.0 34.0 34.0 11:49:41
32.0 34.0 34.0 11:50:1
32.0 34.0 34.0 11:50:25
28.0 31.0 31.0 11:51:5
41.0 45.0 47.0 11:51:29
30.0 32.0 32.0 11:51:47
33.0 36.0 38.0 11:52:17
34.0 36.0 36.0 11:52:41
34.0 36.0 36.0 11:53:5
35.0 37.0 38.0 11:53:23
33.0 35.0 35.0 11:53:47
33.0 35.0 35.0 11:54:13
31.0 33.0 33.0 11:54:47
31.0 33.0 33.0 11:55:1
31.0 33.0 33.0 11:55:41
31.0 34.0 35.0 11:56:5
36.0 38.0 38.0 11:56:49
35.0 40.0 44.0 11:57:13
31.0 32.0 32.0 11:58:3
32.0 37.0 40.0 11:58:23
35.0 37.0 37.0 11:58:49
35.0 37.0 37.0 11:59:13
22.0 23.0 23.0 11:59:45
22.0 23.0 23.0 12:0:3
5.0 6.0 7.0 9:59:18
6.0 7.0 8.0 9:59:30
6.0 7.0 8.0 9:59:54
3.0 3.0 3.0 10:0:18
6.0 6.0 7.0 10:0:42
6.0 6.0 6.0 10:1:10
3.0 5.0 7.0 10:1:26
3.0 5.0 6.0 10:1:50
3.0 5.0 6.0 10:2:18
4.0 4.0 4.0 10:2:50
6.0 7.0 7.0 10:3:16
5.0 6.0 6.0 10:3:40
6.0 6.0 6.0 10:4:4
6.0 6.0 6.0 10:4:28
6.0 6.0 6.0 10:4:56
6.0 6.0 6.0 10:5:16
7.0 7.0 7.0 10:5:40
7.0 7.0 7.0 10:6:6
6.0 6.0 6.0 10:6:58
6.0 6.0 6.0 10:7:12
7.0 8.0 9.0 10:7:50
8.0 9.0 10.0 10:8:14
9.0 10.0 10.0 10:8:40
9.0 11.0 13.0 10:9:10
7.0 8.0 9.0 10:9:24
7.0 8.0 9.0 10:9:48
4.0 4.0 4.0 10:10:12
10.0 11.0 12.0 10:10:46
10.0 11.0 12.0 10:11:2
11.0 12.0 12.0 10:11:28
11.0 12.0 12.0 10:12:4
11.0 12.0 12.0 10:12:28
14.0 15.0 16.0 10:13:16
11.0 12.0 12.0 10:13:42
9.0 11.0 11.0 10:14:26
9.0 11.0 11.0 10:15:4
5.0 5.0 5.0 10:15:16
5.0 6.0 6.0 10:15:40
5.0 6.0 6.0 10:16:4
4.0 4.0 4.0 10:16:36
4.0 4.0 4.0 10:16:52
4.0 4.0 4.0 10:17:14
4.0 5.0 5.0 10:17:52
7.0 8.0 8.0 10:18:38
5.0 5.0 5.0 10:19:4
10.0 11.0 12.0 10:19:28
10.0 11.0 12.0 10:19:52
13.0 13.0 13.0 10:20:24
6.0 7.0 7.0 10:20:40
6.0 7.0 7.0 10:21:8
10.0 13.0 15.0 10:21:26
10.0 12.0 14.0 10:22:16
7.0 7.0 7.0 10:22:52
7.0 8.0 8.0 10:23:16
10.0 11.0 11.0 10:23:40
9.0 9.0 9.0 10:24:12
7.0 7.0 7.0 10:24:34
7.0 7.0 7.0 10:24:52
8.0 8.0 8.0 10:25:14
8.0 9.0 9.0 10:25:40
8.0 9.0 9.0 10:26:4
7.0 9.0 11.0 10:26:28
7.0 9.0 10.0 10:26:54
7.0 9.0 10.0 10:27:18
5.0 6.0 7.0 10:28:0
9.0 10.0 11.0 10:28:38
3.0 3.0 4.0 10:29:8
7.0 7.0 7.0 10:29:38
7.0 7.0 7.0 10:29:54
5.0 6.0 8.0 10:30:26
8.0 9.0 9.0 10:30:38
8.0 9.0 9.0 10:31:4
6.0 6.0 6.0 10:31:28
6.0 6.0 6.0 10:31:52
6.0 6.0 6.0 10:32:28
12.0 17.0 21.0 10:32:52
8.0 9.0 10.0 10:33:16
8.0 9.0 9.0 10:33:40
11.0 11.0 11.0 10:34:32
11.0 11.0 11.0 10:34:54
11.0 12.0 12.0 10:35:18
10.0 10.0 10.0 10:35:42
4.0 4.0 4.0 10:36:28
4.0 4.0 4.0 10:37:0
4.0 4.0 4.0 10:37:12
10.0 10.0 10.0 10:37:48
12.0 14.0 16.0 10:38:12
10.0 11.0 11.0 10:38:48
17.0 20.0 22.0 10:39:6
11.0 12.0 12.0 10:39:30
11.0 12.0 12.0 10:39:54
11.0 11.0 11.0 10:40:44
11.0 11.0 11.0 10:41:6
9.0 10.0 10.0 10:41:30
9.0 10.0 10.0 10:42:40
5.0 5.0 5.0 10:42:48
8.0 9.0 10.0 10:43:14
10.0 11.0 11.0 10:43:46
10.0 10.0 10.0 10:44:10
9.0 10.0 12.0 10:44:26
9.0 10.0 12.0 10:44:50
8.0 9.0 9.0 10:45:14
8.0 9.0 9.0 10:45:42
13.0 15.0 17.0 10:46:30
13.0 15.0 16.0 10:46:52
13.0 15.0 16.0 10:47:24
12.0 13.0 13.0 10:47:48
7.0 8.0 8.0 10:48:12
9.0 9.0 9.0 10:48:36
14.0 14.0 14.0 10:49:2
8.0 9.0 10.0 10:50:16
21.0 22.0 22.0 10:50:40
21.0 22.0 22.0 10:51:4
13.0 14.0 14.0 10:51:38
13.0 14.0 14.0 10:51:58
13.0 14.0 14.0 10:52:20
8.0 9.0 9.0 10:52:58
13.0 14.0 14.0 10:53:22
11.0 12.0 12.0 10:53:42
11.0 12.0 13.0 10:54:4
15.0 17.0 18.0 10:54:32
5.0 5.0 5.0 10:55:20
7.0 8.0 9.0 10:55:36
7.0 8.0 9.0 10:56:0
10.0 13.0 15.0 10:56:26
10.0 13.0 15.0 10:57:4
10.0 13.0 15.0 10:57:18
9.0 10.0 10.0 10:57:50
11.0 12.0 12.0 10:58:14
9.0 10.0 10.0 10:58:48
11.0 12.0 12.0 10:59:4
7.0 8.0 8.0 10:59:24
7.0 8.0 8.0 10:59:52
10.0 10.0 10.0 11:0:12
12.0 13.0 13.0 11:0:54
12.0 13.0 13.0 11:1:2
11.0 12.0 12.0 11:1:28
11.0 12.0 12.0 11:1:52
11.0 12.0 12.0 11:2:18
18.0 21.0 23.0 11:3:12
10.0 11.0 11.0 11:3:36
11.0 12.0 13.0 11:4:0
14.0 15.0 16.0 11:4:40
14.0 15.0 16.0 11:4:56
8.0 8.0 8.0 11:5:16
13.0 14.0 14.0 11:5:40
13.0 14.0 14.0 11:6:10
13.0 14.0 15.0 11:6:26
13.0 14.0 14.0 11:6:50
13.0 14.0 14.0 11:7:16
21.0 24.0 25.0 11:7:52
16.0 19.0 20.0 11:8:16
15.0 16.0 16.0 11:8:36
14.0 15.0 15.0 11:9:0
15.0 16.0 16.0 11:9:28
15.0 16.0 16.0 11:9:48
9.0 10.0 10.0 11:10:18
14.0 15.0 15.0 11:10:42
14.0 15.0 15.0 11:11:6
15.0 16.0 16.0 11:11:28
15.0 16.0 16.0 11:11:50
15.0 16.0 16.0 11:12:14
12.0 14.0 16.0 11:12:52
16.0 17.0 17.0 11:13:16
18.0 19.0 19.0 11:13:40
14.0 15.0 15.0 11:14:4
18.0 19.0 19.0 11:14:26
18.0 19.0 19.0 11:14:50
13.0 14.0 15.0 11:15:14
24.0 25.0 25.0 11:15:40
24.0 25.0 25.0 11:16:8
17.0 18.0 18.0 11:16:28
17.0 18.0 18.0 11:16:52
17.0 18.0 18.0 11:17:16
11.0 13.0 14.0 11:17:52
16.0 17.0 17.0 11:18:16
16.0 17.0 17.0 11:18:40
24.0 25.0 25.0 11:19:20
16.0 17.0 19.0 11:19:28
16.0 18.0 19.0 11:19:54
11.0 14.0 16.0 11:20:12
12.0 14.0 15.0 11:20:36
13.0 14.0 15.0 11:21:8
16.0 16.0 16.0 11:21:30
16.0 16.0 16.0 11:21:50
16.0 16.0 16.0 11:22:14
12.0 12.0 12.0 11:23:16
14.0 15.0 15.0 11:23:40
13.0 17.0 21.0 11:24:6
13.0 14.0 14.0 11:24:28
13.0 14.0 14.0 11:25:0
17.0 20.0 23.0 11:25:16
17.0 19.0 19.0 11:25:40
17.0 19.0 19.0 11:26:8
13.0 14.0 14.0 11:26:28
13.0 14.0 14.0 11:27:16
24.0 26.0 26.0 11:27:52
19.0 20.0 20.0 11:28:44
12.0 14.0 15.0 11:29:6
15.0 17.0 17.0 11:29:54
17.0 18.0 18.0 11:30:12
19.0 20.0 20.0 11:30:36
19.0 20.0 20.0 11:31:0
18.0 22.0 26.0 11:31:26
18.0 21.0 24.0 11:32:14
16.0 17.0 17.0 11:32:50
19.0 20.0 20.0 11:33:14
20.0 21.0 21.0 11:33:50
18.0 19.0 19.0 11:34:4
15.0 16.0 16.0 11:34:28
15.0 16.0 16.0 11:34:52
15.0 16.0 16.0 11:35:16
17.0 19.0 19.0 11:36:2
16.0 17.0 17.0 11:36:26
17.0 18.0 18.0 11:36:50
17.0 18.0 18.0 11:37:14
15.0 16.0 16.0 11:37:54
15.0 16.0 16.0 11:38:14
16.0 17.0 18.0 11:38:38
17.0 19.0 21.0 11:39:2
15.0 16.0 17.0 11:39:32
15.0 16.0 17.0 11:39:52
17.0 19.0 20.0 11:40:20
15.0 15.0 15.0 11:41:6
12.0 14.0 15.0 11:41:30
12.0 14.0 15.0 11:41:48
12.0 14.0 15.0 11:42:12
5.0 5.0 5.0 11:42:52
12.0 12.0 12.0 10:43:23
12.0 13.0 14.0 10:43:31
12.0 13.0 13.0 10:43:55
3.0 3.0 3.0 10:44:19
6.0 7.0 7.0 10:44:51
6.0 7.0 7.0 10:45:3
12.0 14.0 15.0 10:45:27
10.0 11.0 11.0 10:45:51
10.0 11.0 11.0 10:46:27
8.0 8.0 8.0 10:46:43
8.0 8.0 8.0 10:47:7
8.0 8.0 8.0 10:47:31
17.0 18.0 19.0 10:48:7
9.0 10.0 10.0 10:48:31
8.0 8.0 8.0 10:48:55
9.0 10.0 11.0 10:49:19
11.0 12.0 12.0 10:49:53
11.0 12.0 12.0 10:50:5
12.0 13.0 15.0 10:50:35
19.0 20.0 20.0 10:50:55
19.0 20.0 20.0 10:51:19
26.0 28.0 28.0 10:51:43
26.0 28.0 28.0 10:52:15
26.0 28.0 28.0 10:52:27
14.0 14.0 14.0 10:53:3
20.0 23.0 24.0 10:53:27
23.0 25.0 25.0 10:53:51
23.0 24.0 24.0 10:54:31
21.0 22.0 22.0 10:54:39
21.0 22.0 22.0 10:55:3
18.0 20.0 22.0 10:55:27
22.0 23.0 23.0 10:55:51
22.0 23.0 23.0 10:56:27
23.0 28.0 31.0 10:56:41
23.0 27.0 29.0 10:57:5
23.0 27.0 29.0 10:57:29
18.0 19.0 19.0 10:58:17
24.0 26.0 27.0 10:58:29
23.0 24.0 25.0 10:58:53
23.0 25.0 25.0 10:59:17
18.0 19.0 19.0 10:59:59
18.0 19.0 19.0 11:0:7
17.0 19.0 20.0 11:0:31
18.0 20.0 20.0 11:0:57
18.0 20.0 20.0 11:1:19
18.0 19.0 19.0 11:1:49
18.0 19.0 19.0 11:2:9
18.0 19.0 19.0 11:2:29
21.0 23.0 23.0 11:3:5
18.0 20.0 21.0 11:3:55
27.0 30.0 32.0 11:4:17
25.0 27.0 27.0 11:4:41
25.0 27.0 27.0 11:5:5
23.0 24.0 24.0 11:5:37
17.0 18.0 18.0 11:5:57
17.0 18.0 18.0 11:6:21
22.0 25.0 27.0 11:6:45
22.0 25.0 27.0 11:7:9
22.0 25.0 27.0 11:7:53
16.0 17.0 17.0 11:8:9
19.0 20.0 20.0 11:8:33
19.0 20.0 21.0 11:8:57
13.0 15.0 16.0 11:9:21
20.0 21.0 21.0 11:9:51
20.0 21.0 21.0 11:10:3
18.0 21.0 23.0 11:10:27
19.0 21.0 21.0 11:10:53
19.0 21.0 21.0 11:11:21
24.0 25.0 25.0 11:11:41
24.0 25.0 25.0 11:12:5
24.0 25.0 25.0 11:12:29
17.0 18.0 18.0 11:13:17
17.0 19.0 19.0 11:13:47
24.0 25.0 25.0 11:13:55
14.0 15.0 15.0 11:14:19
17.0 19.0 19.0 11:14:43
17.0 19.0 19.0 11:15:9
20.0 21.0 21.0 11:15:55
20.0 21.0 21.0 11:16:19
19.0 20.0 20.0 11:16:43
19.0 20.0 20.0 11:17:7
19.0 20.0 20.0 11:17:31
22.0 24.0 25.0 11:18:7
23.0 25.0 25.0 11:18:31
19.0 20.0 20.0 11:18:55
22.0 23.0 23.0 11:19:19
16.0 17.0 17.0 11:19:47
16.0 17.0 17.0 11:20:3
17.0 18.0 18.0 11:20:27
17.0 19.0 19.0 11:20:53
17.0 19.0 19.0 11:21:17
13.0 14.0 14.0 11:21:49
13.0 14.0 14.0 11:22:9
13.0 14.0 14.0 11:22:33
24.0 27.0 29.0 11:23:13
15.0 16.0 16.0 11:23:32
19.0 21.0 22.0 11:23:56
18.0 20.0 21.0 11:24:20
19.0 20.0 20.0 11:24:44
19.0 20.0 21.0 11:25:8
16.0 18.0 19.0 11:25:30
21.0 22.0 22.0 11:25:54
21.0 22.0 22.0 11:26:18
15.0 16.0 16.0 11:26:46
15.0 16.0 16.0 11:27:20
15.0 16.0 16.0 11:27:30
14.0 15.0 15.0 11:28:8
21.0 24.0 27.0 11:28:40
17.0 18.0 18.0 11:28:52
16.0 17.0 18.0 11:29:16
20.0 21.0 21.0 11:29:40
20.0 21.0 21.0 11:30:4
16.0 22.0 28.0 11:30:42
17.0 18.0 18.0 11:30:54
17.0 18.0 18.0 11:31:18
12.0 12.0 12.0 11:31:46
12.0 13.0 13.0 11:32:20
12.0 13.0 13.0 11:32:32
16.0 17.0 17.0 11:33:8
17.0 19.0 19.0 11:33:32
21.0 22.0 22.0 11:34:8
16.0 18.0 18.0 11:34:20
15.0 16.0 16.0 11:34:44
16.0 17.0 17.0 11:35:10
22.0 24.0 25.0 11:35:38
14.0 16.0 16.0 11:35:58
14.0 16.0 16.0 11:36:18
21.0 23.0 24.0 11:36:42
21.0 23.0 23.0 11:37:6
21.0 23.0 23.0 11:37:30
19.0 20.0 20.0 11:38:2
39.0 41.0 41.0 11:38:26
19.0 20.0 20.0 11:38:54
16.0 17.0 17.0 11:39:18
17.0 18.0 18.0 11:39:40
17.0 18.0 18.0 11:40:4
10.0 11.0 11.0 11:40:28
20.0 21.0 21.0 11:40:52
20.0 21.0 21.0 11:41:20
20.0 24.0 26.0 11:41:40
21.0 23.0 25.0 11:42:4
21.0 23.0 25.0 11:42:28
27.0 30.0 31.0 11:43:8
21.0 24.0 26.0 11:43:32
19.0 20.0 20.0 11:43:56
21.0 23.0 24.0 11:44:40
21.0 23.0 24.0 11:45:8
14.0 15.0 15.0 11:45:28
17.0 18.0 18.0 11:45:52
17.0 18.0 18.0 11:46:32
14.0 14.0 14.0 11:46:46
14.0 15.0 15.0 11:47:2
14.0 15.0 15.0 11:47:26
16.0 17.0 17.0 11:48:2
19.0 20.0 20.0 11:48:36
18.0 19.0 19.0 11:48:54
16.0 18.0 19.0 11:49:18
22.0 24.0 24.0 11:49:42
22.0 24.0 24.0 11:50:6
17.0 19.0 19.0 11:50:46
19.0 20.0 20.0 11:50:54
19.0 20.0 20.0 11:51:18
12.0 13.0 14.0 11:51:42
12.0 13.0 14.0 11:52:30
19.0 20.0 20.0 11:53:6
17.0 18.0 18.0 11:53:30
16.0 17.0 17.0 11:54:10
20.0 23.0 26.0 11:54:18
21.0 22.0 22.0 11:54:42
21.0 22.0 22.0 11:55:6
16.0 17.0 17.0 11:55:30
20.0 21.0 22.0 11:55:52
20.0 21.0 22.0 11:56:16
20.0 21.0 21.0 11:56:40
20.0 21.0 21.0 11:57:4
20.0 21.0 21.0 11:57:28
20.0 21.0 21.0 11:58:8
17.0 18.0 19.0 11:58:32
19.0 20.0 20.0 11:58:50
21.0 27.0 34.0 11:59:14
19.0 20.0 21.0 11:59:50
19.0 20.0 21.0 12:0:2
13.0 13.0 13.0 12:0:26
29.0 30.0 30.0 12:0:50
29.0 30.0 30.0 12:1:18
21.0 22.0 22.0 12:1:42
21.0 22.0 22.0 12:2:6
21.0 22.0 22.0 12:2:30
24.0 26.0 26.0 12:3:26
20.0 22.0 22.0 12:3:50
15.0 18.0 20.0 12:4:14
22.0 24.0 24.0 12:4:38
22.0 23.0 23.0 12:5:12
18.0 21.0 23.0 12:5:28
23.0 25.0 25.0 12:5:52
23.0 24.0 25.0 12:6:16
26.0 29.0 31.0 12:6:54
26.0 29.0 31.0 12:7:10
26.0 29.0 31.0 12:7:26
19.0 21.0 22.0 12:8:2
22.0 23.0 23.0 12:8:50
17.0 19.0 21.0 12:9:14
22.0 23.0 24.0 12:9:38
22.0 23.0 24.0 12:10:2
26.0 27.0 27.0 12:10:26
19.0 21.0 21.0 12:11:8
20.0 21.0 21.0 12:11:24
22.0 23.0 23.0 12:11:44
22.0 23.0 23.0 12:12:8
22.0 23.0 23.0 12:12:30
22.0 23.0 23.0 12:13:8
16.0 18.0 19.0 12:13:32
26.0 28.0 29.0 12:13:56
20.0 21.0 21.0 12:14:24
20.0 21.0 21.0 12:14:40
20.0 21.0 21.0 12:15:4
22.0 23.0 23.0 12:15:28
22.0 24.0 25.0 12:15:52
22.0 24.0 25.0 12:16:28
24.0 26.0 26.0 12:16:42
24.0 26.0 26.0 12:17:6
24.0 26.0 26.0 12:17:30
28.0 31.0 32.0 12:18:22
25.0 26.0 26.0 12:18:38
24.0 25.0 25.0 12:18:54
26.0 28.0 28.0 12:19:18
25.0 26.0 26.0 12:19:40
26.0 27.0 27.0 12:20:4
21.0 23.0 23.0 12:20:40
23.0 25.0 25.0 12:20:52
23.0 25.0 25.0 12:21:16
26.0 27.0 27.0 12:21:40
26.0 28.0 28.0 12:22:4
26.0 28.0 28.0 12:22:34
21.0 23.0 25.0 12:23:2
20.0 21.0 22.0 12:23:26
22.0 23.0 24.0 12:23:52
39.0 43.0 46.0 12:24:30
25.0 26.0 26.0 12:24:42
25.0 26.0 26.0 12:25:6
31.0 33.0 33.0 12:25:30
22.0 24.0 25.0 12:25:58
22.0 24.0 25.0 12:26:22
11.0 13.0 14.0 12:26:38
12.0 13.0 14.0 12:27:2
14.0 15.0 15.0 9:38:19
15.0 16.0 17.0 9:38:47
15.0 16.0 17.0 9:39:9
10.0 13.0 16.0 9:39:25
10.0 12.0 14.0 9:39:49
10.0 12.0 14.0 9:40:23
4.0 5.0 5.0 9:40:53
10.0 11.0 11.0 9:41:17
9.0 10.0 10.0 9:41:49
8.0 9.0 10.0 9:42:5
10.0 11.0 12.0 9:42:27
6.0 7.0 7.0 9:43:21
13.0 14.0 14.0 9:43:41
13.0 13.0 13.0 9:44:7
6.0 7.0 7.0 9:44:39
8.0 9.0 9.0 9:44:51
8.0 9.0 9.0 9:45:15
12.0 13.0 13.0 9:45:59
10.0 10.0 10.0 9:46:15
12.0 12.0 12.0 9:46:41
12.0 12.0 12.0 9:47:5
14.0 15.0 15.0 9:47:29
14.0 15.0 15.0 9:47:53
17.0 18.0 18.0 9:48:17
13.0 14.0 14.0 9:49:3
11.0 11.0 11.0 9:49:29
11.0 11.0 11.0 9:50:1
11.0 11.0 11.0 9:50:15
9.0 9.0 9.0 9:50:51
12.0 13.0 13.0 9:51:25
14.0 15.0 15.0 9:51:43
15.0 16.0 17.0 9:52:3
11.0 11.0 11.0 9:52:39
11.0 11.0 11.0 9:52:51
16.0 17.0 17.0 9:53:21
14.0 15.0 15.0 9:53:47
23.0 25.0 26.0 9:54:25
22.0 25.0 26.0 9:54:51
22.0 25.0 26.0 9:55:27
17.0 18.0 19.0 9:55:53
17.0 19.0 20.0 9:56:39
25.0 26.0 26.0 9:57:3
12.0 12.0 12.0 9:57:27
24.0 25.0 25.0 9:58:17
17.0 18.0 18.0 9:58:43
17.0 18.0 18.0 9:59:1
15.0 16.0 16.0 9:59:27
15.0 16.0 16.0 9:59:51
15.0 16.0 16.0 10:0:17
17.0 18.0 18.0 10:0:51
12.0 13.0 13.0 10:1:15
24.0 25.0 25.0 10:2:5
13.0 14.0 14.0 10:2:29
13.0 14.0 14.0 10:3:1
16.0 17.0 17.0 10:3:21
13.0 14.0 14.0 10:3:49
13.0 14.0 14.0 10:4:1
19.0 20.0 20.0 10:4:43
18.0 20.0 20.0 10:5:15
15.0 16.0 16.0 10:5:59
12.0 13.0 14.0 10:6:13
16.0 17.0 17.0 10:6:37
16.0 17.0 17.0 10:7:3
13.0 14.0 14.0 10:7:27
13.0 14.0 14.0 10:7:53
14.0 15.0 15.0 10:8:17
14.0 15.0 15.0 10:8:41
14.0 15.0 15.0 10:9:5
18.0 21.0 23.0 10:9:29
18.0 20.0 22.0 10:10:5
18.0 20.0 22.0 10:10:17
13.0 13.0 13.0 10:10:53
18.0 19.0 20.0 10:11:27
17.0 18.0 18.0 10:11:39
10.0 11.0 11.0 10:12:5
15.0 16.0 17.0 10:12:53
16.0 18.0 18.0 10:13:17
17.0 18.0 18.0 10:13:57
17.0 18.0 18.0 10:14:5
15.0 16.0 16.0 10:14:29
15.0 17.0 18.0 10:14:55
15.0 17.0 18.0 10:15:15
18.0 20.0 21.0 10:15:53
38.0 40.0 40.0 10:16:19
19.0 21.0 21.0 10:16:39
18.0 19.0 19.0 10:17:5
14.0 15.0 15.0 10:17:37
14.0 15.0 15.0 10:17:49
14.0 15.0 15.0 10:18:17
18.0 19.0 20.0 10:18:37
18.0 19.0 20.0 10:19:13
16.0 17.0 18.0 10:19:35
16.0 17.0 17.0 10:19:53
16.0 17.0 17.0 10:20:17
17.0 18.0 19.0 10:20:59
20.0 21.0 22.0 10:21:19
15.0 16.0 16.0 10:21:43
15.0 16.0 16.0 10:22:27
15.0 16.0 16.0 10:22:53
21.0 22.0 22.0 10:23:29
15.0 16.0 16.0 10:23:41
20.0 21.0 21.0 10:24:25
20.0 21.0 21.0 10:25:5
20.0 21.0 21.0 10:25:19
17.0 18.0 18.0 10:25:53
19.0 20.0 20.0 10:26:25
19.0 20.0 20.0 10:26:41
19.0 20.0 20.0 10:27:39
19.0 20.0 20.0 10:27:55
23.0 25.0 25.0 10:28:13
13.0 14.0 14.0 10:28:45
14.0 15.0 15.0 10:29:1
17.0 18.0 18.0 10:29:25
18.0 19.0 19.0 10:30:1
18.0 19.0 19.0 10:30:17
24.0 25.0 25.0 10:30:59
17.0 18.0 18.0 10:31:23
14.0 15.0 16.0 10:31:39
18.0 20.0 21.0 10:32:7
15.0 16.0 16.0 10:32:49
18.0 19.0 20.0 10:33:13
18.0 19.0 19.0 10:33:37
18.0 19.0 19.0 10:34:5
19.0 21.0 22.0 10:34:31
19.0 21.0 21.0 10:34:53
19.0 21.0 21.0 10:35:39
14.0 14.0 14.0 10:36:17
15.0 16.0 16.0 10:37:41
15.0 16.0 16.0 10:37:57
16.0 17.0 18.0 10:38:17
20.0 21.0 21.0 10:38:39
20.0 21.0 21.0 10:39:9
24.0 25.0 25.0 10:39:37
24.0 25.0 25.0 10:39:51
24.0 25.0 25.0 10:40:17
14.0 15.0 15.0 10:40:51
19.0 20.0 20.0 10:41:19
12.0 12.0 12.0 10:42:3
15.0 16.0 16.0 10:42:25
16.0 16.0 16.0 10:42:57
20.0 21.0 21.0 10:43:17
13.0 15.0 16.0 10:43:37
13.0 15.0 17.0 10:44:15
15.0 16.0 16.0 10:44:29
15.0 16.0 16.0 10:44:55
15.0 16.0 16.0 10:45:39
20.0 21.0 21.0 10:45:51
23.0 26.0 29.0 10:46:21
18.0 19.0 19.0 10:46:43
17.0 17.0 17.0 10:47:3
22.0 25.0 26.0 10:48:3
28.0 29.0 29.0 10:48:19
18.0 20.0 20.0 10:48:37
18.0 20.0 20.0 10:49:7
19.0 20.0 20.0 10:49:25
19.0 20.0 20.0 10:49:49
19.0 20.0 20.0 10:50:33
17.0 19.0 19.0 10:50:53
20.0 21.0 21.0 10:51:17
20.0 22.0 22.0 10:52:3
24.0 26.0 27.0 10:52:27
24.0 26.0 26.0 10:52:53
13.0 14.0 14.0 10:53:23
22.0 23.0 23.0 10:53:43
22.0 23.0 23.0 10:54:7
17.0 18.0 18.0 10:54:33
17.0 18.0 18.0 10:54:57
17.0 18.0 18.0 10:55:13
20.0 22.0 23.0 10:55:55
25.0 26.0 26.0 10:56:19
25.0 26.0 26.0 10:56:43
21.0 23.0 24.0 10:57:37
22.0 23.0 24.0 10:57:53
26.0 28.0 28.0 10:58:53
26.0 28.0 28.0 10:59:5
31.0 34.0 35.0 10:59:29
31.0 34.0 35.0 11:0:27
35.0 37.0 37.0 11:0:53
25.0 27.0 27.0 11:1:21
25.0 26.0 26.0 11:1:41
23.0 24.0 24.0 11:2:5
23.0 24.0 24.0 11:2:33
23.0 25.0 25.0 11:2:51
31.0 32.0 32.0 11:3:41
31.0 33.0 33.0 11:4:4
25.0 26.0 26.0 11:4:56
25.0 26.0 26.0 11:5:16
28.0 30.0 30.0 11:5:48
27.0 29.0 29.0 11:6:16
24.0 26.0 26.0 11:6:40
33.0 35.0 35.0 11:7:26
33.0 35.0 35.0 11:8:4
29.0 30.0 30.0 11:8:16
30.0 32.0 33.0 11:8:42
30.0 32.0 32.0 11:9:0
28.0 29.0 29.0 11:9:26
28.0 29.0 29.0 11:10:4
28.0 29.0 29.0 11:10:18
24.0 25.0 25.0 11:10:54
29.0 31.0 31.0 11:11:36
26.0 27.0 27.0 11:12:4
30.0 32.0 32.0 11:12:28
30.0 32.0 33.0 11:12:56
28.0 31.0 34.0 11:13:16
31.0 33.0 33.0 11:13:42
31.0 33.0 33.0 11:14:8
35.0 37.0 37.0 11:14:24
35.0 37.0 37.0 11:14:48
35.0 37.0 37.0 11:15:14
29.0 33.0 37.0 11:15:56
26.0 27.0 27.0 11:16:12
26.0 28.0 28.0 11:16:36
33.0 35.0 35.0 11:17:2
25.0 27.0 27.0 11:17:30
26.0 27.0 27.0 11:17:48
25.0 27.0 27.0 11:18:14
25.0 27.0 27.0 11:18:42
25.0 27.0 27.0 11:19:4
21.0 22.0 22.0 11:19:28
22.0 23.0 23.0 11:19:52
22.0 23.0 23.0 11:20:18
16.0 18.0 19.0 11:20:50