173.0 1030.0 0.01 0.0 10:22:38
354.0 1025.0 0.01 0.0 10:23:4
435.0 1305.0 0.01 0.0 10:23:28
527.0 1036.0 0.01 0.0 10:24:20
539.0 1087.0 0.01 0.0 10:24:36
546.0 1049.0 0.01 0.0 10:25:2
595.0 1091.0 0.01 0.0 10:25:26
590.0 956.0 0.01 0.0 10:26:8
579.0 931.0 0.01 0.0 10:26:28
564.0 910.0 0.01 0.0 10:26:52
592.0 947.0 0.01 0.0 10:27:16
595.0 992.0 0.01 0.0 10:27:40
511.0 1418.0 0.01 54.88 10:28:4
277.0 1151.0 0.01 0.0 10:28:30
157.0 891.0 0.01 0.0 10:28:54
92.0 771.0 0.01 0.0 10:29:30
13.0 641.0 0.01 0.0 10:29:46
0.0 704.0 0.01 0.0 10:30:12
0.0 599.0 0.01 0.0 10:30:24
10.0 691.0 0.01 0.0 10:31:6
17.0 718.0 0.01 0.0 10:31:30
16.0 634.0 0.01 0.0 10:31:52
9.0 726.0 0.01 0.0 10:32:14
5.0 606.0 0.01 0.0 10:32:40
7.0 634.0 0.01 0.0 10:33:4
2.0 739.0 0.01 0.0 10:33:28
4.0 543.0 0.01 0.0 10:33:52
12.0 650.0 0.01 0.0 10:35:0
24.0 628.0 0.01 0.0 10:35:8
27.0 656.0 0.01 0.0 10:35:32
6.0 617.0 0.01 0.0 10:36:6
0.0 652.0 0.01 0.0 10:36:38
0.0 605.0 0.01 0.0 10:37:2
12.0 625.0 0.01 0.0 10:37:18
138.0 728.0 0.01 0.0 10:37:42
232.0 713.0 0.01 0.0 10:38:6
219.0 671.0 0.01 0.0 10:38:26
383.0 667.0 0.01 0.0 10:39:16
344.0 641.0 0.01 0.0 10:41:2
377.0 667.0 0.01 0.0 10:41:6
357.0 634.0 0.01 0.0 10:41:32
352.0 606.0 0.01 0.0 10:42:12
252.0 670.0 0.01 0.0 10:42:50
178.0 666.0 0.01 0.0 10:43:2
122.0 621.0 0.01 0.0 10:43:28
86.0 596.0 0.01 0.0 10:43:58
66.0 642.0 0.01 0.0 10:44:18
63.0 536.0 0.01 0.0 10:44:38
35.0 623.0 0.01 0.0 10:45:2
31.0 733.0 0.01 0.0 10:45:30
30.0 559.0 0.01 0.0 10:46:6
16.0 649.0 0.01 54.88 10:46:26
27.0 569.0 0.01 0.0 10:46:50
11.0 650.0 0.01 0.0 10:47:14
0.0 603.0 0.01 0.0 10:47:38
0.0 737.0 0.01 0.0 10:48:2
33.0 905.0 0.01 0.0 10:48:48
158.0 933.0 0.01 0.0 10:49:18
312.0 1072.0 0.01 0.0 10:49:40
363.0 917.0 0.01 0.0 10:50:10
187.0 724.0 0.01 0.0 10:51:6
213.0 652.0 0.01 0.0 10:52:2
219.0 642.0 0.01 0.0 10:52:14
250.0 652.0 0.01 0.0 10:52:40
307.0 632.0 0.01 0.0 10:53:4
312.0 668.0 0.01 0.0 10:53:42
337.0 604.0 0.01 0.0 10:53:54
160.0 660.0 0.01 0.0 10:54:18
102.0 618.0 0.01 0.0 10:54:38
24.0 684.0 0.01 0.0 10:55:30
6.0 676.0 0.01 0.0 10:56:6
0.0 719.0 0.01 0.0 10:56:46
0.0 700.0 0.01 0.0 10:56:54
0.0 528.0 0.01 0.0 10:57:20
0.0 637.0 0.01 0.0 10:57:44
32.0 622.0 0.01 0.0 10:58:4
19.0 615.0 0.01 0.0 10:58:36
14.0 784.0 0.01 0.0 10:58:48
5.0 557.0 0.01 0.0 10:59:12
0.0 628.0 0.01 0.0 10:59:36
0.0 612.0 0.01 0.0 11:0:0
1.0 632.0 0.01 0.0 11:0:24
24.0 680.0 0.01 0.0 11:1:0
27.0 863.0 0.01 0.0 11:1:24
88.0 874.0 0.01 0.0 11:2:4
155.0 732.0 0.01 0.0 11:2:16
125.0 616.0 0.01 0.0 11:2:42
72.0 668.0 0.01 0.0 11:3:0
59.0 617.0 0.01 0.0 11:3:24
279.0 611.0 0.01 0.0 11:4:24
292.0 651.0 0.01 0.0 11:4:40
254.0 625.0 0.01 0.0 11:5:4
389.0 641.0 0.01 0.0 11:5:44
161.0 748.0 0.01 0.0 11:7:0
86.0 690.0 0.01 0.0 11:7:16
58.0 648.0 0.01 0.0 11:7:40
50.0 655.0 0.01 0.0 11:8:8
4.0 629.0 0.01 0.0 11:9:16
5.0 602.0 0.01 54.88 11:10:10
2.0 707.0 0.01 0.0 11:10:40
12.0 703.0 0.01 0.0 11:11:28
4.0 635.0 0.01 54.88 11:11:52
17.0 681.0 0.01 0.0 11:12:20
17.0 714.0 0.01 0.0 11:12:56
1.0 682.0 0.01 0.0 11:13:0
0.0 715.0 0.01 0.0 11:13:24
124.0 693.0 0.01 0.0 11:14:38
217.0 679.0 0.01 0.0 11:15:8
90.0 698.0 0.01 0.0 11:16:32
65.0 505.0 0.01 0.0 11:17:18
66.0 658.0 0.01 0.0 11:17:40
68.0 658.0 0.01 0.0 11:18:6
114.0 645.0 0.01 0.0 11:19:4
117.0 641.0 0.01 0.0 11:19:18
182.0 667.0 0.01 0.0 11:19:42
147.0 686.0 0.01 0.0 11:20:10
92.0 631.0 0.01 0.0 11:20:52
49.0 582.0 0.01 0.0 11:21:6
53.0 663.0 0.01 0.0 11:21:28
29.0 622.0 0.01 0.0 11:22:0
2.0 636.0 0.01 0.0 11:22:14
0.0 551.0 0.01 0.0 11:22:40
0.0 531.0 0.01 0.0 11:23:4
4.0 606.0 0.01 0.0 11:23:24
2.0 707.0 0.01 0.0 11:23:52
15.0 657.0 0.01 0.0 11:24:22
33.0 589.0 0.01 0.0 11:24:50
20.0 672.0 0.01 0.0 11:25:2
16.0 628.0 0.01 0.0 11:25:26
20.0 687.0 0.01 0.0 11:26:6
37.0 588.0 0.01 0.0 11:26:30
47.0 632.0 0.01 0.0 11:26:54
142.0 623.0 0.01 0.0 11:27:14
213.0 619.0 0.01 0.0 11:27:40
171.0 612.0 0.01 0.0 11:28:6
77.0 575.0 0.01 0.0 11:28:48
46.0 613.0 0.01 0.0 11:29:12
46.0 683.0 0.01 0.0 11:30:0
97.0 653.0 0.01 0.0 11:30:28
105.0 686.0 0.01 0.0 11:31:4
58.0 606.0 0.01 0.0 11:31:28
36.0 695.0 0.01 0.0 11:31:52
20.0 584.0 0.01 0.0 11:32:14
31.0 568.0 0.01 0.0 11:32:38
33.0 673.0 0.01 0.0 11:33:12
47.0 628.0 0.01 0.0 11:33:28
91.0 857.0 0.01 0.0 11:33:52
212.0 948.0 0.01 0.0 11:34:20
161.0 796.0 0.01 0.0 11:34:38
109.0 847.0 0.01 0.0 11:35:4
91.0 772.0 0.01 0.0 11:35:28
71.0 680.0 0.01 0.0 11:36:4
155.0 670.0 0.01 0.0 11:36:32
241.0 726.0 0.01 0.0 11:36:52
297.0 725.0 0.01 0.0 11:37:18
361.0 701.0 0.01 0.0 11:37:50
366.0 707.0 0.01 0.0 11:38:12
502.0 640.0 0.01 0.0 11:38:28
500.0 572.0 0.01 54.88 11:38:50
223.0 564.0 0.01 0.0 11:39:26
125.0 635.0 0.01 0.0 11:39:38
96.0 584.0 0.01 0.0 11:40:6
76.0 649.0 0.01 0.0 11:40:30
53.0 663.0 0.01 54.88 11:41:4
38.0 604.0 0.01 0.0 11:41:24
29.0 700.0 0.01 0.0 11:41:52
22.0 640.0 0.01 0.0 11:42:36
6.0 672.0 0.01 0.0 11:43:8
11.0 671.0 0.01 0.0 11:43:38
21.0 630.0 0.01 0.0 11:43:50
26.0 557.0 0.01 0.0 11:44:16
9.0 669.0 0.01 0.0 11:44:40
17.0 619.0 0.01 0.0 11:45:4
28.0 649.0 0.01 0.0 11:45:30
38.0 602.0 0.01 0.0 11:46:11
9.0 645.0 0.01 0.0 11:46:49
3.0 571.0 0.01 0.0 11:47:17
2.0 619.0 0.01 0.0 11:47:39
0.0 647.0 0.01 0.0 11:48:5
18.0 717.0 0.01 0.0 11:48:25
2.0 573.0 0.01 0.0 11:48:57
1.0 595.0 0.01 0.0 11:49:25
5.0 683.0 0.01 0.0 11:49:41
4.0 643.0 0.01 0.0 11:50:1
12.0 663.0 0.01 0.0 11:50:25
10.0 741.0 0.01 0.0 11:51:5
4.0 591.0 0.01 0.0 11:51:29
3.0 541.0 0.01 0.0 11:51:47
7.0 675.0 0.01 0.0 11:52:17
23.0 618.0 0.01 0.0 11:52:41
107.0 755.0 0.01 0.0 11:53:5
182.0 781.0 0.01 0.0 11:53:23
199.0 704.0 0.01 0.0 11:53:47
192.0 691.0 0.01 0.0 11:54:13
369.0 696.0 0.01 0.0 11:54:47
691.0 666.0 0.01 0.0 11:55:41
605.0 675.0 0.01 0.0 11:56:5
439.0 631.0 0.01 0.0 11:56:41
349.0 638.0 0.01 0.0 11:56:49
240.0 660.0 0.01 0.0 11:57:13
339.0 764.0 0.01 0.0 11:57:39
299.0 736.0 0.01 0.0 11:58:3
259.0 814.0 0.01 0.0 11:58:23
219.0 731.0 0.01 0.0 11:58:49
185.0 700.0 0.01 0.0 11:59:13
207.0 738.0 0.01 0.0 11:59:45
242.0 804.0 0.01 0.0 12:0:3
544.0 936.0 0.01 0.0 9:59:18
506.0 889.0 0.01 0.0 9:59:30
608.0 897.0 0.01 0.0 9:59:54
658.0 911.0 0.01 0.0 10:0:18
668.0 894.0 0.01 0.0 10:0:42
660.0 903.0 0.01 0.0 10:1:10
655.0 906.0 0.01 0.0 10:1:26
646.0 913.0 0.01 0.0 10:1:50
644.0 901.0 0.01 0.0 10:2:18
628.0 896.0 0.01 0.0 10:2:50
612.0 897.0 0.01 0.0 10:3:16
595.0 875.0 0.01 0.0 10:3:40
592.0 883.0 0.01 0.0 10:4:4
597.0 869.0 0.01 0.0 10:4:28
591.0 880.0 0.01 0.0 10:4:56
440.0 900.0 0.01 0.0 10:5:16
316.0 904.0 0.01 0.0 10:5:40
217.0 819.0 0.01 0.0 10:6:6
161.0 747.0 0.01 0.0 10:6:50
29.0 717.0 0.01 0.0 10:6:58
1.0 613.0 0.01 0.0 10:7:12
0.0 590.0 0.01 0.0 10:7:50
1.0 633.0 0.01 0.0 10:8:14
1.0 635.0 0.01 0.0 10:8:40
5.0 620.0 0.01 0.0 10:9:10
5.0 530.0 0.01 0.0 10:9:24
3.0 662.0 0.01 0.0 10:9:48
5.0 697.0 0.01 0.0 10:10:12
10.0 575.0 0.01 0.0 10:10:46
5.0 688.0 0.01 0.0 10:11:2
3.0 616.0 0.01 0.0 10:11:28
5.0 598.0 0.01 0.0 10:12:4
8.0 688.0 0.01 0.0 10:12:28
4.0 635.0 0.01 0.0 10:13:16
14.0 587.0 0.01 0.0 10:13:42
16.0 614.0 0.01 0.0 10:14:10
25.0 591.0 0.01 0.0 10:14:26
20.0 664.0 0.01 0.0 10:15:4
9.0 627.0 0.01 0.0 10:15:16
62.0 600.0 0.01 0.0 10:15:40
109.0 622.0 0.01 0.0 10:16:4
147.0 608.0 0.01 0.0 10:16:36
186.0 647.0 0.01 0.0 10:16:52
212.0 643.0 0.01 0.0 10:17:14
215.0 632.0 0.01 0.0 10:17:52
1993.0 607.0 0.01 0.0 10:18:34
1530.0 614.0 0.01 0.0 10:18:38
423.0 654.0 0.01 0.0 10:19:4
507.0 627.0 0.01 0.0 10:19:28
377.0 629.0 0.01 0.0 10:19:52
265.0 627.0 0.01 0.0 10:20:24
325.0 626.0 0.01 0.0 10:20:40
334.0 661.0 0.01 0.0 10:21:8
242.0 659.0 0.01 0.0 10:21:26
157.0 609.0 0.01 0.0 10:22:4
111.0 655.0 0.01 0.0 10:22:16
100.0 627.0 0.01 0.0 10:22:52
113.0 609.0 0.01 0.0 10:23:16
87.0 586.0 0.01 0.0 10:23:40
53.0 635.0 0.01 0.0 10:24:12
43.0 641.0 0.01 0.0 10:24:34
58.0 652.0 0.01 0.0 10:24:52
42.0 617.0 0.01 0.0 10:25:14
20.0 587.0 0.01 0.0 10:25:40
8.0 645.0 0.01 0.0 10:26:4
2.0 618.0 0.01 0.0 10:26:28
0.0 633.0 0.01 0.0 10:26:54
0.0 639.0 0.01 0.0 10:27:18
41.0 641.0 0.01 0.0 10:28:20
120.0 605.0 0.01 0.0 10:28:38
185.0 643.0 0.01 0.0 10:29:8
227.0 631.0 0.01 0.0 10:29:38
231.0 661.0 0.01 0.0 10:29:54
218.0 612.0 0.01 0.0 10:30:26
183.0 626.0 0.01 0.0 10:30:38
152.0 623.0 0.01 0.0 10:31:4
123.0 626.0 0.01 0.0 10:31:28
78.0 622.0 0.01 0.0 10:31:52
62.0 609.0 0.01 0.0 10:32:28
72.0 617.0 0.01 0.0 10:32:52
87.0 579.0 0.01 0.0 10:33:16
68.0 585.0 0.01 0.0 10:33:40
42.0 537.0 0.01 0.0 10:34:6
22.0 553.0 0.01 0.0 10:34:32
29.0 557.0 0.01 0.0 10:34:54
9.0 646.0 0.01 0.0 10:35:18
0.0 669.0 0.01 0.0 10:35:42
4.0 656.0 0.01 0.0 10:36:8
5.0 572.0 0.01 0.0 10:36:28
6.0 702.0 0.01 0.0 10:37:12
12.0 692.0 0.01 0.0 10:37:48
25.0 665.0 0.01 0.0 10:38:12
22.0 649.0 0.01 0.0 10:39:6
20.0 651.0 0.01 0.0 10:39:30
17.0 647.0 0.01 0.0 10:39:54
14.0 650.0 0.01 0.0 10:41:6
38.0 624.0 0.01 0.0 10:41:30
84.0 631.0 0.01 0.0 10:42:40
86.0 633.0 0.01 0.0 10:42:48
126.0 639.0 0.01 0.0 10:43:14
177.0 599.0 0.01 0.0 10:43:46
192.0 598.0 0.01 0.0 10:44:10
188.0 590.0 0.01 0.0 10:44:26
180.0 626.0 0.01 0.0 10:44:50
611.0 651.0 0.01 0.0 10:45:14
645.0 613.0 0.01 0.0 10:45:42
245.0 630.0 0.01 0.0 10:46:10
230.0 615.0 0.01 0.0 10:46:30
201.0 614.0 0.01 0.0 10:46:52
173.0 605.0 0.01 0.0 10:47:24
77.0 574.0 0.01 0.0 10:47:48
59.0 654.0 0.01 0.0 10:48:12
55.0 618.0 0.01 0.0 10:48:36
7.0 650.0 0.01 0.0 10:49:2
0.0 532.0 0.01 0.0 10:49:40
0.0 762.0 0.01 0.0 10:49:54
16.0 631.0 0.01 0.0 10:50:16
43.0 629.0 0.01 0.0 10:50:40
15.0 661.0 0.01 0.0 10:51:4
0.0 574.0 0.01 0.0 10:51:38
0.0 643.0 0.01 0.0 10:51:58
3.0 650.0 0.01 0.0 10:52:20
13.0 699.0 0.01 0.0 10:52:58
23.0 645.0 0.01 0.0 10:53:22
31.0 626.0 0.01 0.0 10:53:42
21.0 637.0 0.01 0.0 10:54:4
7.0 651.0 0.01 0.0 10:54:32
8.0 627.0 0.01 0.0 10:55:20
68.0 631.0 0.01 0.0 10:55:36
112.0 649.0 0.01 0.0 10:56:0
86.0 614.0 0.01 0.0 10:56:26
82.0 634.0 0.01 0.0 10:57:4
145.0 614.0 0.01 0.0 10:57:18
97.0 638.0 0.01 0.0 10:57:50
63.0 597.0 0.01 0.0 10:58:14
136.0 614.0 0.01 0.0 10:59:4
191.0 596.0 0.01 0.0 10:59:24
237.0 641.0 0.01 0.0 10:59:52
225.0 635.0 0.01 0.0 11:0:12
167.0 543.0 0.01 0.0 11:0:54
104.0 602.0 0.01 0.0 11:1:2
85.0 587.0 0.01 0.0 11:1:28
99.0 628.0 0.01 0.0 11:1:52
100.0 587.0 0.01 0.0 11:2:18
96.0 618.0 0.01 0.0 11:2:56
92.0 650.0 0.01 0.0 11:3:12
65.0 773.0 0.01 0.0 11:3:36
21.0 652.0 0.01 0.0 11:4:0
7.0 630.0 0.01 0.0 11:4:40
3.0 675.0 0.01 0.0 11:4:56
3.0 659.0 0.01 0.0 11:5:16
18.0 617.0 0.01 0.0 11:6:10
9.0 654.0 0.01 0.0 11:6:26
6.0 566.0 0.01 0.0 11:6:50
6.0 664.0 0.01 0.0 11:7:16
37.0 661.0 0.01 0.0 11:8:16
77.0 650.0 0.01 0.0 11:8:36
45.0 623.0 0.01 0.0 11:9:0
32.0 698.0 0.01 0.0 11:9:28
11.0 614.0 0.01 0.0 11:10:18
2.0 641.0 0.01 0.0 11:10:42
8.0 688.0 0.01 0.0 11:11:6
2.0 696.0 0.01 0.0 11:12:14
1.0 656.0 0.01 0.0 11:12:52
5.0 691.0 0.01 0.0 11:13:16
13.0 634.0 0.01 0.0 11:13:40
11.0 633.0 0.01 0.0 11:14:4
42.0 650.0 0.01 0.0 11:14:26
96.0 670.0 0.01 0.0 11:14:50
130.0 649.0 0.01 0.0 11:15:14
106.0 613.0 0.01 0.0 11:15:40
78.0 669.0 0.01 0.0 11:16:8
41.0 636.0 0.01 0.0 11:16:28
27.0 632.0 0.01 0.0 11:16:52
34.0 652.0 0.01 0.0 11:17:16
70.0 661.0 0.01 0.0 11:17:52
207.0 657.0 0.01 0.0 11:18:16
309.0 651.0 0.01 0.0 11:18:40
290.0 637.0 0.01 0.0 11:19:28
243.0 662.0 0.01 0.0 11:19:54
175.0 637.0 0.01 0.0 11:20:12
148.0 758.0 0.01 0.0 11:20:36
131.0 646.0 0.01 0.0 11:21:8
106.0 620.0 0.01 0.0 11:21:30
85.0 634.0 0.01 0.0 11:21:50
84.0 639.0 0.01 0.0 11:22:14
87.0 585.0 0.01 0.0 11:23:16
81.0 630.0 0.01 0.0 11:23:40
59.0 658.0 0.01 0.0 11:24:6
68.0 641.0 0.01 0.0 11:24:28
112.0 652.0 0.01 0.0 11:25:0
93.0 670.0 0.01 0.0 11:25:16
58.0 776.0 0.01 0.0 11:25:40
38.0 729.0 0.01 0.0 11:26:8
31.0 667.0 0.01 0.0 11:26:28
42.0 683.0 0.01 0.0 11:26:56
109.0 713.0 0.01 0.0 11:27:16
118.0 656.0 0.01 0.0 11:27:52
96.0 622.0 0.01 0.0 11:28:32
95.0 604.0 0.01 0.0 11:28:44
73.0 721.0 0.01 0.0 11:29:6
49.0 607.0 0.01 0.0 11:29:26
34.0 660.0 0.01 0.0 11:29:54
22.0 677.0 0.01 0.0 11:30:12
19.0 661.0 0.01 0.0 11:30:36
50.0 806.0 0.01 0.0 11:31:0
23.0 635.0 0.01 0.0 11:31:26
0.0 701.0 0.01 0.0 11:32:10
6.0 726.0 0.01 0.0 11:32:14
8.0 689.0 0.01 0.0 11:32:50
2.0 738.0 0.01 0.0 11:33:14
0.0 581.0 0.01 0.0 11:33:50
10.0 682.0 0.01 0.0 11:34:4
8.0 554.0 0.01 0.0 11:34:28
3.0 741.0 0.01 0.0 11:34:52
8.0 643.0 0.01 0.0 11:35:16
30.0 657.0 0.01 0.0 11:36:2
50.0 639.0 0.01 0.0 11:36:26
75.0 664.0 0.01 0.0 11:36:50
119.0 638.0 0.01 0.0 11:37:14
182.0 634.0 0.01 0.0 11:37:54
192.0 616.0 0.01 0.0 11:38:14
189.0 644.0 0.01 0.0 11:38:38
191.0 605.0 0.01 0.0 11:39:2
181.0 639.0 0.01 0.0 11:39:32
192.0 607.0 0.01 0.0 11:39:52
208.0 619.0 0.01 0.0 11:40:20
277.0 628.0 0.01 0.0 11:40:42
294.0 666.0 0.01 0.0 11:41:6
298.0 625.0 0.01 0.0 11:41:30
243.0 641.0 0.01 0.0 11:41:48
283.0 692.0 0.01 0.0 11:42:12
339.0 717.0 0.01 0.0 11:42:52
850.0 847.0 0.01 0.0 10:43:31
923.0 831.0 0.01 0.0 10:43:55
987.0 836.0 0.01 0.0 10:44:19
990.0 853.0 0.01 0.0 10:44:51
1013.0 894.0 0.01 0.0 10:45:3
1032.0 909.0 0.01 0.0 10:45:27
1010.0 904.0 0.01 0.0 10:45:51
995.0 904.0 0.01 0.0 10:46:27
999.0 911.0 0.01 0.0 10:46:43
985.0 895.0 0.01 0.0 10:47:7
986.0 901.0 0.01 0.0 10:47:31
959.0 913.0 0.01 0.0 10:48:7
939.0 894.0 0.01 0.0 10:48:31
857.0 886.0 0.01 0.0 10:48:55
194.0 834.0 0.01 0.0 10:49:53
133.0 726.0 0.01 0.0 10:50:5
60.0 690.0 0.01 0.0 10:50:35
0.0 631.0 0.01 0.0 10:50:55
0.0 651.0 0.01 0.0 10:51:19
0.0 570.0 0.01 0.0 10:51:43
1.0 599.0 0.01 0.0 10:52:15
1.0 616.0 0.01 0.0 10:52:27
2.0 700.0 0.01 0.0 10:53:3
6.0 703.0 0.01 0.0 10:53:27
4.0 589.0 0.01 0.0 10:53:51
34.0 556.0 0.01 0.0 10:54:31
5.0 659.0 0.01 0.0 10:54:39
1.0 663.0 0.01 0.0 10:55:3
2.0 648.0 0.01 0.0 10:55:27
3.0 593.0 0.01 0.0 10:55:51
16.0 630.0 0.01 0.0 10:56:27
43.0 608.0 0.01 0.0 10:56:41
36.0 629.0 0.01 0.0 10:57:5
7.0 603.0 0.01 0.0 10:57:29
1.0 567.0 0.01 0.0 10:58:17
4.0 595.0 0.01 0.0 10:58:29
65.0 609.0 0.01 0.0 10:58:53
380.0 623.0 0.01 0.0 10:59:17
608.0 637.0 0.01 0.0 11:0:7
728.0 599.0 0.01 0.0 11:0:31
647.0 576.0 0.01 0.0 11:0:57
557.0 632.0 0.01 0.0 11:1:19
696.0 619.0 0.01 0.0 11:1:49
792.0 622.0 0.01 0.0 11:2:9
778.0 621.0 0.01 0.0 11:2:29
746.0 590.0 0.01 0.0 11:3:5
801.0 628.0 0.01 0.0 11:3:51
579.0 618.0 0.01 0.0 11:3:55
550.0 596.0 0.01 0.0 11:4:17
395.0 566.0 0.01 0.0 11:4:41
309.0 597.0 0.01 0.0 11:5:5
237.0 577.0 0.01 0.0 11:5:37
235.0 596.0 0.01 0.0 11:5:57
211.0 621.0 0.01 0.0 11:6:21
224.0 575.0 0.01 0.0 11:6:45
220.0 585.0 0.01 0.0 11:7:9
168.0 628.0 0.01 0.0 11:7:53
151.0 590.0 0.01 0.0 11:8:9
220.0 623.0 0.01 0.0 11:8:33
274.0 655.0 0.01 0.0 11:8:57
347.0 615.0 0.01 0.0 11:9:21
178.0 524.0 0.01 0.0 11:9:51
94.0 623.0 0.01 0.0 11:10:3
46.0 611.0 0.01 0.0 11:10:27
23.0 608.0 0.01 0.0 11:10:53
45.0 564.0 0.01 0.0 11:11:21
179.0 615.0 0.01 0.0 11:11:41
386.0 611.0 0.01 0.0 11:12:5
411.0 579.0 0.01 0.0 11:12:29
273.0 612.0 0.01 0.0 11:13:17
240.0 588.0 0.01 0.0 11:13:55
142.0 579.0 0.01 0.0 11:14:19
150.0 596.0 0.01 0.0 11:14:43
212.0 589.0 0.01 0.0 11:15:9
266.0 594.0 0.01 0.0 11:15:51
287.0 587.0 0.01 0.0 11:15:55
271.0 594.0 0.01 0.0 11:16:19
207.0 586.0 0.01 0.0 11:16:43
217.0 579.0 0.01 0.0 11:17:7
179.0 599.0 0.01 0.0 11:17:31
137.0 561.0 0.01 0.0 11:18:7
114.0 561.0 0.01 0.0 11:18:31
89.0 602.0 0.01 0.0 11:18:55
125.0 610.0 0.01 0.0 11:19:19
198.0 592.0 0.01 0.0 11:19:47
139.0 576.0 0.01 0.0 11:20:3
84.0 579.0 0.01 0.0 11:20:27
88.0 598.0 0.01 0.0 11:20:53
53.0 616.0 0.01 0.0 11:21:17
28.0 594.0 0.01 0.0 11:21:49
57.0 596.0 0.01 0.0 11:22:9
17.0 638.0 0.01 0.0 11:22:33
4.0 577.0 0.01 0.0 11:23:13
42.0 627.0 0.01 0.0 11:23:32
119.0 621.0 0.01 0.0 11:23:56
140.0 610.0 0.01 0.0 11:24:20
107.0 561.0 0.01 0.0 11:24:44
183.0 648.0 0.01 0.0 11:25:30
222.0 588.0 0.01 0.0 11:25:54
278.0 611.0 0.01 0.0 11:26:18
488.0 616.0 0.01 0.0 11:26:46
352.0 611.0 0.01 0.0 11:27:30
447.0 617.0 0.01 0.0 11:28:8
432.0 602.0 0.01 0.0 11:28:40
381.0 591.0 0.01 0.0 11:28:52
356.0 599.0 0.01 0.0 11:29:16
389.0 605.0 0.01 0.0 11:29:40
523.0 616.0 0.01 0.0 11:30:4
540.0 580.0 0.01 0.0 11:30:42
361.0 582.0 0.01 0.0 11:30:54
263.0 626.0 0.01 0.0 11:31:18
94.0 547.0 0.01 0.0 11:31:46
15.0 659.0 0.01 0.0 11:32:20
32.0 722.0 0.01 0.0 11:32:32
92.0 582.0 0.01 0.0 11:33:8
82.0 588.0 0.01 0.0 11:33:32
61.0 594.0 0.01 0.0 11:34:8
30.0 570.0 0.01 0.0 11:34:20
4.0 574.0 0.01 0.0 11:34:44
0.0 542.0 0.01 0.0 11:35:10
0.0 627.0 0.01 0.0 11:35:38
8.0 540.0 0.01 0.0 11:35:58
20.0 599.0 0.01 0.0 11:36:18
10.0 664.0 0.01 0.0 11:36:42
2.0 598.0 0.01 0.0 11:37:6
17.0 587.0 0.01 0.0 11:37:30
17.0 672.0 0.01 0.0 11:38:2
18.0 587.0 0.01 0.0 11:38:26
29.0 713.0 0.01 0.0 11:38:54
2.0 600.0 0.01 0.0 11:39:18
13.0 580.0 0.01 0.0 11:39:40
102.0 637.0 0.01 0.0 11:40:4
119.0 618.0 0.01 0.0 11:40:28
62.0 656.0 0.01 0.0 11:40:52
65.0 605.0 0.01 0.0 11:41:20
112.0 594.0 0.01 0.0 11:41:40
185.0 623.0 0.01 0.0 11:42:4
218.0 624.0 0.01 0.0 11:42:28
182.0 585.0 0.01 0.0 11:43:8
111.0 645.0 0.01 0.0 11:43:32
88.0 599.0 0.01 0.0 11:43:56
113.0 591.0 0.01 0.0 11:44:36
352.0 598.0 0.01 0.0 11:44:40
361.0 631.0 0.01 0.0 11:45:8
198.0 591.0 0.01 0.0 11:45:28
95.0 576.0 0.01 0.0 11:45:52
4.0 554.0 0.01 0.0 11:46:46
0.0 631.0 0.01 0.0 11:47:2
3.0 635.0 0.01 0.0 11:47:26
9.0 602.0 0.01 0.0 11:48:2
17.0 588.0 0.01 0.0 11:48:36
0.0 626.0 0.01 0.0 11:48:54
0.0 706.0 0.01 0.0 11:49:18
1.0 591.0 0.01 0.0 11:49:42
26.0 637.0 0.01 0.0 11:50:6
61.0 556.0 0.01 0.0 11:50:54
80.0 581.0 0.01 0.0 11:51:18
59.0 543.0 0.01 0.0 11:51:42
30.0 617.0 0.01 0.0 11:52:26
6.0 639.0 0.01 0.0 11:52:30
0.0 617.0 0.01 0.0 11:53:6
0.0 565.0 0.01 0.0 11:53:30
8.0 621.0 0.01 0.0 11:54:10
31.0 678.0 0.01 0.0 11:54:18
92.0 536.0 0.01 0.0 11:54:42
86.0 537.0 0.01 0.0 11:55:6
75.0 628.0 0.01 0.0 11:55:30
75.0 613.0 0.01 0.0 11:55:52
44.0 617.0 0.01 0.0 11:56:16
44.0 623.0 0.01 0.0 11:56:40
48.0 603.0 0.01 0.0 11:57:4
54.0 641.0 0.01 0.0 11:57:28
64.0 618.0 0.01 0.0 11:58:8
40.0 626.0 0.01 0.0 11:58:32
56.0 655.0 0.01 0.0 11:58:50
231.0 603.0 0.01 0.0 11:59:14
390.0 571.0 0.01 0.0 11:59:50
206.0 602.0 0.01 0.0 12:0:2
282.0 598.0 0.01 0.0 12:0:26
192.0 580.0 0.01 0.0 12:0:50
110.0 597.0 0.01 0.0 12:1:18
99.0 570.0 0.01 0.0 12:1:42
101.0 611.0 0.01 0.0 12:2:6
78.0 568.0 0.01 0.0 12:2:30
102.0 590.0 0.01 0.0 12:3:20
189.0 580.0 0.01 0.0 12:3:26
314.0 579.0 0.01 0.0 12:3:50
501.0 608.0 0.01 0.0 12:4:14
404.0 588.0 0.01 0.0 12:4:38
216.0 571.0 0.01 0.0 12:5:12
124.0 599.0 0.01 0.0 12:5:28
76.0 556.0 0.01 0.0 12:5:52
61.0 546.0 0.01 0.0 12:6:16
39.0 603.0 0.01 0.0 12:7:10
32.0 649.0 0.01 0.0 12:7:26
16.0 598.0 0.01 0.0 12:8:2
8.0 576.0 0.01 0.0 12:8:34
21.0 599.0 0.01 0.0 12:8:50
71.0 529.0 0.01 0.0 12:9:14
41.0 587.0 0.01 0.0 12:9:38
27.0 631.0 0.01 0.0 12:10:2
15.0 600.0 0.01 0.0 12:10:26
15.0 625.0 0.01 0.0 12:11:8
32.0 625.0 0.01 0.0 12:11:24
66.0 585.0 0.01 0.0 12:11:44
88.0 602.0 0.01 0.0 12:12:8
69.0 661.0 0.01 0.0 12:12:30
31.0 585.0 0.01 0.0 12:13:8
15.0 602.0 0.01 0.0 12:13:32
7.0 675.0 0.01 0.0 12:13:56
0.0 616.0 0.01 0.0 12:14:40
8.0 611.0 0.01 0.0 12:15:4
30.0 593.0 0.01 0.0 12:15:28
50.0 672.0 0.01 0.0 12:15:52
54.0 636.0 0.01 0.0 12:16:28
32.0 540.0 0.01 0.0 12:16:42
0.0 728.0 0.01 0.0 12:17:6
2.0 695.0 0.01 0.0 12:17:30
1.0 540.0 0.01 0.0 12:18:38
22.0 643.0 0.01 0.0 12:18:54
63.0 661.0 0.01 0.0 12:19:18
62.0 584.0 0.01 0.0 12:19:40
357.0 615.0 0.01 0.0 12:20:4
588.0 622.0 0.01 0.0 12:20:40
614.0 599.0 0.01 0.0 12:20:52
735.0 634.0 0.01 0.0 12:21:16
869.0 584.0 0.01 0.0 12:21:40
1013.0 583.0 0.01 0.0 12:22:4
1159.0 618.0 0.01 0.0 12:22:34
1091.0 636.0 0.01 0.0 12:23:2
1132.0 653.0 0.01 0.0 12:23:26
1004.0 641.0 0.01 0.0 12:23:52
1182.0 645.0 0.01 0.0 12:24:30
948.0 599.0 0.01 0.0 12:24:42
877.0 623.0 0.01 0.0 12:25:6
899.0 629.0 0.01 0.0 12:25:30
573.0 570.0 0.01 0.0 12:25:58
436.0 616.0 0.01 0.0 12:26:22
462.0 672.0 0.01 0.0 12:26:38
498.0 735.0 0.01 0.0 12:27:2
460.0 1045.0 0.01 0.0 9:38:19
570.0 1059.0 0.01 0.0 9:38:47
644.0 1089.0 0.01 0.0 9:39:9
683.0 1108.0 0.01 0.0 9:39:25
661.0 1120.0 0.01 0.0 9:40:23
644.0 1124.0 0.01 0.0 9:40:53
600.0 1092.0 0.01 0.0 9:41:17
595.0 1108.0 0.01 0.0 9:41:49
600.0 1163.0 0.01 0.0 9:42:5
592.0 1129.0 0.01 0.0 9:42:27
597.0 1170.0 0.01 0.0 9:43:17
604.0 1158.0 0.01 0.0 9:43:21
604.0 1118.0 0.01 0.0 9:43:41
631.0 1180.0 0.01 0.0 9:44:7
552.0 1161.0 0.01 0.0 9:44:39
371.0 1239.0 0.01 0.0 9:44:51
293.0 1290.0 0.01 0.0 9:45:15
137.0 960.0 0.01 0.0 9:45:59
17.0 851.0 0.01 0.0 9:46:15
0.0 775.0 0.01 0.0 9:46:41
0.0 675.0 0.01 0.0 9:47:5
0.0 669.0 0.01 0.0 9:47:29
2.0 665.0 0.01 0.0 9:47:53
2.0 646.0 0.01 0.0 9:48:17
8.0 608.0 0.01 0.0 9:48:43
9.0 654.0 0.01 0.0 9:49:3
6.0 590.0 0.01 0.0 9:49:29
5.0 640.0 0.01 0.0 9:50:1
11.0 615.0 0.01 0.0 9:50:15
4.0 652.0 0.01 0.0 9:50:51
2.0 625.0 0.01 0.0 9:51:25
72.0 588.0 0.01 0.0 9:52:3
49.0 632.0 0.01 0.0 9:52:39
21.0 699.0 0.01 0.0 9:52:51
1.0 618.0 0.01 0.0 9:53:47
0.0 673.0 0.01 0.0 9:54:13
1.0 657.0 0.01 0.0 9:54:25
5.0 605.0 0.01 0.0 9:54:51
98.0 650.0 0.01 0.0 9:55:27
284.0 664.0 0.01 0.0 9:55:53
252.0 622.0 0.01 0.0 9:56:29
321.0 659.0 0.01 0.0 9:56:39
443.0 666.0 0.01 0.0 9:57:3
536.0 666.0 0.01 0.0 9:57:27
563.0 659.0 0.01 0.0 9:58:17
570.0 635.0 0.01 0.0 9:58:43
583.0 660.0 0.01 0.0 9:59:1
594.0 693.0 0.01 0.0 9:59:27
606.0 663.0 0.01 0.0 9:59:51
616.0 684.0 0.01 0.0 10:0:17
346.0 618.0 0.01 0.0 10:0:51
135.0 645.0 0.01 0.0 10:1:15
102.0 552.0 0.01 0.0 10:1:41
67.0 616.0 0.01 0.0 10:2:5
48.0 668.0 0.01 0.0 10:2:29
34.0 688.0 0.01 0.0 10:3:1
14.0 660.0 0.01 0.0 10:3:21
4.0 671.0 0.01 0.0 10:4:1
2.0 624.0 0.01 0.0 10:4:43
0.0 611.0 0.01 0.0 10:4:55
1.0 638.0 0.01 0.0 10:5:15
0.0 647.0 0.01 0.0 10:5:59
11.0 698.0 0.01 0.0 10:6:13
29.0 649.0 0.01 0.0 10:6:37
117.0 671.0 0.01 0.0 10:7:3
291.0 658.0 0.01 0.0 10:7:27
463.0 666.0 0.01 0.0 10:7:53
524.0 618.0 0.01 0.0 10:8:17
503.0 656.0 0.01 0.0 10:8:41
410.0 648.0 0.01 0.0 10:9:5
481.0 626.0 0.01 0.0 10:9:29
357.0 638.0 0.01 0.0 10:10:5
177.0 641.0 0.01 0.0 10:10:17
175.0 646.0 0.01 0.0 10:10:53
117.0 646.0 0.01 0.0 10:11:27
73.0 637.0 0.01 0.0 10:11:39
59.0 628.0 0.01 0.0 10:12:5
88.0 681.0 0.01 0.0 10:12:37
79.0 691.0 0.01 0.0 10:12:53
45.0 635.0 0.01 0.0 10:13:17
33.0 632.0 0.01 0.0 10:13:57
42.0 658.0 0.01 0.0 10:14:5
29.0 572.0 0.01 0.0 10:14:29
23.0 673.0 0.01 0.0 10:14:55
6.0 632.0 0.01 0.0 10:15:15
0.0 633.0 0.01 0.0 10:15:53
0.0 604.0 0.01 0.0 10:16:19
67.0 639.0 0.01 0.0 10:16:39
194.0 661.0 0.01 0.0 10:17:5
410.0 637.0 0.01 0.0 10:17:49
160.0 658.0 0.01 0.0 10:18:17
52.0 556.0 0.01 0.0 10:19:13
18.0 670.0 0.01 0.0 10:19:35
25.0 674.0 0.01 0.0 10:19:53
7.0 695.0 0.01 0.0 10:20:17
2.0 656.0 0.01 0.0 10:20:59
3.0 638.0 0.01 0.0 10:21:19
3.0 629.0 0.01 0.0 10:21:43
174.0 627.0 0.01 0.0 10:22:23
364.0 605.0 0.01 0.0 10:22:27
482.0 641.0 0.01 0.0 10:22:53
520.0 650.0 0.01 0.0 10:23:29
494.0 624.0 0.01 0.0 10:23:41
518.0 657.0 0.01 0.0 10:24:7
507.0 615.0 0.01 0.0 10:24:25
543.0 664.0 0.01 0.0 10:25:19
539.0 622.0 0.01 0.0 10:25:53
450.0 609.0 0.01 0.0 10:26:25
576.0 603.0 0.01 0.0 10:26:41
522.0 613.0 0.01 0.0 10:27:7
206.0 639.0 0.01 0.0 10:27:39
103.0 642.0 0.01 0.0 10:27:55
84.0 651.0 0.01 0.0 10:28:13
95.0 664.0 0.01 0.0 10:28:45
82.0 663.0 0.01 0.0 10:29:1
101.0 685.0 0.01 0.0 10:29:25
55.0 686.0 0.01 0.0 10:30:1
21.0 674.0 0.01 0.0 10:30:17
2.0 675.0 0.01 0.0 10:31:39
7.0 658.0 0.01 0.0 10:32:7
3.0 713.0 0.01 0.0 10:32:45
16.0 675.0 0.01 0.0 10:32:49
24.0 616.0 0.01 0.0 10:33:13
14.0 626.0 0.01 0.0 10:33:37
5.0 684.0 0.01 0.0 10:34:5
0.0 725.0 0.01 0.0 10:34:53
14.0 692.0 0.01 0.0 10:35:39
2.0 644.0 0.01 0.0 10:36:17
126.0 667.0 0.01 0.0 10:37:57
328.0 640.0 0.01 0.0 10:38:39
329.0 644.0 0.01 0.0 10:39:9
325.0 631.0 0.01 0.0 10:39:37
196.0 652.0 0.01 0.0 10:39:51
119.0 666.0 0.01 0.0 10:40:17
79.0 597.0 0.01 0.0 10:40:51
70.0 625.0 0.01 0.0 10:41:19
62.0 650.0 0.01 0.0 10:41:45
50.0 578.0 0.01 0.0 10:42:3
140.0 610.0 0.01 0.0 10:42:25
151.0 669.0 0.01 0.0 10:42:57
44.0 657.0 0.01 0.0 10:43:17
7.0 677.0 0.01 0.0 10:43:37
0.0 785.0 0.01 0.0 10:44:15
0.0 654.0 0.01 0.0 10:44:29
2.0 757.0 0.01 0.0 10:44:55
14.0 699.0 0.01 0.0 10:45:39
14.0 658.0 0.01 0.0 10:45:51
32.0 744.0 0.01 0.0 10:46:21
15.0 631.0 0.01 0.0 10:46:43
14.0 686.0 0.01 0.0 10:47:3
13.0 640.0 0.01 0.0 10:47:35
290.0 713.0 0.01 0.0 10:48:19
114.0 724.0 0.01 0.0 10:49:7
63.0 681.0 0.01 0.0 10:49:25
49.0 726.0 0.01 0.0 10:49:49
75.0 652.0 0.01 0.0 10:50:33
627.0 604.0 0.01 0.0 10:50:53
151.0 730.0 0.01 0.0 10:51:17
71.0 610.0 0.01 0.0 10:52:3
64.0 702.0 0.01 0.0 10:52:27
55.0 726.0 0.01 0.0 10:52:53
40.0 676.0 0.01 0.0 10:53:23
7.0 663.0 0.01 0.0 10:53:43
19.0 688.0 0.01 0.0 10:54:7
162.0 669.0 0.01 0.0 10:54:33
389.0 808.0 0.01 0.0 10:54:57
540.0 792.0 0.01 0.0 10:55:13
562.0 707.0 0.01 0.0 10:55:55
493.0 704.0 0.01 0.0 10:56:19
518.0 700.0 0.01 0.0 10:56:43
555.0 677.0 0.01 0.0 10:57:7
569.0 714.0 0.01 0.0 10:57:37
600.0 684.0 0.01 0.0 10:57:53
580.0 681.0 0.01 0.0 10:58:49
583.0 684.0 0.01 0.0 10:58:53
620.0 709.0 0.01 0.0 10:59:5
620.0 683.0 0.01 0.0 10:59:29
204.0 609.0 0.01 0.0 11:0:27
142.0 635.0 0.01 0.0 11:0:53
100.0 697.0 0.01 0.0 11:1:21
82.0 627.0 0.01 0.0 11:1:41
66.0 678.0 0.01 0.0 11:2:5
77.0 706.0 0.01 0.0 11:2:51
75.0 808.0 0.01 0.0 11:3:15
94.0 685.0 0.01 0.0 11:3:41
89.0 758.0 0.01 0.0 11:4:4
54.0 732.0 0.01 0.0 11:5:16
37.0 680.0 0.01 0.0 11:5:48
57.0 643.0 0.01 0.0 11:6:16
51.0 744.0 0.01 0.0 11:6:40
42.0 689.0 0.01 0.0 11:7:4
56.0 697.0 0.01 0.0 11:7:26
60.0 716.0 0.01 0.0 11:8:4
30.0 539.0 0.01 0.0 11:8:16
12.0 766.0 0.01 0.0 11:8:42
7.0 715.0 0.01 0.0 11:9:0
11.0 706.0 0.01 0.0 11:10:4
5.0 780.0 0.01 0.0 11:10:18
6.0 778.0 0.01 0.0 11:10:54
10.0 719.0 0.01 0.0 11:11:30
20.0 740.0 0.01 0.0 11:11:36
30.0 785.0 0.01 0.0 11:12:4
32.0 741.0 0.01 0.0 11:12:56
38.0 701.0 0.01 0.0 11:13:16
30.0 722.0 0.01 0.0 11:13:42
89.0 763.0 0.01 0.0 11:14:8
151.0 723.0 0.01 0.0 11:14:24
214.0 743.0 0.01 0.0 11:14:48
323.0 721.0 0.01 0.0 11:15:14
367.0 739.0 0.01 0.0 11:15:56
435.0 724.0 0.01 0.0 11:16:12
409.0 730.0 0.01 0.0 11:16:36
509.0 724.0 0.01 0.0 11:17:30
556.0 700.0 0.01 0.0 11:17:48
583.0 711.0 0.01 0.0 11:18:14
618.0 707.0 0.01 0.0 11:18:42
671.0 680.0 0.01 0.0 11:19:4
339.0 708.0 0.01 0.0 11:19:28
181.0 738.0 0.01 0.0 11:19:52
172.0 730.0 0.01 0.0 11:20:18
194.0 748.0 0.01 0.0 11:20:50