4.0 5.0 5.0 14:39:31
5.0 6.0 6.0 14:40:7
6.0 6.0 6.0 14:40:31
5.0 6.0 6.0 14:40:55
4.0 6.0 9.0 14:41:19
5.0 5.0 6.0 14:41:51
5.0 5.0 6.0 14:42:7
7.0 8.0 8.0 14:42:31
3.0 4.0 4.0 14:42:55
3.0 4.0 4.0 14:43:19
2.0 2.0 2.0 14:43:45
2.0 2.0 2.0 14:44:9
2.0 2.0 2.0 14:44:33
4.0 4.0 5.0 14:45:11
4.0 4.0 4.0 14:45:31
16.0 17.0 17.0 14:45:57
17.0 18.0 18.0 14:46:27
21.0 23.0 23.0 14:46:43
21.0 23.0 23.0 14:47:7
23.0 25.0 26.0 14:47:33
24.0 25.0 25.0 14:48:3
24.0 25.0 25.0 14:48:31
23.0 24.0 24.0 14:48:43
23.0 25.0 25.0 14:49:7
23.0 25.0 25.0 14:49:33
31.0 33.0 33.0 14:50:13
25.0 27.0 27.0 14:50:33
25.0 27.0 27.0 14:50:57
17.0 18.0 18.0 14:51:21
24.0 27.0 28.0 14:51:45
19.0 21.0 22.0 14:52:31
23.0 26.0 26.0 14:52:55
23.0 26.0 26.0 14:53:19
21.0 22.0 22.0 14:53:43
21.0 23.0 25.0 14:54:7
21.0 23.0 25.0 14:54:39
20.0 21.0 21.0 14:55:33
23.0 24.0 24.0 14:55:53
22.0 24.0 25.0 14:56:41
23.0 24.0 25.0 14:57:5
21.0 24.0 26.0 14:57:29
20.0 22.0 22.0 14:58:21
28.0 32.0 34.0 14:58:45
28.0 31.0 33.0 14:59:9
28.0 31.0 33.0 14:59:45
22.0 24.0 25.0 15:0:9
26.0 27.0 27.0 15:0:39
24.0 25.0 26.0 15:0:59
24.0 26.0 27.0 15:1:43
24.0 26.0 27.0 15:2:7
21.0 23.0 24.0 15:2:31
33.0 35.0 35.0 15:2:55
19.0 20.0 20.0 15:3:41
19.0 21.0 21.0 15:4:7
19.0 21.0 21.0 15:4:31
18.0 19.0 19.0 15:5:5
31.0 33.0 33.0 15:5:29
20.0 21.0 21.0 15:5:57
26.0 28.0 28.0 15:6:17
20.0 21.0 21.0 15:6:41
23.0 25.0 25.0 15:7:29
26.0 28.0 29.0 15:7:53
26.0 28.0 29.0 15:8:17
17.0 19.0 20.0 15:8:45
17.0 19.0 19.0 15:9:21
17.0 19.0 19.0 15:9:33
18.0 20.0 20.0 15:10:7
20.0 21.0 21.0 15:10:31
14.0 14.0 14.0 15:11:23
25.0 27.0 27.0 15:11:43
25.0 27.0 27.0 15:12:7
18.0 19.0 19.0 15:12:31
22.0 23.0 23.0 15:12:59
22.0 23.0 23.0 15:13:19
29.0 31.0 31.0 15:13:43
29.0 31.0 31.0 15:14:7
29.0 31.0 31.0 15:14:33
16.0 17.0 17.0 15:15:13
18.0 19.0 20.0 15:15:29
23.0 24.0 24.0 15:15:55
24.0 27.0 28.0 15:16:21
20.0 22.0 22.0 15:16:53
20.0 22.0 22.0 15:17:9
27.0 28.0 28.0 15:17:33
21.0 22.0 22.0 15:17:57
21.0 23.0 23.0 15:18:21
21.0 22.0 22.0 15:18:55
21.0 23.0 23.0 15:19:7
21.0 23.0 23.0 15:19:31
27.0 29.0 30.0 15:20:9
20.0 23.0 24.0 15:20:39
24.0 26.0 26.0 15:21:7
19.0 20.0 20.0 15:21:23
30.0 31.0 31.0 15:21:49
30.0 31.0 31.0 15:22:5
23.0 25.0 25.0 15:22:37
20.0 21.0 21.0 15:22:57
20.0 21.0 21.0 15:23:21
23.0 25.0 25.0 15:24:1
23.0 25.0 25.0 15:24:11
23.0 25.0 25.0 15:24:29
22.0 23.0 23.0 15:25:5
20.0 21.0 21.0 15:25:45
22.0 24.0 24.0 15:25:53
20.0 22.0 23.0 15:26:25
21.0 23.0 24.0 15:26:45
23.0 24.0 24.0 15:27:31
19.0 20.0 20.0 15:27:59
19.0 20.0 20.0 15:28:23
24.0 25.0 25.0 15:28:41
24.0 25.0 25.0 15:29:17
24.0 25.0 25.0 15:29:33
26.0 28.0 30.0 15:30:5
19.0 20.0 20.0 15:30:31
30.0 33.0 35.0 15:31:23
25.0 26.0 26.0 15:31:43
25.0 26.0 26.0 15:32:7
14.0 15.0 15.0 15:32:47
26.0 28.0 28.0 15:33:1
26.0 28.0 28.0 15:33:19
19.0 20.0 20.0 15:33:43
19.0 20.0 20.0 15:34:39
28.0 30.0 30.0 15:35:9
21.0 23.0 24.0 15:35:35
25.0 26.0 26.0 15:36:41
25.0 26.0 26.0 15:37:23
15.0 16.0 16.0 15:37:33
19.0 21.0 21.0 15:38:1
19.0 21.0 21.0 15:38:29
16.0 17.0 17.0 15:38:47
16.0 17.0 17.0 15:39:7
16.0 17.0 17.0 15:39:35
15.0 18.0 19.0 15:40:15
20.0 22.0 22.0 15:40:33
20.0 21.0 21.0 15:40:55
15.0 16.0 16.0 15:41:23
21.0 22.0 22.0 15:41:47
21.0 22.0 22.0 15:42:17
18.0 19.0 19.0 15:42:41
21.0 24.0 25.0 15:42:59
21.0 24.0 25.0 15:43:17
21.0 22.0 22.0 15:43:47
21.0 22.0 22.0 15:44:25
21.0 22.0 22.0 15:44:35
13.0 15.0 16.0 15:45:7
23.0 24.0 24.0 15:45:33
20.0 22.0 22.0 15:46:11
22.0 23.0 23.0 15:46:19
20.0 21.0 21.0 15:46:47
20.0 21.0 21.0 15:47:7
22.0 23.0 24.0 15:47:37
25.0 27.0 27.0 15:48:7
25.0 27.0 27.0 15:48:21
17.0 18.0 18.0 15:48:47
17.0 18.0 18.0 15:49:7
17.0 18.0 18.0 15:49:31
15.0 15.0 15.0 15:50:13
21.0 24.0 25.0 15:50:31
20.0 21.0 21.0 15:50:59
15.0 16.0 16.0 15:51:19
18.0 19.0 19.0 15:51:53
18.0 19.0 19.0 15:52:9
15.0 16.0 17.0 15:52:37
34.0 40.0 45.0 15:52:57
34.0 40.0 45.0 15:53:21
18.0 19.0 19.0 15:53:45
18.0 19.0 19.0 15:54:13
18.0 19.0 19.0 15:54:33
20.0 21.0 21.0 15:55:9
17.0 18.0 18.0 15:55:33
19.0 20.0 20.0 15:56:7
18.0 20.0 22.0 15:56:19
17.0 19.0 19.0 15:56:43
17.0 19.0 19.0 15:57:7
21.0 23.0 24.0 15:57:43
19.0 20.0 20.0 15:57:55
19.0 20.0 20.0 15:58:19
24.0 25.0 25.0 15:58:43
24.0 25.0 25.0 15:59:35
16.0 17.0 17.0 16:0:13
17.0 18.0 18.0 16:0:29
21.0 23.0 23.0 16:0:55
17.0 19.0 19.0 16:1:27
34.0 37.0 38.0 16:1:43
34.0 37.0 38.0 16:2:9
26.0 27.0 27.0 16:2:33
20.0 21.0 21.0 16:2:57
20.0 21.0 21.0 16:3:21
19.0 23.0 28.0 16:3:45
19.0 23.0 26.0 16:4:5
19.0 23.0 26.0 16:4:29
24.0 25.0 25.0 16:5:7
20.0 21.0 21.0 16:5:35
18.0 20.0 20.0 16:5:57
15.0 16.0 16.0 16:6:33
18.0 19.0 19.0 16:6:41
18.0 19.0 19.0 16:7:5
21.0 24.0 25.0 16:7:39
18.0 19.0 19.0 16:7:57
18.0 19.0 19.0 16:8:21
20.0 22.0 22.0 16:8:45
20.0 22.0 22.0 16:9:17
20.0 22.0 22.0 16:9:33
11.0 12.0 13.0 16:10:9
18.0 19.0 19.0 16:10:31
24.0 25.0 25.0 16:11:7
26.0 28.0 28.0 16:11:27
19.0 20.0 20.0 16:11:43
19.0 20.0 20.0 16:12:13
17.0 19.0 22.0 16:12:41
18.0 19.0 19.0 16:12:53
18.0 19.0 19.0 16:13:17
20.0 21.0 21.0 16:13:41
20.0 21.0 21.0 16:14:5
20.0 21.0 21.0 16:14:29
14.0 15.0 15.0 16:15:15
18.0 19.0 19.0 16:15:31
17.0 18.0 18.0 16:15:55
17.0 18.0 18.0 16:16:19
13.0 14.0 14.0 16:16:43
13.0 14.0 14.0 16:17:21
18.0 19.0 19.0 16:17:33
18.0 20.0 21.0 16:17:57
18.0 20.0 21.0 16:18:21
16.0 17.0 17.0 16:19:17
16.0 17.0 17.0 16:19:33
13.0 15.0 18.0 16:20:9
10.0 10.0 10.0 16:20:33
8.0 9.0 9.0 16:20:59
15.0 16.0 16.0 15:8:19
16.0 17.0 17.0 15:8:35
11.0 12.0 12.0 15:8:59
15.0 16.0 16.0 15:9:51
14.0 15.0 15.0 15:10:15
17.0 19.0 19.0 15:10:39
17.0 19.0 19.0 15:11:7
13.0 14.0 14.0 15:11:29
13.0 14.0 14.0 15:11:49
13.0 14.0 14.0 15:12:13
19.0 20.0 21.0 15:12:53
20.0 22.0 23.0 15:13:17
19.0 20.0 20.0 15:13:43
14.0 14.0 14.0 15:14:31
14.0 14.0 14.0 15:14:55
35.0 37.0 37.0 15:15:11
30.0 32.0 32.0 15:15:35
30.0 32.0 32.0 15:15:59
20.0 21.0 21.0 15:16:49
20.0 21.0 21.0 15:17:15
21.0 22.0 22.0 15:17:51
29.0 30.0 30.0 15:18:11
28.0 30.0 30.0 15:18:37
28.0 29.0 29.0 15:19:1
29.0 32.0 33.0 15:19:25
37.0 41.0 42.0 15:20:27
32.0 34.0 34.0 15:20:39
32.0 34.0 34.0 15:21:3
25.0 27.0 27.0 15:21:25
26.0 27.0 27.0 15:22:19
28.0 29.0 29.0 15:22:47
32.0 35.0 36.0 15:23:13
29.0 31.0 32.0 15:23:37
31.0 33.0 33.0 15:24:9
32.0 34.0 34.0 15:24:29
32.0 34.0 34.0 15:24:53
55.0 76.0 98.0 15:25:17
39.0 48.0 56.0 15:26:1
33.0 35.0 35.0 15:26:25
33.0 35.0 36.0 15:26:49
33.0 35.0 36.0 15:27:13
25.0 27.0 27.0 15:27:57
30.0 32.0 33.0 15:28:17
42.0 44.0 44.0 15:28:41
32.0 34.0 34.0 15:29:5
34.0 36.0 36.0 15:30:19
37.0 39.0 40.0 15:30:41
37.0 39.0 40.0 15:31:13
35.0 37.0 37.0 15:31:29
35.0 37.0 37.0 15:31:59
35.0 37.0 37.0 15:32:17
27.0 28.0 28.0 15:33:15
30.0 32.0 32.0 15:33:39
36.0 38.0 38.0 15:34:3
24.0 26.0 26.0 15:34:25
24.0 26.0 27.0 15:34:53
26.0 28.0 29.0 15:35:17
30.0 31.0 31.0 15:35:40
30.0 31.0 31.0 15:36:8
31.0 33.0 33.0 15:36:26
31.0 33.0 33.0 15:36:50
31.0 33.0 33.0 15:37:18
26.0 28.0 29.0 15:38:2
30.0 32.0 32.0 15:38:14
34.0 36.0 36.0 15:38:38
35.0 39.0 42.0 15:39:2
33.0 35.0 35.0 15:39:28
33.0 35.0 35.0 15:39:58
29.0 31.0 31.0 15:40:14
27.0 29.0 29.0 15:40:38
27.0 29.0 29.0 15:41:6
32.0 34.0 34.0 15:41:52
32.0 34.0 34.0 15:42:16
37.0 39.0 40.0 15:42:52
33.0 35.0 35.0 15:43:16
25.0 27.0 27.0 15:44:4
30.0 33.0 34.0 15:44:32
30.0 33.0 33.0 15:44:48
28.0 31.0 32.0 15:45:14
28.0 30.0 30.0 15:45:58
27.0 30.0 32.0 15:46:22
27.0 30.0 32.0 15:46:48
27.0 30.0 32.0 15:47:14
26.0 28.0 28.0 15:48:0
29.0 31.0 31.0 15:48:12
29.0 31.0 32.0 15:48:36
30.0 32.0 32.0 15:49:0
28.0 30.0 31.0 15:49:46
26.0 29.0 31.0 15:50:12
24.0 26.0 26.0 15:50:38
24.0 26.0 27.0 15:51:2
27.0 32.0 36.0 15:51:32
28.0 32.0 35.0 15:51:50
28.0 32.0 35.0 15:52:14
30.0 32.0 32.0 15:53:14
31.0 33.0 33.0 15:53:38
24.0 27.0 28.0 15:54:2
25.0 26.0 26.0 15:54:26
25.0 26.0 26.0 15:54:50
29.0 31.0 31.0 15:55:16
25.0 27.0 27.0 15:55:40
25.0 27.0 27.0 15:55:58
26.0 28.0 28.0 15:56:24
26.0 28.0 28.0 15:57:14
23.0 25.0 26.0 15:57:50
33.0 35.0 36.0 15:58:52
27.0 30.0 31.0 15:59:0
29.0 31.0 31.0 15:59:24
29.0 31.0 31.0 15:59:52
30.0 31.0 31.0 16:0:46
30.0 31.0 31.0 16:1:6
27.0 30.0 30.0 16:1:22
28.0 29.0 30.0 16:1:52
28.0 29.0 30.0 16:2:20
30.0 32.0 33.0 16:2:52
28.0 30.0 31.0 16:3:16
32.0 34.0 34.0 16:3:42
31.0 35.0 39.0 16:4:6
33.0 34.0 34.0 16:4:32
33.0 34.0 34.0 16:4:52
41.0 44.0 44.0 16:5:10
31.0 33.0 33.0 16:5:34
31.0 33.0 33.0 16:5:58
31.0 33.0 33.0 16:6:30
31.0 33.0 33.0 16:6:50
31.0 33.0 33.0 16:7:14
25.0 26.0 26.0 16:7:50
29.0 31.0 31.0 16:8:22
30.0 32.0 32.0 16:8:34
25.0 26.0 26.0 16:9:2
23.0 25.0 25.0 16:9:22
23.0 25.0 25.0 16:9:46
26.0 28.0 29.0 16:11:24
26.0 28.0 29.0 16:11:52
33.0 36.0 37.0 16:12:54
28.0 31.0 32.0 16:13:12
32.0 33.0 33.0 16:13:38
29.0 31.0 31.0 16:14:0
32.0 34.0 34.0 16:14:52
23.0 24.0 24.0 16:15:16
27.0 29.0 29.0 16:15:36
38.0 41.0 43.0 16:16:24
37.0 41.0 42.0 16:16:48
37.0 41.0 42.0 16:17:12
28.0 30.0 30.0 16:17:58
22.0 24.0 24.0 16:18:14
27.0 29.0 29.0 16:18:40
36.0 39.0 39.0 16:19:6
32.0 33.0 33.0 16:19:30
32.0 33.0 33.0 16:19:52
25.0 28.0 28.0 16:20:16
25.0 27.0 27.0 16:20:40
30.0 32.0 33.0 16:21:32
30.0 32.0 33.0 16:21:50
30.0 32.0 33.0 16:22:14
39.0 43.0 46.0 16:22:50
27.0 28.0 28.0 16:23:22
29.0 30.0 30.0 16:23:38
34.0 36.0 36.0 16:24:2
33.0 36.0 37.0 16:24:26
31.0 35.0 37.0 16:25:16
28.0 30.0 30.0 16:25:36
28.0 30.0 30.0 16:26:0
24.0 26.0 26.0 16:26:24
24.0 27.0 28.0 16:27:14
26.0 27.0 27.0 16:27:54
25.0 27.0 29.0 16:28:14
26.0 28.0 28.0 16:28:38
30.0 32.0 32.0 16:29:32
35.0 39.0 40.0 16:30:12
25.0 27.0 28.0 16:30:36
25.0 27.0 28.0 16:31:0
22.0 23.0 23.0 16:31:46
22.0 23.0 23.0 16:32:10
27.0 29.0 29.0 16:32:46
33.0 35.0 35.0 16:33:10
27.0 29.0 29.0 16:33:46
20.0 21.0 21.0 16:34:2
25.0 28.0 29.0 16:34:24
25.0 28.0 29.0 16:34:48
27.0 28.0 28.0 16:35:12
20.0 22.0 23.0 16:36:10
33.0 37.0 38.0 16:36:30
33.0 36.0 37.0 16:36:46
33.0 36.0 37.0 16:37:14
24.0 25.0 25.0 16:37:48
26.0 28.0 28.0 16:38:18
23.0 27.0 29.0 16:38:40
32.0 34.0 35.0 16:39:0
26.0 28.0 28.0 16:39:28
26.0 28.0 28.0 16:39:48
30.0 33.0 34.0 16:40:42
30.0 33.0 34.0 16:41:2
23.0 25.0 25.0 16:41:32
23.0 25.0 25.0 16:41:52
23.0 25.0 25.0 16:42:20
23.0 26.0 29.0 16:42:48
24.0 26.0 26.0 16:43:12
30.0 32.0 32.0 16:43:36
25.0 26.0 26.0 16:44:2
29.0 31.0 31.0 16:44:32
29.0 31.0 31.0 16:44:48
35.0 38.0 39.0 16:45:12
27.0 29.0 29.0 16:45:36
27.0 29.0 29.0 16:46:0
33.0 35.0 35.0 16:46:26
33.0 35.0 35.0 16:46:58
17.0 20.0 22.0 14:27:8
15.0 16.0 16.0 14:27:24
15.0 16.0 16.0 14:27:48
15.0 16.0 16.0 14:28:28
17.0 18.0 18.0 14:28:48
10.0 10.0 10.0 14:29:12
11.0 12.0 12.0 14:29:36
16.0 18.0 18.0 14:30:0
16.0 17.0 17.0 14:30:34
16.0 17.0 17.0 14:30:52
15.0 16.0 16.0 14:31:12
14.0 14.0 14.0 14:31:38
14.0 14.0 14.0 14:32:2
13.0 15.0 16.0 14:32:34
13.0 15.0 16.0 14:32:56
13.0 15.0 16.0 14:33:12
14.0 15.0 15.0 14:33:48
13.0 14.0 14.0 14:34:24
13.0 14.0 14.0 14:34:36
33.0 37.0 39.0 14:35:2
32.0 34.0 34.0 14:35:26
32.0 34.0 34.0 14:35:48
21.0 22.0 22.0 14:36:16
24.0 26.0 27.0 14:36:40
25.0 26.0 27.0 14:37:0
29.0 31.0 31.0 14:37:26
29.0 31.0 31.0 14:37:50
29.0 31.0 31.0 14:38:16
22.0 23.0 23.0 14:38:52
32.0 34.0 35.0 14:39:18
29.0 30.0 30.0 14:39:34
31.0 34.0 36.0 14:40:0
31.0 34.0 36.0 14:40:24
31.0 34.0 36.0 14:41:4
31.0 34.0 36.0 14:41:24
29.0 31.0 31.0 14:41:44
29.0 31.0 31.0 14:42:6
23.0 24.0 24.0 14:42:24
24.0 25.0 25.0 14:43:0
24.0 25.0 25.0 14:43:12
35.0 37.0 37.0 14:43:56
34.0 36.0 36.0 14:44:14
30.0 32.0 34.0 14:44:44
33.0 34.0 34.0 14:45:24
27.0 28.0 28.0 14:46:10
28.0 31.0 32.0 14:46:38
30.0 32.0 32.0 14:47:26
30.0 32.0 32.0 14:47:50
30.0 32.0 32.0 14:48:18
30.0 33.0 35.0 14:48:46
29.0 31.0 31.0 14:49:18
27.0 29.0 29.0 14:49:38
24.0 26.0 26.0 14:50:4
33.0 35.0 35.0 14:50:30
19.0 20.0 20.0 14:51:18
21.0 23.0 23.0 14:51:40
21.0 23.0 23.0 14:52:4
32.0 35.0 36.0 14:53:0
32.0 35.0 36.0 14:53:12
32.0 34.0 34.0 14:53:48
24.0 25.0 25.0 14:54:12
19.0 21.0 22.0 14:55:2
29.0 31.0 32.0 14:55:28
29.0 31.0 31.0 14:55:48
26.0 28.0 29.0 14:56:12
25.0 27.0 28.0 14:56:40
25.0 27.0 28.0 14:57:12
23.0 24.0 24.0 14:57:24
23.0 24.0 24.0 14:57:48
23.0 24.0 24.0 14:58:12
15.0 16.0 17.0 14:58:52
19.0 22.0 24.0 14:59:16
22.0 24.0 25.0 14:59:40
24.0 25.0 25.0 15:0:4
22.0 23.0 23.0 15:0:28
22.0 23.0 23.0 15:1:0
13.0 14.0 14.0 15:1:32
24.0 26.0 27.0 15:1:40
24.0 26.0 27.0 15:1:58
21.0 22.0 22.0 15:2:26
21.0 22.0 22.0 15:2:50
21.0 22.0 22.0 15:3:12
17.0 18.0 18.0 15:3:48
22.0 23.0 24.0 15:4:14
21.0 22.0 22.0 15:4:40
26.0 27.0 27.0 15:5:8
24.0 27.0 28.0 15:5:28
24.0 27.0 28.0 15:5:54
18.0 20.0 20.0 15:6:38
19.0 20.0 20.0 15:7:4
25.0 26.0 26.0 15:7:28
24.0 26.0 26.0 15:7:54
24.0 26.0 26.0 15:8:10
19.0 20.0 20.0 15:9:18
25.0 26.0 26.0 15:9:38
16.0 17.0 17.0 15:10:0
31.0 34.0 36.0 15:10:26
31.0 34.0 35.0 15:11:8
27.0 33.0 38.0 15:11:12
23.0 24.0 24.0 15:11:46
23.0 24.0 24.0 15:12:2
18.0 19.0 19.0 15:12:26
18.0 19.0 19.0 15:12:54
18.0 19.0 19.0 15:13:10
23.0 26.0 28.0 15:13:48
21.0 22.0 23.0 15:14:20
17.0 18.0 18.0 15:15:14
17.0 19.0 20.0 15:15:46
20.0 21.0 22.0 15:16:14
19.0 20.0 20.0 15:16:38
19.0 20.0 20.0 15:17:12
23.0 24.0 24.0 15:17:46
23.0 24.0 24.0 15:18:10
14.0 15.0 15.0 15:18:52
18.0 20.0 20.0 15:19:36
16.0 18.0 19.0 15:20:6
23.0 25.0 25.0 15:20:28
24.0 26.0 26.0 15:20:52
13.0 13.0 13.0 15:21:26
26.0 28.0 28.0 15:21:40
46.0 49.0 49.0 15:22:24
45.0 48.0 48.0 15:22:50
45.0 48.0 48.0 15:23:18
16.0 18.0 19.0 15:23:52
20.0 21.0 21.0 15:24:38
13.0 14.0 14.0 15:25:20
24.0 26.0 26.0 15:25:38
18.0 19.0 19.0 15:26:16
22.0 23.0 23.0 15:27:30
21.0 23.0 23.0 15:27:52
21.0 23.0 23.0 15:28:10
13.0 15.0 16.0 15:29:2
15.0 16.0 16.0 15:29:14
26.0 28.0 28.0 15:29:40
15.0 16.0 16.0 15:30:2
17.0 19.0 19.0 15:31:6
16.0 19.0 21.0 15:31:20
14.0 15.0 16.0 15:31:40
14.0 15.0 16.0 15:32:0
18.0 20.0 21.0 15:33:34
14.0 15.0 15.0 15:33:54
18.0 19.0 19.0 15:34:20
17.0 18.0 18.0 15:34:50
22.0 24.0 25.0 15:35:16
18.0 19.0 19.0 15:35:24
18.0 19.0 19.0 15:35:48
16.0 17.0 17.0 15:36:12
20.0 21.0 21.0 15:36:40
20.0 21.0 21.0 15:37:2
16.0 17.0 17.0 15:37:26
16.0 17.0 17.0 15:37:50
16.0 17.0 17.0 15:38:12
14.0 15.0 16.0 15:38:48
16.0 17.0 18.0 15:39:12
19.0 20.0 20.0 15:39:36
17.0 19.0 19.0 15:40:0
13.0 15.0 15.0 15:41:12
20.0 21.0 21.0 15:41:36
19.0 20.0 20.0 15:42:0
17.0 18.0 18.0 15:42:32
17.0 18.0 18.0 15:42:54
17.0 18.0 18.0 15:43:12
19.0 20.0 20.0 15:43:50
24.0 25.0 25.0 15:44:14
18.0 19.0 19.0 15:44:54
12.0 13.0 14.0 15:45:10
14.0 15.0 15.0 15:45:26
14.0 15.0 15.0 15:45:50
14.0 17.0 19.0 15:46:14
21.0 22.0 22.0 15:46:38
21.0 22.0 22.0 15:47:18
16.0 18.0 20.0 15:47:34
17.0 19.0 20.0 15:47:50
17.0 19.0 20.0 15:48:14
17.0 22.0 28.0 15:48:52
18.0 20.0 22.0 15:49:36
20.0 22.0 24.0 15:50:2
23.0 25.0 26.0 15:50:24
23.0 25.0 26.0 15:50:48
17.0 20.0 22.0 15:51:14
16.0 17.0 17.0 15:52:6
22.0 24.0 25.0 15:52:22
22.0 24.0 24.0 15:52:48
22.0 24.0 24.0 15:53:14
19.0 21.0 22.0 15:54:14
18.0 19.0 19.0 15:54:38
13.0 14.0 14.0 15:55:2
16.0 17.0 17.0 15:55:28
17.0 18.0 18.0 15:55:48
19.0 20.0 20.0 15:56:52
19.0 20.0 20.0 15:57:4
14.0 15.0 15.0 15:57:30
15.0 15.0 15.0 15:57:46
15.0 15.0 15.0 15:58:28
21.0 22.0 22.0 15:58:52
17.0 18.0 18.0 15:59:10
21.0 22.0 22.0 15:59:34
22.0 23.0 24.0 16:0:0
18.0 19.0 19.0 16:0:28
18.0 19.0 19.0 16:0:48
19.0 21.0 22.0 16:1:16
27.0 28.0 28.0 16:1:40
27.0 28.0 28.0 16:2:16
27.0 29.0 31.0 16:2:32
27.0 29.0 30.0 16:2:56
27.0 29.0 30.0 16:3:16
18.0 20.0 21.0 16:3:52
25.0 26.0 26.0 16:4:28
20.0 22.0 22.0 16:4:40
27.0 29.0 29.0 16:5:4
25.0 26.0 26.0 16:5:30
25.0 26.0 26.0 16:5:46
20.0 22.0 22.0 16:6:16
22.0 24.0 25.0 16:6:34
22.0 24.0 26.0 16:6:58
17.0 20.0 22.0 16:7:22
18.0 20.0 22.0 16:8:16
26.0 27.0 27.0 16:8:48
10.0 10.0 10.0 16:9:12
11.0 12.0 13.0 16:9:36