662.0 1500.0 0.01 0.0 14:39:31
780.0 1398.0 0.01 0.0 14:40:7
825.0 1318.0 0.01 0.0 14:40:31
841.0 1315.0 0.01 0.0 14:40:55
881.0 1327.0 0.01 0.0 14:41:19
890.0 1334.0 0.01 0.0 14:41:51
888.0 1329.0 0.01 0.0 14:42:7
917.0 1317.0 0.01 0.0 14:42:31
899.0 1413.0 0.01 0.0 14:42:55
913.0 1454.0 0.01 0.0 14:43:19
940.0 1435.0 0.01 0.0 14:43:45
940.0 1422.0 0.01 0.0 14:44:9
952.0 1415.0 0.01 0.0 14:44:33
821.0 1418.0 0.01 0.0 14:45:11
490.0 1374.0 0.01 0.0 14:45:31
271.0 1167.0 0.01 0.0 14:45:57
136.0 961.0 0.01 0.0 14:46:27
39.0 861.0 0.01 0.0 14:46:43
23.0 725.0 0.01 0.0 14:47:7
19.0 691.0 0.01 0.0 14:47:33
1.0 643.0 0.01 0.0 14:48:3
7.0 663.0 0.01 0.0 14:48:31
5.0 588.0 0.01 0.0 14:48:43
22.0 561.0 0.01 0.0 14:49:7
5.0 567.0 0.01 0.0 14:49:33
11.0 630.0 0.01 0.0 14:50:13
1.0 542.0 0.01 0.0 14:50:33
6.0 602.0 0.01 0.0 14:50:57
11.0 611.0 0.01 0.0 14:51:21
9.0 597.0 0.01 0.0 14:51:45
1.0 569.0 0.01 0.0 14:52:31
1.0 605.0 0.01 0.0 14:52:55
1.0 610.0 0.01 0.0 14:53:19
5.0 576.0 0.01 0.0 14:53:43
27.0 624.0 0.01 0.0 14:54:7
6.0 596.0 0.01 0.0 14:54:39
43.0 603.0 0.01 0.0 14:55:13
99.0 567.0 0.01 0.0 14:55:33
147.0 580.0 0.01 0.0 14:55:53
188.0 575.0 0.01 0.0 14:56:35
229.0 582.0 0.01 0.0 14:56:41
211.0 574.0 0.01 0.0 14:57:5
200.0 577.0 0.01 0.0 14:57:29
177.0 566.0 0.01 0.0 14:57:59
234.0 590.0 0.01 0.0 14:58:21
287.0 610.0 0.01 0.0 14:58:45
314.0 584.0 0.01 0.0 14:59:9
396.0 613.0 0.01 0.0 14:59:45
416.0 578.0 0.01 0.0 15:0:9
310.0 598.0 0.01 0.0 15:0:39
194.0 517.0 0.01 0.0 15:0:59
173.0 571.0 0.01 0.0 15:1:43
141.0 588.0 0.01 0.0 15:2:7
109.0 593.0 0.01 0.0 15:2:31
169.0 598.0 0.01 0.0 15:3:37
169.0 579.0 0.01 0.0 15:3:41
129.0 626.0 0.01 0.0 15:4:7
87.0 567.0 0.01 0.0 15:4:31
94.0 599.0 0.01 0.0 15:5:5
101.0 569.0 0.01 0.0 15:5:29
47.0 615.0 0.01 0.0 15:5:57
5.0 633.0 0.01 0.0 15:6:17
1.0 568.0 0.01 0.0 15:6:41
4.0 593.0 0.01 0.0 15:7:25
111.0 581.0 0.01 0.0 15:7:29
213.0 562.0 0.01 0.0 15:7:53
202.0 580.0 0.01 0.0 15:8:17
177.0 567.0 0.01 0.0 15:8:45
158.0 569.0 0.01 0.0 15:9:21
143.0 588.0 0.01 0.0 15:9:33
168.0 583.0 0.01 0.0 15:10:7
230.0 581.0 0.01 0.0 15:10:31
192.0 553.0 0.01 0.0 15:11:11
168.0 588.0 0.01 0.0 15:11:23
217.0 628.0 0.01 0.0 15:11:43
247.0 602.0 0.01 0.0 15:12:7
197.0 619.0 0.01 0.0 15:12:31
97.0 572.0 0.01 0.0 15:12:59
25.0 584.0 0.01 0.0 15:13:19
10.0 561.0 0.01 0.0 15:13:43
26.0 573.0 0.01 0.0 15:14:7
28.0 604.0 0.01 0.0 15:14:33
6.0 614.0 0.01 0.0 15:15:13
0.0 590.0 0.01 0.0 15:15:29
6.0 555.0 0.01 0.0 15:15:55
0.0 576.0 0.01 0.0 15:16:53
6.0 597.0 0.01 0.0 15:17:9
7.0 605.0 0.01 0.0 15:17:33
36.0 603.0 0.01 0.0 15:17:57
147.0 649.0 0.01 0.0 15:18:21
137.0 573.0 0.01 0.0 15:18:55
110.0 562.0 0.01 0.0 15:19:7
116.0 546.0 0.01 0.0 15:19:31
94.0 616.0 0.01 0.0 15:20:9
116.0 597.0 0.01 0.0 15:20:39
103.0 602.0 0.01 0.0 15:21:7
102.0 590.0 0.01 0.0 15:21:23
134.0 592.0 0.01 0.0 15:21:49
198.0 625.0 0.01 0.0 15:22:5
381.0 583.0 0.01 0.0 15:22:57
409.0 577.0 0.01 0.0 15:23:21
436.0 590.0 0.01 0.0 15:24:11
449.0 612.0 0.01 0.0 15:24:29
386.0 546.0 0.01 0.0 15:25:5
386.0 626.0 0.01 0.0 15:25:45
437.0 639.0 0.01 0.0 15:25:53
343.0 606.0 0.01 0.0 15:26:25
267.0 624.0 0.01 0.0 15:26:45
317.0 636.0 0.01 0.0 15:27:25
224.0 733.0 0.01 0.0 15:27:31
113.0 611.0 0.01 0.0 15:27:59
118.0 651.0 0.01 0.0 15:28:23
113.0 613.0 0.01 0.0 15:29:17
56.0 549.0 0.01 0.0 15:29:33
11.0 608.0 0.01 0.0 15:30:5
30.0 585.0 0.01 0.0 15:30:31
37.0 597.0 0.01 0.0 15:31:5
1.0 597.0 0.01 0.0 15:31:23
49.0 573.0 0.01 0.0 15:31:43
95.0 608.0 0.01 0.0 15:32:7
68.0 579.0 0.01 0.0 15:32:47
88.0 617.0 0.01 0.0 15:33:1
7.0 612.0 0.01 0.0 15:33:19
0.0 583.0 0.01 0.0 15:33:43
0.0 593.0 0.01 0.0 15:34:23
7.0 597.0 0.01 0.0 15:34:39
180.0 574.0 0.01 0.0 15:35:9
217.0 579.0 0.01 0.0 15:35:35
203.0 592.0 0.01 0.0 15:35:57
366.0 576.0 0.01 0.0 15:37:33
222.0 589.0 0.01 0.0 15:38:29
316.0 561.0 0.01 0.0 15:38:47
436.0 582.0 0.01 0.0 15:39:7
388.0 528.0 0.01 0.0 15:39:35
215.0 529.0 0.01 0.0 15:40:15
120.0 612.0 0.01 0.0 15:40:55
182.0 548.0 0.01 0.0 15:41:23
170.0 632.0 0.01 0.0 15:41:47
20.0 444.0 0.01 0.0 15:42:41
0.0 567.0 0.01 0.0 15:42:59
0.0 595.0 0.01 0.0 15:43:47
0.0 641.0 0.01 0.0 15:44:25
0.0 621.0 0.01 0.0 15:44:35
0.0 552.0 0.01 0.0 15:45:7
0.0 607.0 0.01 0.0 15:45:33
0.0 543.0 0.01 0.0 15:46:11
7.0 603.0 0.01 0.0 15:46:19
5.0 581.0 0.01 0.0 15:46:47
35.0 535.0 0.01 0.0 15:47:7
58.0 575.0 0.01 0.0 15:47:37
1.0 590.0 0.01 0.0 15:48:7
0.0 598.0 0.01 0.0 15:48:21
0.0 542.0 0.01 0.0 15:48:47
28.0 562.0 0.01 0.0 15:49:7
78.0 550.0 0.01 0.0 15:49:31
59.0 456.0 0.01 0.0 15:50:13
8.0 613.0 0.01 0.0 15:50:31
1.0 549.0 0.01 0.0 15:50:59
0.0 496.0 0.01 0.0 15:51:19
0.0 556.0 0.01 0.0 15:51:53
0.0 600.0 0.01 0.0 15:52:9
10.0 541.0 0.01 0.0 15:52:37
38.0 572.0 0.01 0.0 15:52:57
203.0 673.0 0.01 0.0 15:53:21
711.0 654.0 0.01 0.0 15:53:45
718.0 618.0 0.01 0.0 15:54:13
675.0 642.0 0.01 0.0 15:54:33
635.0 574.0 0.01 0.0 15:55:9
814.0 585.0 0.01 0.0 15:55:33
1166.0 606.0 0.01 0.0 15:56:7
1054.0 599.0 0.01 0.0 15:56:19
1089.0 555.0 0.01 0.0 15:56:43
824.0 606.0 0.01 0.0 15:57:7
1073.0 665.0 0.01 0.0 15:57:43
1011.0 596.0 0.01 0.0 15:57:55
949.0 568.0 0.01 0.0 15:58:19
870.0 648.0 0.01 0.0 15:58:43
668.0 555.0 0.01 0.0 15:59:7
446.0 606.0 0.01 0.0 15:59:35
259.0 566.0 0.01 0.0 16:0:13
225.0 547.0 0.01 0.0 16:0:29
276.0 590.0 0.01 0.0 16:0:55
409.0 608.0 0.01 0.0 16:1:43
394.0 633.0 0.01 0.0 16:2:9
374.0 624.0 0.01 0.0 16:2:33
342.0 627.0 0.01 0.0 16:2:57
265.0 613.0 0.01 0.0 16:3:21
312.0 581.0 0.01 0.0 16:3:45
242.0 604.0 0.01 0.0 16:4:5
214.0 584.0 0.01 0.0 16:4:29
207.0 594.0 0.01 0.0 16:5:7
211.0 629.0 0.01 0.0 16:5:35
198.0 615.0 0.01 0.0 16:5:57
202.0 619.0 0.01 0.0 16:6:33
203.0 571.0 0.01 0.0 16:6:41
242.0 593.0 0.01 0.0 16:7:5
232.0 595.0 0.01 0.0 16:7:39
225.0 634.0 0.01 0.0 16:7:57
209.0 653.0 0.01 0.0 16:8:21
174.0 618.0 0.01 0.0 16:8:45
113.0 616.0 0.01 0.0 16:9:17
59.0 596.0 0.01 0.0 16:9:33
11.0 554.0 0.01 0.0 16:10:9
0.0 470.0 0.01 0.0 16:10:31
0.0 578.0 0.01 0.0 16:11:7
0.0 605.0 0.01 0.0 16:11:27
33.0 589.0 0.01 0.0 16:11:43
62.0 534.0 0.01 0.0 16:12:13
70.0 543.0 0.01 0.0 16:12:41
67.0 640.0 0.01 0.0 16:12:53
68.0 599.0 0.01 0.0 16:13:17
93.0 551.0 0.01 0.0 16:13:41
189.0 614.0 0.01 0.0 16:14:5
495.0 582.0 0.01 0.0 16:14:29
626.0 604.0 0.01 0.0 16:15:15
815.0 564.0 0.01 0.0 16:15:31
1030.0 579.0 0.01 0.0 16:15:55
1355.0 636.0 0.01 0.0 16:16:19
1606.0 655.0 0.01 0.0 16:16:43
1270.0 608.0 0.01 0.0 16:17:21
1063.0 604.0 0.01 0.0 16:17:33
1004.0 598.0 0.01 0.0 16:17:57
988.0 586.0 0.01 0.0 16:18:21
1218.0 585.0 0.01 0.0 16:18:45
1351.0 564.0 0.01 0.0 16:19:17
1038.0 541.0 0.01 0.0 16:19:33
543.0 596.0 0.01 0.0 16:20:9
686.0 670.0 0.01 0.0 16:20:33
874.0 765.0 0.01 0.0 16:20:59
482.0 936.0 0.01 0.0 15:8:19
484.0 957.0 0.01 0.0 15:8:35
577.0 939.0 0.01 0.0 15:8:59
541.0 862.0 0.01 0.0 15:9:39
549.0 865.0 0.01 0.0 15:9:51
559.0 839.0 0.01 0.0 15:10:15
547.0 811.0 0.01 0.0 15:10:39
558.0 804.0 0.01 0.0 15:11:7
565.0 804.0 0.01 0.0 15:11:29
529.0 791.0 0.01 0.0 15:11:49
515.0 780.0 0.01 0.0 15:12:13
516.0 788.0 0.01 0.0 15:12:53
516.0 774.0 0.01 0.0 15:13:17
432.0 813.0 0.01 0.0 15:13:43
218.0 789.0 0.01 0.0 15:14:31
189.0 820.0 0.01 0.0 15:14:55
109.0 777.0 0.01 0.0 15:15:11
7.0 682.0 0.01 0.0 15:15:35
0.0 722.0 0.01 0.0 15:15:59
0.0 625.0 0.01 0.0 15:16:31
0.0 642.0 0.01 0.0 15:16:49
2.0 628.0 0.01 0.0 15:17:15
0.0 582.0 0.01 0.0 15:17:51
4.0 586.0 0.01 0.0 15:18:11
11.0 612.0 0.01 0.0 15:18:37
85.0 592.0 0.01 0.0 15:19:1
191.0 625.0 0.01 0.0 15:19:25
150.0 678.0 0.01 0.0 15:20:39
193.0 664.0 0.01 0.0 15:21:3
244.0 686.0 0.01 0.0 15:21:25
235.0 667.0 0.01 0.0 15:22:3
207.0 648.0 0.01 0.0 15:22:19
175.0 634.0 0.01 0.0 15:22:47
156.0 630.0 0.01 0.0 15:23:13
184.0 586.0 0.01 0.0 15:23:37
200.0 582.0 0.01 0.0 15:24:9
252.0 623.0 0.01 0.0 15:24:29
663.0 587.0 0.01 0.0 15:24:53
331.0 611.0 0.01 0.0 15:25:17
313.0 646.0 0.01 0.0 15:25:57
308.0 643.0 0.01 0.0 15:26:1
407.0 674.0 0.01 0.0 15:26:25
355.0 638.0 0.01 0.0 15:26:49
264.0 658.0 0.01 0.0 15:27:13
237.0 722.0 0.01 0.0 15:27:57
253.0 675.0 0.01 0.0 15:28:17
235.0 668.0 0.01 0.0 15:28:41
190.0 639.0 0.01 0.0 15:29:5
216.0 605.0 0.01 0.0 15:29:25
155.0 658.0 0.01 0.0 15:30:19
171.0 627.0 0.01 0.0 15:30:41
159.0 627.0 0.01 0.0 15:31:13
152.0 569.0 0.01 0.0 15:31:29
137.0 645.0 0.01 0.0 15:31:59
89.0 696.0 0.01 0.0 15:32:17
62.0 638.0 0.01 0.0 15:33:1
23.0 591.0 0.01 0.0 15:33:15
29.0 602.0 0.01 0.0 15:33:39
12.0 651.0 0.01 0.0 15:34:3
3.0 606.0 0.01 0.0 15:34:25
8.0 614.0 0.01 0.0 15:34:53
32.0 633.0 0.01 0.0 15:35:17
82.0 623.0 0.01 0.0 15:35:40
211.0 732.0 0.01 0.0 15:36:26
317.0 793.0 0.01 0.0 15:36:50
399.0 736.0 0.01 0.0 15:37:18
420.0 733.0 0.01 0.0 15:38:2
447.0 733.0 0.01 0.0 15:38:14
583.0 697.0 0.01 0.0 15:38:38
556.0 657.0 0.01 0.0 15:39:2
437.0 635.0 0.01 0.0 15:39:28
288.0 645.0 0.01 0.0 15:39:58
264.0 587.0 0.01 0.0 15:40:14
457.0 614.0 0.01 0.0 15:40:38
303.0 545.0 0.01 0.0 15:41:6
166.0 587.0 0.01 0.0 15:41:52
137.0 589.0 0.01 0.0 15:42:16
124.0 616.0 0.01 0.0 15:42:52
154.0 616.0 0.01 0.0 15:43:16
94.0 602.0 0.01 0.0 15:44:4
75.0 600.0 0.01 0.0 15:44:32
42.0 608.0 0.01 0.0 15:44:48
13.0 611.0 0.01 0.0 15:45:14
186.0 672.0 0.01 0.0 15:45:58
179.0 680.0 0.01 0.0 15:46:22
151.0 669.0 0.01 0.0 15:46:48
108.0 673.0 0.01 0.0 15:47:14
83.0 674.0 0.01 0.0 15:48:12
113.0 882.0 0.01 0.0 15:48:36
190.0 820.0 0.01 0.0 15:49:0
339.0 778.0 0.01 0.0 15:49:38
455.0 713.0 0.01 0.0 15:49:46
442.0 657.0 0.01 0.0 15:50:12
374.0 641.0 0.01 0.0 15:50:38
293.0 662.0 0.01 0.0 15:51:2
316.0 732.0 0.01 0.0 15:51:32
345.0 710.0 0.01 0.0 15:51:50
250.0 683.0 0.01 0.0 15:52:14
269.0 716.0 0.01 0.0 15:53:2
231.0 652.0 0.01 0.0 15:53:14
195.0 688.0 0.01 0.0 15:53:38
219.0 703.0 0.01 0.0 15:54:2
211.0 778.0 0.01 0.0 15:54:26
207.0 728.0 0.01 0.0 15:55:16
170.0 672.0 0.01 0.0 15:55:40
150.0 563.0 0.01 0.0 15:55:58
90.0 636.0 0.01 0.0 15:56:24
91.0 619.0 0.01 0.0 15:56:54
80.0 627.0 0.01 0.0 15:57:14
74.0 623.0 0.01 0.0 15:57:50
188.0 641.0 0.01 0.0 15:59:0
109.0 641.0 0.01 0.0 15:59:24
46.0 644.0 0.01 0.0 15:59:52
43.0 637.0 0.01 0.0 16:0:36
75.0 684.0 0.01 0.0 16:0:46
65.0 672.0 0.01 0.0 16:1:6
78.0 638.0 0.01 0.0 16:1:22
0.0 566.0 0.01 0.0 16:2:20
22.0 811.0 0.01 0.0 16:2:52
121.0 735.0 0.01 0.0 16:3:16
163.0 704.0 0.01 0.0 16:3:42
272.0 655.0 0.01 0.0 16:4:32
464.0 675.0 0.01 0.0 16:4:52
675.0 649.0 0.01 0.0 16:5:10
706.0 660.0 0.01 0.0 16:5:34
825.0 706.0 0.01 0.0 16:5:58
643.0 666.0 0.01 0.0 16:6:30
653.0 652.0 0.01 0.0 16:6:50
830.0 658.0 0.01 0.0 16:7:14
497.0 678.0 0.01 0.0 16:7:50
558.0 666.0 0.01 0.0 16:8:22
271.0 648.0 0.01 0.0 16:8:34
174.0 633.0 0.01 0.0 16:9:2
77.0 561.0 0.01 0.0 16:9:22
37.0 596.0 0.01 0.0 16:9:46
12.0 589.0 0.01 0.0 16:10:36
8.0 630.0 0.01 0.0 16:11:12
0.0 676.0 0.01 0.0 16:11:24
3.0 634.0 0.01 0.0 16:11:52
3.0 636.0 0.01 0.0 16:12:18
3.0 614.0 0.01 0.0 16:12:54
0.0 633.0 0.01 0.0 16:13:12
0.0 592.0 0.01 0.0 16:13:38
0.0 618.0 0.01 0.0 16:14:0
5.0 687.0 0.01 0.0 16:14:26
63.0 825.0 0.01 0.0 16:14:52
101.0 850.0 0.01 0.0 16:15:16
127.0 678.0 0.01 0.0 16:15:36
75.0 693.0 0.01 0.0 16:16:20
15.0 655.0 0.01 0.0 16:16:24
3.0 638.0 0.01 0.0 16:16:48
41.0 648.0 0.01 0.0 16:17:12
54.0 635.0 0.01 0.0 16:17:58
1.0 619.0 0.01 0.0 16:18:14
0.0 610.0 0.01 0.0 16:18:40
0.0 579.0 0.01 0.0 16:19:6
0.0 617.0 0.01 0.0 16:19:30
0.0 628.0 0.01 0.0 16:19:52
0.0 603.0 0.01 0.0 16:20:16
18.0 633.0 0.01 0.0 16:20:40
14.0 680.0 0.01 0.0 16:21:4
2.0 624.0 0.01 0.0 16:21:32
38.0 631.0 0.01 0.0 16:21:50
94.0 627.0 0.01 0.0 16:22:14
289.0 637.0 0.01 0.0 16:22:50
419.0 637.0 0.01 0.0 16:23:22
431.0 612.0 0.01 0.0 16:23:38
399.0 646.0 0.01 0.0 16:24:2
440.0 623.0 0.01 0.0 16:24:26
576.0 688.0 0.01 0.0 16:25:12
644.0 633.0 0.01 0.0 16:25:16
767.0 632.0 0.01 0.0 16:25:36
1028.0 636.0 0.01 0.0 16:26:0
1174.0 664.0 0.01 0.0 16:26:24
1037.0 671.0 0.01 0.0 16:27:8
500.0 674.0 0.01 0.0 16:27:14
322.0 662.0 0.01 0.0 16:27:54
205.0 626.0 0.01 0.0 16:28:14
176.0 610.0 0.01 0.0 16:28:38
172.0 594.0 0.01 0.0 16:29:32
195.0 612.0 0.01 0.0 16:29:56
218.0 595.0 0.01 0.0 16:30:12
141.0 583.0 0.01 0.0 16:30:36
39.0 642.0 0.01 0.0 16:31:0
80.0 603.0 0.01 0.0 16:31:42
224.0 722.0 0.01 0.0 16:31:46
264.0 691.0 0.01 0.0 16:32:10
177.0 638.0 0.01 0.0 16:32:46
96.0 697.0 0.01 0.0 16:33:10
29.0 595.0 0.01 0.0 16:33:46
1.0 625.0 0.01 0.0 16:34:2
0.0 597.0 0.01 0.0 16:34:24
0.0 611.0 0.01 0.0 16:34:48
1.0 612.0 0.01 0.0 16:35:12
0.0 612.0 0.01 0.0 16:35:38
21.0 611.0 0.01 0.0 16:36:30
33.0 595.0 0.01 0.0 16:36:46
68.0 657.0 0.01 0.0 16:37:14
115.0 650.0 0.01 0.0 16:37:48
149.0 691.0 0.01 0.0 16:38:18
132.0 630.0 0.01 0.0 16:38:40
152.0 615.0 0.01 0.0 16:39:0
144.0 645.0 0.01 0.0 16:39:28
138.0 638.0 0.01 0.0 16:39:48
193.0 738.0 0.01 0.0 16:40:34
194.0 653.0 0.01 0.0 16:40:42
187.0 664.0 0.01 0.0 16:41:2
115.0 587.0 0.01 0.0 16:41:32
29.0 589.0 0.01 0.0 16:41:52
22.0 635.0 0.01 0.0 16:42:20
293.0 666.0 0.01 0.0 16:42:48
658.0 733.0 0.01 0.0 16:43:12
986.0 744.0 0.01 0.0 16:43:36
901.0 759.0 0.01 0.0 16:44:2
922.0 817.0 0.01 0.0 16:44:32
1137.0 821.0 0.01 0.0 16:44:48
1231.0 792.0 0.01 0.0 16:45:12
1315.0 770.0 0.01 0.0 16:45:36
1135.0 750.0 0.01 0.0 16:46:0
1178.0 739.0 0.01 0.0 16:46:26
638.0 830.0 0.01 0.0 14:27:8
532.0 841.0 0.01 0.0 14:27:24
648.0 839.0 0.01 0.0 14:27:48
779.0 859.0 0.01 0.0 14:28:28
777.0 841.0 0.01 0.0 14:28:48
773.0 858.0 0.01 0.0 14:29:12
721.0 853.0 0.01 0.0 14:29:36
665.0 874.0 0.01 0.0 14:30:0
700.0 889.0 0.01 0.0 14:30:34
640.0 911.0 0.01 0.0 14:30:52
671.0 914.0 0.01 0.0 14:31:12
646.0 926.0 0.01 0.0 14:31:38
643.0 927.0 0.01 0.0 14:32:2
607.0 1007.0 0.01 0.0 14:32:34
402.0 987.0 0.01 0.0 14:32:56
345.0 966.0 0.01 0.0 14:33:12
120.0 832.0 0.01 0.0 14:33:48
62.0 802.0 0.01 0.0 14:34:24
101.0 758.0 0.01 0.0 14:34:36
20.0 716.0 0.01 0.0 14:35:2
0.0 645.0 0.01 0.0 14:35:26
0.0 597.0 0.01 0.0 14:35:48
0.0 607.0 0.01 0.0 14:36:16
9.0 616.0 0.01 0.0 14:36:40
18.0 629.0 0.01 0.0 14:37:0
32.0 595.0 0.01 0.0 14:37:26
3.0 633.0 0.01 0.0 14:37:50
14.0 633.0 0.01 0.0 14:38:16
44.0 667.0 0.01 0.0 14:38:52
33.0 599.0 0.01 0.0 14:39:18
0.0 675.0 0.01 0.0 14:39:34
0.0 559.0 0.01 0.0 14:40:24
2.0 579.0 0.01 0.0 14:41:4
94.0 622.0 0.01 0.0 14:41:24
30.0 608.0 0.01 0.0 14:41:44
4.0 604.0 0.01 0.0 14:42:6
17.0 726.0 0.01 0.0 14:42:24
1.0 633.0 0.01 0.0 14:43:0
2.0 591.0 0.01 0.0 14:43:12
26.0 622.0 0.01 0.0 14:43:56
63.0 655.0 0.01 0.0 14:44:14
52.0 591.0 0.01 0.0 14:44:44
127.0 608.0 0.01 0.0 14:45:24
159.0 626.0 0.01 0.0 14:45:52
106.0 621.0 0.01 0.0 14:46:10
100.0 649.0 0.01 0.0 14:47:26
97.0 600.0 0.01 0.0 14:47:50
103.0 605.0 0.01 0.0 14:48:18
83.0 633.0 0.01 0.0 14:48:46
39.0 515.0 0.01 0.0 14:49:38
6.0 561.0 0.01 0.0 14:50:4
4.0 580.0 0.01 0.0 14:50:30
0.0 670.0 0.01 0.0 14:51:18
0.0 587.0 0.01 0.0 14:51:40
0.0 618.0 0.01 0.0 14:52:4
0.0 570.0 0.01 0.0 14:52:22
5.0 643.0 0.01 0.0 14:53:12
11.0 623.0 0.01 0.0 14:53:48
0.0 578.0 0.01 0.0 14:54:12
20.0 616.0 0.01 0.0 14:54:58
35.0 562.0 0.01 0.0 14:55:2
12.0 635.0 0.01 0.0 14:55:28
32.0 603.0 0.01 0.0 14:55:48
53.0 623.0 0.01 0.0 14:56:12
48.0 635.0 0.01 0.0 14:56:40
13.0 597.0 0.01 0.0 14:57:12
2.0 633.0 0.01 0.0 14:57:24
11.0 613.0 0.01 0.0 14:57:48
11.0 614.0 0.01 0.0 14:58:12
14.0 589.0 0.01 0.0 14:58:52
3.0 591.0 0.01 0.0 14:59:16
0.0 588.0 0.01 0.0 14:59:40
0.0 585.0 0.01 0.0 15:0:4
0.0 589.0 0.01 0.0 15:0:28
0.0 618.0 0.01 0.0 15:1:0
9.0 689.0 0.01 0.0 15:1:40
1.0 568.0 0.01 0.0 15:1:58
0.0 592.0 0.01 0.0 15:2:26
0.0 567.0 0.01 0.0 15:2:50
1.0 585.0 0.01 0.0 15:3:12
62.0 576.0 0.01 0.0 15:3:48
48.0 562.0 0.01 0.0 15:4:14
13.0 529.0 0.01 0.0 15:4:40
0.0 549.0 0.01 0.0 15:5:28
0.0 591.0 0.01 0.0 15:5:54
0.0 606.0 0.01 0.0 15:6:14
0.0 512.0 0.01 0.0 15:6:38
22.0 655.0 0.01 0.0 15:7:28
35.0 594.0 0.01 0.0 15:7:54
72.0 562.0 0.01 0.0 15:8:10
104.0 569.0 0.01 0.0 15:9:18
139.0 616.0 0.01 0.0 15:9:38
195.0 608.0 0.01 0.0 15:10:0
273.0 592.0 0.01 0.0 15:10:26
773.0 611.0 0.01 0.0 15:11:12
791.0 643.0 0.01 0.0 15:11:46
626.0 628.0 0.01 0.0 15:12:2
568.0 638.0 0.01 0.0 15:12:26
521.0 601.0 0.01 0.0 15:12:54
408.0 644.0 0.01 0.0 15:13:10
334.0 578.0 0.01 0.0 15:13:48
397.0 567.0 0.01 0.0 15:14:20
569.0 603.0 0.01 0.0 15:14:36
542.0 673.0 0.01 0.0 15:15:14
439.0 570.0 0.01 0.0 15:15:30
357.0 523.0 0.01 0.0 15:15:46
317.0 578.0 0.01 0.0 15:16:14
233.0 617.0 0.01 0.0 15:16:38
209.0 601.0 0.01 0.0 15:17:12
221.0 708.0 0.01 0.0 15:17:46
172.0 629.0 0.01 0.0 15:18:10
152.0 561.0 0.01 0.0 15:18:52
108.0 673.0 0.01 0.0 15:19:24
60.0 606.0 0.01 0.0 15:19:36
55.0 577.0 0.01 0.0 15:20:6
81.0 587.0 0.01 0.0 15:20:28
100.0 595.0 0.01 0.0 15:21:26
58.0 632.0 0.01 0.0 15:21:40
114.0 638.0 0.01 0.0 15:22:8
124.0 552.0 0.01 0.0 15:22:24
88.0 582.0 0.01 0.0 15:23:18
138.0 600.0 0.01 0.0 15:23:52
174.0 582.0 0.01 0.0 15:24:34
394.0 599.0 0.01 0.0 15:25:38
484.0 583.0 0.01 0.0 15:25:54
543.0 622.0 0.01 0.0 15:26:16
489.0 611.0 0.01 0.0 15:27:14
520.0 599.0 0.01 0.0 15:27:30
756.0 612.0 0.01 0.0 15:27:52
344.0 637.0 0.01 0.0 15:29:14
307.0 591.0 0.01 0.0 15:29:40
219.0 563.0 0.01 0.0 15:30:2
244.0 567.0 0.01 0.0 15:30:26
134.0 600.0 0.01 0.0 15:31:40
120.0 577.0 0.01 0.0 15:32:0
26.0 585.0 0.01 0.0 15:34:20
0.0 594.0 0.01 0.0 15:35:16
47.0 608.0 0.01 0.0 15:35:24
60.0 647.0 0.01 0.0 15:35:48
63.0 635.0 0.01 0.0 15:36:12
73.0 559.0 0.01 0.0 15:36:40
66.0 573.0 0.01 0.0 15:37:2
15.0 597.0 0.01 0.0 15:37:26
10.0 629.0 0.01 0.0 15:37:50
56.0 629.0 0.01 0.0 15:38:12
72.0 616.0 0.01 0.0 15:38:48
62.0 592.0 0.01 0.0 15:39:12
41.0 562.0 0.01 0.0 15:39:36
7.0 579.0 0.01 0.0 15:40:0
5.0 628.0 0.01 0.0 15:40:46
4.0 553.0 0.01 0.0 15:41:12
2.0 535.0 0.01 0.0 15:41:36
0.0 605.0 0.01 0.0 15:42:0
58.0 590.0 0.01 0.0 15:42:54
168.0 605.0 0.01 0.0 15:43:12
376.0 621.0 0.01 0.0 15:43:50
315.0 609.0 0.01 0.0 15:44:14
354.0 613.0 0.01 0.0 15:45:10
245.0 577.0 0.01 0.0 15:45:26
218.0 577.0 0.01 0.0 15:45:50
212.0 605.0 0.01 0.0 15:46:14
390.0 591.0 0.01 0.0 15:46:38
593.0 594.0 0.01 0.0 15:47:34
657.0 595.0 0.01 0.0 15:47:50
630.0 600.0 0.01 0.0 15:48:14
381.0 534.0 0.01 0.0 15:48:52
289.0 528.0 0.01 0.0 15:49:28
226.0 593.0 0.01 0.0 15:49:36
183.0 525.0 0.01 0.0 15:50:2
175.0 523.0 0.01 0.0 15:50:24
161.0 702.0 0.01 0.0 15:50:48
155.0 480.0 0.01 0.0 15:51:14
130.0 530.0 0.01 0.0 15:51:56
176.0 600.0 0.01 0.0 15:52:6
206.0 597.0 0.01 0.0 15:52:22
173.0 655.0 0.01 0.0 15:52:48
193.0 640.0 0.01 0.0 15:53:14
208.0 624.0 0.01 0.0 15:54:6
151.0 601.0 0.01 0.0 15:54:14
107.0 579.0 0.01 0.0 15:54:38
78.0 710.0 0.01 0.0 15:55:2
75.0 644.0 0.01 0.0 15:55:28
73.0 641.0 0.01 0.0 15:55:48
43.0 526.0 0.01 0.0 15:56:52
29.0 584.0 0.01 0.0 15:57:4
40.0 619.0 0.01 0.0 15:57:30
29.0 756.0 0.01 0.0 15:57:46
47.0 558.0 0.01 0.0 15:58:28
50.0 626.0 0.01 0.0 15:58:52
13.0 541.0 0.01 0.0 15:59:10
0.0 584.0 0.01 0.0 15:59:34
9.0 566.0 0.01 0.0 16:0:0
15.0 602.0 0.01 0.0 16:0:28
9.0 556.0 0.01 0.0 16:0:48
23.0 588.0 0.01 0.0 16:1:16
22.0 591.0 0.01 0.0 16:1:40
21.0 599.0 0.01 0.0 16:2:16
55.0 597.0 0.01 0.0 16:2:32
42.0 597.0 0.01 0.0 16:2:56
40.0 620.0 0.01 0.0 16:3:16
99.0 606.0 0.01 0.0 16:3:52
223.0 614.0 0.01 0.0 16:4:40
290.0 652.0 0.01 0.0 16:5:4
355.0 627.0 0.01 0.0 16:5:30
392.0 648.0 0.01 0.0 16:5:46
503.0 666.0 0.01 0.0 16:6:16
503.0 606.0 0.01 0.0 16:6:34
485.0 605.0 0.01 0.0 16:6:58
660.0 613.0 0.01 0.0 16:7:22
812.0 592.0 0.01 0.0 16:7:48
929.0 607.0 0.01 0.0 16:8:16
677.0 627.0 0.01 0.0 16:8:48
500.0 651.0 0.01 0.0 16:9:12
694.0 638.0 0.01 0.0 16:9:36
695.0 657.0 0.01 0.0 16:10:6
